sample_id,score,y_member
TCGA-E2-A158-01A-11R-A12D-07,0.8427400588501824,1
TCGA-AO-A1KO-01A-31R-A13Q-07,0.39287789384832933,0
TCGA-AR-A0TX-01A-11R-A084-07,0.7439826817463264,1
TCGA-D8-A1XB-01A-11R-A14D-07,0.5903391101899468,1
TCGA-B6-A0IG-01A-11R-A034-07,0.5474696622054178,0
TCGA-AC-A5EH-01A-11R-A28M-07,0.1240197956295609,0
TCGA-LL-A7SZ-01A-32R-A352-07,0.9311595975787839,1
TCGA-A7-A26J-01A-11R-A169-07,0.713015548336804,1
TCGA-E9-A22H-01A-11R-A157-07,0.17494065506197337,0
TCGA-BH-A208-01A-11R-A157-07,0.6942911155545634,1
TCGA-BH-A6R9-01A-21R-A32P-07,0.13390137130808413,0
TCGA-OL-A5S0-01A-11R-A28M-07,0.7281023134551633,1
TCGA-A1-A0SD-01A-11R-A115-07,0.5945147020965448,1
TCGA-AO-A0JB-01A-11R-A32Y-07,0.9433749339913358,1
TCGA-E2-A1BD-01A-11R-A12P-07,0.29261142999763706,0
TCGA-AN-A0AS-01A-11R-A00Z-07,0.8281510210746941,1
TCGA-A7-A13G-01A-11R-A13Q-07,0.9505006234636131,1
TCGA-B6-A0RS-01A-11R-A084-07,0.7722291265208782,1
TCGA-A2-A4S0-01A-21R-A266-07,0.6913701359548377,1
TCGA-BH-A1F5-01A-12R-A13Q-07,0.7468652417170788,0
TCGA-A2-A0CX-01A-21R-A00Z-07,0.6469906310139631,1
TCGA-A7-A13D-01A-13R-A12P-07,0.7125173104889385,1
TCGA-AN-A03Y-01A-21R-A00Z-07,0.6960715103397817,1
TCGA-E9-A1ND-01A-11R-A144-07,0.7598525660793326,1
TCGA-EW-A1P5-01A-11R-A144-07,0.4022220423923717,0
TCGA-EW-A423-01A-11R-A24H-07,0.7625197036120615,1
TCGA-A7-A5ZV-01A-11R-A28M-07,0.7350609796878323,1
TCGA-C8-A8HP-01A-11R-A36F-07,0.6883630883136833,1
TCGA-AQ-A54O-01A-11R-A266-07,0.3293471342368333,0
TCGA-E9-A5FK-01A-11R-A27Q-07,0.779382378347709,1
TCGA-D8-A142-01A-11R-A115-07,0.2502545116130461,0
TCGA-BH-A0BC-01A-22R-A084-07,0.44794947209209596,0
TCGA-A2-A0EY-01A-11R-A034-07,0.792808314371917,1
TCGA-D8-A1J8-01A-11R-A13Q-07,0.7631235478865113,1
TCGA-A8-A06Y-01A-21R-A00Z-07,0.771968928917282,1
TCGA-EW-A1J1-01A-11R-A13Q-07,0.8329211749065071,1
TCGA-BH-A0C0-01A-21R-A056-07,0.8568558898859032,1
TCGA-AC-A2FK-01A-12R-A180-07,0.8349000621307503,1
TCGA-A2-A3XV-01A-21R-A239-07,0.9554535461911878,1
TCGA-BH-A0HB-01A-11R-A056-07,0.9199368228629928,1
TCGA-AN-A0XL-01A-11R-A10J-07,0.6141874903709393,1
TCGA-E2-A10B-01A-11R-A10J-07,0.7665453158538411,1
TCGA-A2-A04X-01A-21R-A034-07,0.8014692425072736,1
TCGA-AR-A1AN-01A-11R-A12P-07,0.715307167758677,1
TCGA-A2-A0EM-01A-11R-A034-07,0.764328326912632,1
TCGA-B6-A0WS-01A-11R-A115-07,0.6507256765155586,1
TCGA-D8-A1XD-01A-11R-A14D-07,0.8028649254940685,1
TCGA-A8-A091-01A-11R-A00Z-07,0.3919538756328076,0
TCGA-E9-A2JS-01A-11R-A180-07,0.7306391939218704,1
TCGA-A2-A1G1-01A-21R-A13Q-07,0.606906164686651,1
TCGA-E9-A22B-01A-11R-A157-07,0.755382152188528,1
TCGA-D8-A27G-01A-11R-A16F-07,0.6224369873428977,1
TCGA-A7-A13E-01A-11R-A12P-07,0.2024775316847302,0
TCGA-BH-A0AY-01A-21R-A00Z-07,0.7313712488992594,1
TCGA-E2-A1L7-01A-11R-A144-07,0.8882580375028756,1
TCGA-AN-A046-01A-21R-A034-07,0.7319879134167513,1
TCGA-AN-A0AL-01A-11R-A00Z-07,0.7399214744432814,1
TCGA-D8-A27K-01A-11R-A16F-07,0.4285918096128771,1
TCGA-BH-A0DO-01B-11R-A12D-07,0.4146273921931046,1
TCGA-A7-A4SB-01A-21R-A266-07,0.7295364696719973,1
TCGA-EW-A6SB-01A-12R-A32P-07,0.7580432747484482,1
TCGA-D8-A1JM-01A-11R-A13Q-07,0.8419535684851888,1
TCGA-OL-A66J-01A-11R-A29R-07,0.2718008531601524,0
TCGA-D8-A13Y-01A-11R-A115-07,0.8233586231565596,1
TCGA-AR-A24N-01A-11R-A169-07,0.5690926396837911,1
TCGA-BH-A0B1-01A-12R-A056-07,0.4557121449025296,0
TCGA-B6-A0RN-01A-12R-A084-07,0.5927585246172605,1
TCGA-A2-A0T1-01A-21R-A084-07,0.5279968396050271,1
TCGA-AN-A0AM-01A-11R-A034-07,0.22540368079073012,0
TCGA-E2-A1LA-01A-11R-A144-07,0.6684098579044728,1
TCGA-JL-A3YW-01A-12R-A239-07,0.8429640983483643,1
TCGA-BH-A0H3-01A-11R-A12P-07,0.4402770568222443,0
TCGA-E2-A1IF-01A-11R-A144-07,0.49341735892259875,0
TCGA-C8-A26X-01A-31R-A16F-07,0.05775545561248783,0
TCGA-A8-A09B-01A-11R-A00Z-07,0.577520206747355,1
TCGA-A7-A26G-01A-21R-A169-07,0.8482101385435434,1
TCGA-AC-A2FE-01A-11R-A19W-07,0.2546715684579815,0
TCGA-A8-A08G-01A-11R-A00Z-07,0.6604005921880287,1
TCGA-AN-A0FJ-01A-11R-A00Z-07,0.6698244380033624,1
TCGA-B6-A0RV-01A-11R-A084-07,0.6367146299072025,1
TCGA-B6-A0WV-01A-11R-A109-07,0.7204556894193475,1
TCGA-A8-A07P-01A-11R-A00Z-07,0.5415707589214985,0
TCGA-A8-A08H-01A-21R-A00Z-07,0.05700813946503187,0
TCGA-AR-A0TW-01A-11R-A084-07,0.8233719958134286,1
TCGA-E2-A15F-01A-11R-A115-07,0.8436298769311765,1
TCGA-B6-A0WX-01A-11R-A109-07,0.7170786476316355,1
TCGA-D8-A1Y1-01A-21R-A14M-07,0.812895623021103,1
TCGA-E2-A14Z-01A-11R-A115-07,0.8675564293700072,1
TCGA-A2-A25A-01A-12R-A16F-07,0.5392974346826508,1
TCGA-A2-A0CT-01A-31R-A056-07,0.875872222119444,1
TCGA-HN-A2OB-01A-21R-A27Q-07,0.5510712866667983,1
TCGA-B6-A0RT-01A-21R-A084-07,0.7724826689221874,1
TCGA-AR-A24T-01A-11R-A169-07,0.42299113283910844,0
TCGA-E9-A1R0-01A-22R-A16F-07,0.6598495247600701,1
TCGA-E9-A5FL-01A-11R-A27Q-07,0.9192572224061445,1
TCGA-E2-A3DX-01A-21R-A213-07,0.5318176983355083,1
TCGA-E2-A14T-01A-11R-A115-07,0.7176141620955356,1
TCGA-A2-A4RY-01A-31R-A266-07,0.6392519653334803,1
TCGA-AR-A2LK-01A-11R-A180-07,0.4998896449609228,1
TCGA-BH-A42U-01A-12R-A24H-07,0.7881135785354928,1
TCGA-AO-A12C-01A-11R-A10J-07,0.6418834614261038,1
TCGA-A2-A3XY-01A-11R-A239-07,0.6201923901012321,1
TCGA-D8-A73X-01A-11R-A32P-07,0.2400812421151614,0
TCGA-AR-A2LO-01A-31R-A18M-07,0.5948274089835238,1
TCGA-AO-A0JJ-01A-11R-A056-07,0.7009066857365998,1
TCGA-LD-A74U-01A-13R-A33J-07,0.41009568036915073,1
TCGA-AN-A0XN-01A-21R-A109-07,0.5721168452670685,0
TCGA-E2-A107-01A-11R-A10J-07,0.859455024037147,1
TCGA-A7-A6VV-01A-22R-A33J-07,0.7381528605529887,1
TCGA-AC-A5XS-01A-11R-A29R-07,0.4229736206255786,0
TCGA-BH-A0H6-01A-21R-A056-07,0.3187652462585515,0
TCGA-AC-A23C-01A-12R-A169-07,0.7794908326254582,1
TCGA-E9-A1NH-01A-11R-A14D-07,0.18697660171259747,0
TCGA-D8-A1XW-01A-11R-A14M-07,0.9514393523583206,1
TCGA-AO-A0JG-01A-31R-A084-07,0.6971947159862326,1
TCGA-BH-A18N-01A-11R-A12D-07,0.7022492538379814,1
TCGA-A1-A0SO-01A-22R-A084-07,0.8217807384484873,1
TCGA-BH-A0B5-01A-11R-A12P-07,0.5729169873907757,1
TCGA-A8-A09T-01A-11R-A00Z-07,0.7835876033084591,1
TCGA-BH-A0BR-01A-21R-A115-07,0.8204707401114738,1
TCGA-D8-A27W-01A-11R-A16F-07,0.5621839164105802,1
TCGA-BH-A0BW-01A-11R-A115-07,0.7869721742153382,1
TCGA-GM-A2DB-01A-31R-A18M-07,0.8226103816284408,1
TCGA-AC-A2QH-01A-11R-A18M-07,0.7429411374600691,1
TCGA-D8-A1JB-01A-11R-A13Q-07,0.6715145456035028,1
TCGA-BH-A1ES-01A-11R-A137-07,0.8717041648331149,1
TCGA-OL-A97C-01A-32R-A41B-07,0.5290516445855187,1
TCGA-A2-A0YF-01A-21R-A109-07,0.5228693310259176,0
TCGA-D8-A1XS-01A-11R-A14M-07,0.7213086019790029,1
TCGA-D8-A140-01A-11R-A115-07,0.8048863376392206,1
TCGA-A8-A09Q-01A-11R-A00Z-07,0.8930436182742171,1
TCGA-B6-A0I1-01A-11R-A21T-07,0.8887177315339273,1
TCGA-AO-A0JE-01A-11R-A056-07,0.5983397504180371,1
TCGA-A2-A1FW-01A-11R-A13Q-07,0.7014753226868788,1
TCGA-D8-A1XY-01A-11R-A14M-07,0.6677255692475341,1
TCGA-A2-A04R-01A-41R-A109-07,0.7095387674202455,1
TCGA-A2-A1FX-01A-11R-A13Q-07,0.6681802785186695,1
TCGA-A8-A07W-01A-11R-A00Z-07,0.2676395122969456,0
TCGA-D8-A1XK-01A-21R-A14M-07,0.8344037947493873,1
TCGA-D8-A3Z5-01A-41R-A24H-07,0.30176696767568784,0
TCGA-LL-A5YM-01A-11R-A28M-07,0.7920264012679451,1
TCGA-B6-A0IJ-01A-11R-A034-07,0.6455252590278829,1
TCGA-A8-A06N-01A-11R-A00Z-07,0.8573469345198174,1
TCGA-GM-A2DM-01A-11R-A180-07,0.7451643953101996,1
TCGA-E2-A15D-01A-11R-A115-07,0.5642482827757657,1
TCGA-B6-A1KI-01A-11R-A14M-07,0.6365478045493862,1
TCGA-D8-A1JS-01A-11R-A13Q-07,0.829959299629803,1
TCGA-PE-A5DD-01A-12R-A27Q-07,0.6944141723004635,1
TCGA-BH-A0BG-01A-11R-A115-07,0.7362328804635159,1
TCGA-LL-A6FQ-01A-11R-A31O-07,0.910568641987466,1
TCGA-E2-A1IN-01A-11R-A13Q-07,0.46577997029705076,0
TCGA-A8-A06T-01A-11R-A00Z-07,0.7991311506272768,1
TCGA-B6-A402-01A-11R-A239-07,0.797428248723868,1
TCGA-E2-A9RU-01A-11R-A41B-07,0.31695655604401946,0
TCGA-A2-A3XW-01A-11R-A239-07,0.9448680950754333,1
TCGA-B6-A0RU-01A-11R-A084-07,0.7633310572064177,1
TCGA-A8-A086-01A-11R-A00Z-07,0.8247339830357033,1
TCGA-B6-A40C-01A-11R-A239-07,0.6686080365586478,1
TCGA-D8-A1JF-01A-11R-A13Q-07,0.16596080837458624,0
TCGA-A2-A0T6-01A-11R-A084-07,0.509185275839918,1
TCGA-BH-A1FG-01A-11R-A13Q-07,0.7705944094152747,1
TCGA-GM-A3NY-01A-11R-A21T-07,0.7794020454343369,1
TCGA-AN-A0AK-01A-21R-A00Z-07,0.8518280570544866,1
TCGA-BH-A1FC-01A-11R-A13Q-07,0.6865167664354485,1
TCGA-E9-A227-01A-11R-A157-07,0.5711329030106165,1
TCGA-BH-A18P-01A-11R-A12D-07,0.7725506826656536,1
TCGA-E2-A15R-01A-11R-A115-07,0.9202686914438338,1
TCGA-BH-A0WA-01A-11R-A109-07,0.7771960170276786,1
TCGA-BH-A42T-01A-11R-A24H-07,0.7874134673013129,1
TCGA-AC-A23H-01A-11R-A157-07,0.6665141689654868,1
TCGA-OL-A66I-01A-21R-A29R-07,0.20023421263518365,0
TCGA-S3-AA17-01A-11R-A41B-07,0.8853235728379363,1
TCGA-AR-A1AL-01A-21R-A12P-07,0.6666756764959677,1
TCGA-AC-A2B8-01A-11R-A17B-07,0.737458875551011,1
TCGA-D8-A1XO-01A-11R-A14M-07,0.4841903556913612,0
TCGA-C8-A26Y-01A-11R-A16F-07,0.22326356119185264,0
TCGA-BH-A0DG-01A-21R-A12P-07,0.5716147533230354,1
TCGA-E9-A243-01A-21R-A169-07,0.9487716257700194,1
TCGA-A2-A04W-01A-31R-A115-07,0.8610938364092745,1
TCGA-A8-A09G-01A-21R-A00Z-07,0.6582068065884916,1
TCGA-BH-A0DI-01A-21R-A12P-07,0.30360147777370017,0
TCGA-E2-A152-01A-11R-A12D-07,0.23554649629179336,0
TCGA-AQ-A7U7-01A-22R-A352-07,0.3298861814425359,0
TCGA-BH-A0BZ-01A-31R-A12P-07,0.5917965262950877,1
TCGA-EW-A1OV-01A-11R-A144-07,0.6587855318834952,1
TCGA-A8-A0A7-01A-11R-A00Z-07,0.8847932241193672,1
TCGA-BH-A1EN-01A-11R-A13Q-07,0.7419313654732682,1
TCGA-E2-A1IE-01A-11R-A13Q-07,0.7784946860768788,1
TCGA-BH-A0HW-01A-11R-A034-07,0.24601696380829607,0
TCGA-BH-A0BJ-01A-11R-A056-07,0.38279150921186894,0
TCGA-AO-A03N-01B-11R-A10J-07,0.8399118564245349,1
TCGA-EW-A1P3-01A-11R-A144-07,0.7822891937816087,1
TCGA-B6-A0I2-01A-11R-A034-07,0.675696707870159,1
TCGA-EW-A1PD-01A-11R-A144-07,0.8014545764414635,1
TCGA-B6-A0IH-01A-11R-A115-07,0.5490749808814546,1
TCGA-E2-A15M-01A-11R-A12D-07,0.8265065148967384,1
TCGA-BH-A0H9-01A-11R-A056-07,0.7496056992403138,1
TCGA-BH-A0HL-01A-11R-A10U-07,0.8688868215591037,1
TCGA-A8-A07G-01A-11R-A034-07,0.7101359746328852,1
TCGA-E2-A1IL-01A-11R-A14D-07,0.6286969155296688,1
TCGA-AR-A0U4-01A-11R-A109-07,0.6737791427419076,1
TCGA-D8-A147-01A-11R-A115-07,0.487879850218276,0
TCGA-BH-A0HY-01A-11R-A056-07,0.3012731841185763,0
TCGA-D8-A1XT-01A-11R-A14M-07,0.7288286635666188,1
TCGA-E2-A14W-01A-11R-A12D-07,0.7372150889536315,1
TCGA-E9-A1RB-01A-11R-A157-07,0.7446648495604996,1
TCGA-LL-A5YL-01A-12R-A29R-07,0.8169632101614832,1
TCGA-WT-AB41-01A-11R-A41B-07,0.8867992030534915,1
TCGA-A8-A09Z-01A-11R-A00Z-07,0.9030417732598989,1
TCGA-AN-A0FX-01A-11R-A034-07,0.725562624902981,1
TCGA-B6-A409-01A-11R-A24H-07,0.4184588072931943,0
TCGA-EW-A1PG-01A-11R-A144-07,0.7787411947343306,1
TCGA-OL-A6VR-01A-32R-A33J-07,0.5784843622394353,1
TCGA-BH-A1FN-01A-11R-A13Q-07,0.5984315096610113,1
TCGA-AR-A2LR-01A-12R-A18M-07,0.7065595460261009,1
TCGA-A7-A5ZX-01A-12R-A29R-07,0.43419362568495024,1
TCGA-LL-A73Y-01A-11R-A33J-07,0.8348231777858142,1
TCGA-A2-A25D-01A-12R-A16F-07,0.7667970054809287,1
TCGA-BH-A0C7-01B-11R-A115-07,0.6540884054395095,1
TCGA-E2-A570-01A-11R-A29R-07,0.6785822144834385,1
TCGA-BH-A1FL-01A-11R-A13Q-07,0.7339600064944892,1
TCGA-A1-A0SG-01A-11R-A144-07,0.6936135801101231,1
TCGA-A8-A07U-01A-11R-A034-07,0.8329059451600208,1
TCGA-E2-A15L-01A-11R-A12D-07,0.35573212991815106,0
TCGA-E9-A1R4-01A-21R-A14D-07,0.7925995078228172,1
TCGA-AR-A0TS-01A-11R-A115-07,0.15711260217106188,0
TCGA-E2-A10F-01A-11R-A10J-07,0.6094228323384636,1
TCGA-AO-A128-01A-11R-A10J-07,0.36253154064530263,0
TCGA-AR-A0U3-01A-11R-A109-07,0.8936237673969386,1
TCGA-BH-A0DL-01A-11R-A115-07,0.8090934828231572,1
TCGA-A7-A0D9-01A-31R-A056-07,0.622224993308736,0
TCGA-AN-A0FD-01A-11R-A034-07,0.7276872575993787,1
TCGA-A2-A0YK-01A-22R-A109-07,0.6618671239473877,1
TCGA-BH-A1FH-01A-12R-A13Q-07,0.5963466428834172,1
TCGA-C8-A12T-01A-11R-A115-07,0.8290840402841205,1
TCGA-B6-A2IU-01A-32R-A18M-07,0.7115176840722987,1
TCGA-4H-AAAK-01A-12R-A41B-07,0.4194746808726042,1
TCGA-E2-A1IU-01A-11R-A14D-07,0.6830183375229899,1
TCGA-3C-AALK-01A-11R-A41B-07,0.7626968958396669,1
TCGA-D8-A27M-01A-11R-A16F-07,0.26044767242248396,0
TCGA-E2-A56Z-01A-12R-A29R-07,0.7381580667299036,1
TCGA-AO-A1KQ-01A-11R-A13Q-07,0.5840057582656615,1
TCGA-AR-A2LE-01A-11R-A180-07,0.7549879407843809,1
TCGA-E2-A1BC-01A-11R-A12P-07,0.33534807003408584,0
TCGA-BH-A0E6-01A-11R-A034-07,0.5847250131080555,1
TCGA-AO-A0J2-01A-11R-A034-07,0.7503911672847025,1
TCGA-A7-A6VX-01A-12R-A33J-07,0.6931319654461648,1
TCGA-E2-A1LI-01A-12R-A157-07,0.776689548335797,1
TCGA-AR-A1AT-01A-11R-A12P-07,0.8272730001101037,1
TCGA-A7-A426-01A-22R-A24H-07,0.2593066831708977,0
TCGA-A2-A25C-01A-11R-A169-07,0.31129122913240037,0
TCGA-B6-A0RL-01A-11R-A084-07,0.45030259012992213,0
TCGA-OK-A5Q2-01A-11R-A27Q-07,0.26718930261107865,0
TCGA-E9-A244-01A-11R-A169-07,0.6813125733392094,1
TCGA-E9-A1R6-01A-11R-A14D-07,0.7922410326206372,1
TCGA-BH-A8G0-01A-11R-A352-07,0.43165765857800825,1
TCGA-EW-A1IZ-01A-11R-A13Q-07,0.7653054215495485,1
TCGA-AO-A0J5-01A-11R-A034-07,0.7107633544354289,1
TCGA-E2-A1AZ-01A-11R-A12P-07,0.7782481214533892,1
TCGA-B6-A0RE-01A-11R-A056-07,0.6478630578933086,1
TCGA-A7-A4SE-01A-11R-A266-07,0.6686516128900463,1
TCGA-LL-A740-01A-21R-A32P-07,0.8549881587724326,1
TCGA-A8-A07R-01A-21R-A034-07,0.7744722434447748,1
TCGA-S3-AA10-01A-21R-A41B-07,0.6309221073877546,1
TCGA-A7-A4SF-01A-11R-A266-07,0.9279958075644563,1
TCGA-A7-A0CG-01A-12R-A056-07,0.6210871935636184,1
TCGA-E2-A1LS-01A-12R-A157-07,0.3151905930874616,0
TCGA-AR-A24P-01A-11R-A169-07,0.6266306111792536,1
TCGA-E9-A54Y-01A-11R-A466-07,0.22442711004099408,0
TCGA-AO-A0JA-01A-11R-A056-07,0.4681486034554348,0
TCGA-A8-A08A-01A-11R-A32Y-07,0.7040018566353006,1
TCGA-AR-A24V-01A-21R-A169-07,0.6377406578830644,1
TCGA-A2-A0CO-01A-13R-A22K-07,0.683477397748993,1
TCGA-E2-A15I-01A-21R-A137-07,0.709634148964867,1
TCGA-A2-A0SU-01A-11R-A084-07,0.7226949679408319,1
TCGA-AC-A3OD-01A-11R-A21T-07,0.9634283603492667,1
TCGA-AC-A3YJ-01A-11R-A22U-07,0.7515822545507577,1
TCGA-AR-A0TZ-01A-12R-A084-07,0.9433091496392894,1
TCGA-A2-A0D3-01A-11R-A115-07,0.7407206187102078,1
TCGA-BH-A18L-01A-32R-A12D-07,0.15091718070150079,0
TCGA-EW-A2FW-01A-11R-A17B-07,0.15589817914780477,0
TCGA-A2-A0YL-01A-21R-A109-07,0.6777390679433473,1
TCGA-E9-A54X-01A-11R-A266-07,0.491415774223354,0
TCGA-BH-A18F-01A-11R-A12D-07,0.64475031670873,1
TCGA-W8-A86G-01A-21R-A36F-07,0.24463756571359963,0
TCGA-A8-A08T-01A-21R-A00Z-07,0.7742929081530996,1
TCGA-BH-A1EX-01A-11R-A13Q-07,0.725514773889548,1
TCGA-A8-A08O-01A-21R-A056-07,0.7567581309918567,1
TCGA-AC-A6IX-01A-12R-A32P-07,0.4874085300235422,1
TCGA-C8-A27B-01A-11R-A169-07,0.6999673959893649,1
TCGA-PL-A8LZ-01A-31R-A36F-07,0.22191690311297144,0
TCGA-AR-A1AQ-01A-11R-A12P-07,0.7164623907220026,1
TCGA-BH-A1FU-01A-11R-A14D-07,0.9060706763252663,1
TCGA-A2-A0SY-01A-31R-A084-07,0.2982754191742579,0
TCGA-BH-A1EW-01A-11R-A137-07,0.5236858415644616,0
TCGA-GM-A3NW-01A-21R-A22K-07,0.5680128882382559,1
TCGA-BH-A0W4-01A-11R-A109-07,0.5689903569043178,1
TCGA-AR-A1AS-01A-11R-A12P-07,0.734855685894813,1
TCGA-EW-A1J6-01A-11R-A13Q-07,0.6521552335946336,1
TCGA-AC-A6NO-01A-12R-A33J-07,0.669508596286115,1
TCGA-A7-A0CE-01A-11R-A00Z-07,0.7166423024917897,1
TCGA-BH-A6R8-01A-21R-A33J-07,0.780901450210879,1
TCGA-EW-A1OY-01A-11R-A144-07,0.22088711776193293,0
TCGA-BH-A0BS-01A-11R-A12P-07,0.8427555616090889,1
TCGA-A7-A6VY-01A-12R-A33J-07,0.6881472141401322,1
TCGA-A2-A0CK-01A-11R-A22K-07,0.6600220190096333,1
TCGA-AO-A12H-01A-11R-A115-07,0.7152192569018602,1
TCGA-C8-A12L-01A-11R-A115-07,0.7239321750389497,1
TCGA-A1-A0SQ-01A-21R-A144-07,0.6530912365881998,1
TCGA-A7-A56D-01A-11R-A27Q-07,0.9494487008282136,1
TCGA-A8-A09I-01A-22R-A034-07,0.7061403440289168,1
TCGA-BH-A0DH-01A-11R-A084-07,0.7224335301705721,1
TCGA-B6-A0X0-01A-21R-A115-07,0.7938093303604,1
TCGA-S3-AA12-01A-11R-A41B-07,0.6782410315557293,1
TCGA-E2-A159-01A-11R-A115-07,0.7914068014304436,1
TCGA-D8-A27V-01A-12R-A17B-07,0.694286548142955,1
TCGA-D8-A1JT-01A-31R-A13Q-07,0.7621972847382003,1
TCGA-C8-A138-01A-11R-A115-07,0.860878561352916,1
TCGA-AO-A0J6-01A-11R-A034-07,0.7089347580514845,1
TCGA-AR-A24R-01A-11R-A169-07,0.12675661941082245,0
TCGA-AR-A0TY-01A-12R-A115-07,0.7909758232477682,1
TCGA-E9-A1QZ-01A-21R-A169-07,0.5071592088012367,0
TCGA-AR-A24W-01A-11R-A169-07,0.783063055168272,1
TCGA-LL-A5YP-01A-21R-A28M-07,0.7798162435378826,1
TCGA-B6-A0WY-01A-11R-A109-07,0.435610662461092,0
TCGA-GM-A2DC-01A-11R-A18M-07,0.8505368262418553,1
TCGA-A2-A4S2-01A-12R-A266-07,0.2905105349078112,0
TCGA-A8-A09X-01A-11R-A00Z-07,0.6539943399701317,1
TCGA-OL-A5RV-01A-12R-A28M-07,0.5363504639413491,1
TCGA-E2-A14P-01A-31R-A12D-07,0.6137045643924574,1
TCGA-C8-A8HQ-01A-11R-A36F-07,0.5969027733795347,1
TCGA-AR-A0TP-01A-11R-A084-07,0.21364383569490838,0
TCGA-A8-A09A-01A-11R-A00Z-07,0.775773767045832,1
TCGA-A8-A08L-01A-11R-A00Z-07,0.7136804369600616,1
TCGA-A8-A08F-01A-11R-A00Z-07,0.3155518182140293,0
TCGA-GI-A2C9-01A-11R-A21T-07,0.16647290558666195,0
TCGA-A2-A0SW-01A-11R-A084-07,0.24712448244527774,0
TCGA-LD-A7W5-01A-22R-A352-07,0.6625551357303411,1
TCGA-D8-A27R-01A-11R-A16F-07,0.6671140707983118,1
TCGA-AO-A0JM-01A-21R-A056-07,0.263809847347517,0
TCGA-GM-A2D9-01A-11R-A18M-07,0.7354941280947781,1
TCGA-D8-A1XU-01A-11R-A14M-07,0.6921722152879571,1
TCGA-AO-A1KT-01A-11R-A13Q-07,0.8266223877832278,1
TCGA-C8-A12P-01A-11R-A115-07,0.08303271722078982,0
TCGA-LL-A6FR-01A-12R-A31O-07,0.874341716621188,1
TCGA-AR-A1AJ-01A-21R-A12P-07,0.6980465334956251,1
TCGA-A8-A09D-01A-11R-A00Z-07,0.5582534407982315,1
TCGA-S3-A6ZF-01A-32R-A32P-07,0.787015681804965,1
TCGA-E2-A150-01A-11R-A12D-07,0.7757550555006516,1
TCGA-BH-A18U-01A-21R-A12D-07,0.7122701518681578,1
TCGA-BH-A0GY-01A-11R-A056-07,0.8861103085003496,1
TCGA-AQ-A54N-01A-11R-A266-07,0.19846338714086637,0
TCGA-C8-A273-01A-11R-A16F-07,0.8513309411209865,1
TCGA-S3-AA14-01A-11R-A41B-07,0.40462094578713365,0
TCGA-A7-A2KD-01A-31R-A21T-07,0.25939810317484113,0
TCGA-C8-A131-01A-11R-A115-07,0.40989398232510704,0
TCGA-E2-A576-01A-11R-A31O-07,0.6966034773417041,0
TCGA-A2-A0T4-01A-31R-A084-07,0.7501300502100401,1
TCGA-A2-A04V-01A-21R-A034-07,0.6914835017181872,1
TCGA-AR-A0U0-01A-11R-A109-07,0.8667350027161791,1
TCGA-BH-A0BO-01A-23R-A12D-07,0.7589080084690436,1
TCGA-A2-A3KC-01A-11R-A213-07,0.47916182743327224,1
TCGA-BH-A18T-01A-11R-A12D-07,0.6433975813013023,1
TCGA-EW-A1J2-01A-21R-A13Q-07,0.4741715045148846,1
TCGA-A8-A084-01A-21R-A00Z-07,0.8305372243567304,1
TCGA-A8-A08X-01A-21R-A00Z-07,0.7584368916079623,1
TCGA-GM-A2DH-01A-11R-A180-07,0.7380030329698664,1
TCGA-D8-A27L-01A-11R-A16F-07,0.5590373607686565,1
TCGA-A7-A3IZ-01A-11R-A213-07,0.5131269455308649,0
TCGA-AN-A04D-01A-21R-A034-07,0.24468388833147778,0
TCGA-5L-AAT0-01A-12R-A41B-07,0.5133917252942144,1
TCGA-AR-A1AU-01A-11R-A12P-07,0.7019622617595438,1
TCGA-AC-A6IV-01A-12R-A33J-07,0.21344767020117714,0
TCGA-E2-A15C-01A-31R-A12D-07,0.7978808106077185,1
TCGA-AO-A1KP-01A-11R-A13Q-07,0.8895462799555879,1
TCGA-E2-A15G-01A-11R-A12D-07,0.4321183407776894,0
TCGA-A2-A3KD-01A-12R-A213-07,0.600346724653387,1
TCGA-D8-A1X5-01A-11R-A14D-07,0.5499584524018768,1
TCGA-AQ-A04L-01B-21R-A10J-07,0.6625415856555328,0
TCGA-A8-A096-01A-11R-A00Z-07,0.8110848300972099,1
TCGA-A2-A0YH-01A-11R-A109-07,0.38506443895915077,1
TCGA-AN-A0FW-01A-11R-A034-07,0.8295486122239326,1
TCGA-D8-A27H-01A-11R-A16F-07,0.8002441946951562,1
TCGA-OL-A6VQ-01A-12R-A41B-07,0.21209112519165163,0
TCGA-A7-A4SA-01A-11R-A266-07,0.8645894726338739,1
TCGA-C8-A274-01A-11R-A16F-07,0.7509611659749692,1
TCGA-E2-A15J-01A-11R-A12P-07,0.7814449422590198,1
TCGA-BH-A0B3-01A-11R-A056-07,0.7252891958863326,1
TCGA-E2-A153-01A-12R-A12D-07,0.2461736646003785,0
TCGA-WT-AB44-01A-11R-A41B-07,0.8589699410476629,1
TCGA-B6-A0RQ-01A-11R-A115-07,0.6229410681402574,1
TCGA-A2-A0YM-01A-11R-A109-07,0.6057151145841908,1
TCGA-C8-A1HI-01A-11R-A137-07,0.8012290920050512,1
TCGA-AC-A3TM-01A-11R-A22K-07,0.7113761086237125,0
TCGA-A7-A0CD-01A-11R-A00Z-07,0.7426415577093494,1
TCGA-D8-A145-01A-11R-A115-07,0.37727273913656323,0
TCGA-BH-A0EB-01A-11R-A034-07,0.6267221502736815,1
TCGA-AR-A0TV-01A-21R-A084-07,0.36552288579124553,0
TCGA-E2-A15P-01A-11R-A115-07,0.37539591910346076,0
TCGA-A2-A04T-01A-21R-A034-07,0.6759125764800551,1
TCGA-E9-A2JT-01A-22R-A18M-07,0.5361781551446774,0
TCGA-OL-A5RW-01A-11R-A28M-07,0.740089510478915,1
TCGA-PL-A8LV-01A-21R-A41B-07,0.18037329857196094,0
TCGA-BH-A18M-01A-11R-A12D-07,0.6177760709833016,1
TCGA-D8-A27N-01A-11R-A16F-07,0.6947726608895257,1
TCGA-C8-A3M8-01A-11R-A213-07,0.24735620388469381,0
TCGA-B6-A0WW-01A-11R-A109-07,0.17770925194135695,0
TCGA-E9-A3X8-01A-31R-A22U-07,0.8503879704082942,1
TCGA-C8-A133-01A-32R-A12D-07,0.8526445966377172,1
TCGA-D8-A1X6-01A-11R-A14M-07,0.7548478148268458,1
TCGA-A2-A04P-01A-31R-A034-07,0.7770427624211238,1
TCGA-E9-A1N3-01A-12R-A157-07,0.8097748194453334,1
TCGA-AN-A0XP-01A-11R-A109-07,0.3227693219421219,0
TCGA-E2-A1LK-01A-21R-A14D-07,0.8433253487720211,1
TCGA-C8-A132-01A-31R-A115-07,0.646432107572914,1
TCGA-PE-A5DE-01A-11R-A27Q-07,0.6981992442766004,1
TCGA-EW-A6SC-01A-12R-A32P-07,0.7461671809512291,1
TCGA-BH-A0EI-01A-11R-A115-07,0.7201588877096663,1
TCGA-A8-A08I-01A-11R-A00Z-07,0.697954686448739,1
TCGA-AO-A124-01A-11R-A10J-07,0.7990315828908386,1
TCGA-AN-A0XR-01A-11R-A109-07,0.7519162943270311,1
TCGA-BH-A204-01A-11R-A157-07,0.7530534623167316,1
TCGA-AN-A0FF-01A-11R-A034-07,0.16608923961923197,0
TCGA-A2-A0T3-01A-21R-A115-07,0.6122174757335092,1
TCGA-B6-A0RI-01A-11R-A056-07,0.691842531478476,1
TCGA-AO-A03R-01A-21R-A034-07,0.9635611327284676,1
TCGA-E9-A1RA-01A-11R-A14D-07,0.6006749265300867,1
TCGA-AN-A0XV-01A-11R-A109-07,0.6331290766802865,1
TCGA-E9-A1RI-01A-11R-A169-07,0.6570691110857868,1
TCGA-A8-A07J-01A-11R-A00Z-07,0.4754206368591444,1
TCGA-AC-A6IW-01A-12R-A33J-07,0.7178687764242263,1
TCGA-3C-AALJ-01A-31R-A41B-07,0.8559970345179885,1
TCGA-AN-A0XS-01A-22R-A109-07,0.5863663268381043,1
TCGA-E9-A226-01A-21R-A157-07,0.13582193022566844,0
TCGA-C8-A12K-01A-21R-A115-07,0.8171435733983582,1
TCGA-BH-A202-01A-11R-A14M-07,0.7976210826558002,1
TCGA-OL-A66H-01A-11R-A29R-07,0.6765455782414044,1
TCGA-E9-A1N9-01A-11R-A14D-07,0.8934120648544873,1
TCGA-A2-A0T2-01A-11R-A084-07,0.825693847962984,1
TCGA-BH-A18H-01A-11R-A12D-07,0.686302105886235,1
TCGA-UU-A93S-01A-21R-A41B-07,0.8982463482343438,1
TCGA-B6-A0RO-01A-22R-A084-07,0.8920255910745877,1
TCGA-E2-A10E-01A-21R-A10J-07,0.6924049325649783,1
TCGA-A7-A4SC-01A-12R-A266-07,0.2779739635762158,0
TCGA-B6-A0WZ-01A-11R-A109-07,0.7441979816002183,1
TCGA-A7-A6VW-01A-21R-A33J-07,0.807532118037576,1
TCGA-E2-A1B5-01A-21R-A12P-07,0.7004738891578858,1
TCGA-A8-A092-01A-11R-A00Z-07,0.2757697809628963,0
TCGA-C8-A1HK-01A-21R-A13Q-07,0.8618824048221739,1
TCGA-BH-A0W3-01A-11R-A109-07,0.6959909993109454,1
TCGA-A7-A0CH-01A-21R-A00Z-07,0.6069085083016857,1
TCGA-AR-A1AX-01A-11R-A12P-07,0.6626416885320181,1
TCGA-EW-A1P0-01A-11R-A144-07,0.6667150839413141,1
TCGA-E9-A1NI-01A-11R-A14D-07,0.13135540934007,0
TCGA-AO-A12E-01A-11R-A10J-07,0.7143746740589886,1
TCGA-D8-A1XJ-01A-11R-A14M-07,0.7730400825291713,1
TCGA-B6-A0I6-01A-11R-A034-07,0.7836331204931704,1
TCGA-E9-A1RH-01A-21R-A169-07,0.7453526794379614,1
TCGA-BH-A18Q-01A-12R-A12D-07,0.6411510529836567,1
TCGA-AO-A0JI-01A-21R-A056-07,0.7654476192123298,1
TCGA-A2-A0CL-01A-11R-A115-07,0.9392344995392833,1
TCGA-E2-A155-01A-11R-A12D-07,0.6866312871711789,1
TCGA-B6-A0I8-01A-11R-A034-07,0.8383254566990842,1
TCGA-E2-A14X-01A-11R-A115-07,0.8162554938574542,1
TCGA-AC-A3YI-01A-21R-A239-07,0.665657376212426,1
TCGA-AR-A1AI-01A-11R-A12P-07,0.6798479834490299,1
TCGA-D8-A1JK-01A-11R-A13Q-07,0.7850961495030416,1
TCGA-BH-A0C3-01A-21R-A12P-07,0.7382300050139917,1
TCGA-A8-A09C-01A-11R-A00Z-07,0.2662419674450142,0
TCGA-LL-A50Y-01A-11R-A266-07,0.8572622647110266,1
TCGA-BH-A0B0-01A-21R-A115-07,0.632630913794264,1
TCGA-OL-A66L-01A-12R-A31O-07,0.8608497613968122,1
TCGA-BH-A0AW-01A-11R-A056-07,0.7724406142152171,1
TCGA-D8-A1X8-01A-11R-A14M-07,0.6398789192331288,1
TCGA-D8-A1JE-01A-11R-A13Q-07,0.21873543963355924,0
TCGA-BH-A1EO-01A-11R-A137-07,0.7404124488017072,1
TCGA-BH-A0HU-01A-11R-A034-07,0.8143465681421749,1
TCGA-BH-A0H7-01A-13R-A056-07,0.8123547737292292,1
TCGA-E9-A22D-01A-11R-A157-07,0.8362074398140976,1
TCGA-3C-AAAU-01A-11R-A41B-07,0.7413958817444406,1
TCGA-BH-A1FJ-01A-11R-A13Q-07,0.681572191145088,1
TCGA-A8-A06P-01A-11R-A00Z-07,0.5195093252634257,1
TCGA-A2-A25B-01A-11R-A169-07,0.7770821261213746,1
TCGA-AC-A2BM-01A-11R-A21T-07,0.7281481682843922,1
TCGA-E9-A6HE-01A-11R-A31O-07,0.7768406868389748,1
TCGA-AO-A03O-01A-11R-A00Z-07,0.7293558143911631,1
TCGA-A2-A0EU-01A-22R-A056-07,0.8434735956422291,1
TCGA-A8-A06O-01A-11R-A00Z-07,0.5503864120784637,1
TCGA-BH-A0BT-01A-11R-A12P-07,0.8424689709592179,1
TCGA-A2-A0YT-01A-11R-A109-07,0.7167003917133908,1
TCGA-E2-A14R-01A-11R-A115-07,0.7800037738828416,1
TCGA-B6-A0IC-01A-11R-A034-07,0.6629989771693878,1
TCGA-AC-A5XU-01A-11R-A28M-07,0.7786267653501678,1
TCGA-AR-A250-01A-31R-A169-07,0.7560959686531472,1
TCGA-D8-A1XZ-01A-11R-A14M-07,0.4309162419383419,0
TCGA-B6-A0I9-01A-11R-A034-07,0.9500309709088082,1
TCGA-B6-A0IA-01A-11R-A034-07,0.9151729848723386,1
TCGA-E2-A14N-01A-31R-A137-07,0.7049946740665519,1
TCGA-PL-A8LY-01A-11R-A41B-07,0.8343076579089319,1
TCGA-LL-A441-01A-11R-A24H-07,0.946604055055606,1
TCGA-A8-A08S-01A-11R-A034-07,0.6364794563655071,1
TCGA-A8-A09V-01A-11R-A034-07,0.7501849316454176,1
TCGA-BH-A209-01A-11R-A157-07,0.7867422810888263,1
TCGA-GM-A5PX-01A-12R-A28M-07,0.7338919741493023,1
TCGA-A8-A085-01A-11R-A00Z-07,0.6288104353826989,1
TCGA-A2-A25E-01A-11R-A169-07,0.6697161508336777,1
TCGA-D8-A1JG-01B-11R-A13Q-07,0.18564930513970915,0
TCGA-AC-A2FO-01A-11R-A180-07,0.5886739264376695,1
TCGA-B6-A3ZX-01A-11R-A239-07,0.7756705609828775,1
TCGA-AN-A0FT-01A-11R-A034-07,0.7518400131216196,1
TCGA-AQ-A04H-01B-11R-A10J-07,0.6867552760443446,1
TCGA-AR-A1AR-01A-31R-A137-07,0.7860655548107044,1
TCGA-A2-A0CS-01A-11R-A115-07,0.6335940847743442,1
TCGA-A2-A1FZ-01A-51R-A14D-07,0.5854675368624095,1
TCGA-AC-A8OQ-01A-11R-A41B-07,0.7994073850226374,1
TCGA-AR-A0TR-01A-11R-A084-07,0.7861935808580998,1
TCGA-C8-A12M-01A-11R-A115-07,0.7613097823173698,1
TCGA-A1-A0SM-01A-11R-A084-07,0.8604749685857576,1
TCGA-BH-A1ET-01A-11R-A137-07,0.7868923124619,1
TCGA-A8-A0A1-01A-11R-A00Z-07,0.36274847965984797,0
TCGA-C8-A1HG-01A-11R-A137-07,0.7328850732100918,1
TCGA-E9-A1NF-01A-11R-A14D-07,0.9334031903200439,1
TCGA-A2-A0D4-01A-11R-A00Z-07,0.6970052689273918,1
TCGA-BH-A2L8-01A-11R-A18M-07,0.3285007704175181,0
TCGA-A8-A093-01A-11R-A00Z-07,0.7247016704370667,1
TCGA-D8-A1Y3-01A-11R-A157-07,0.7786614057490193,1
TCGA-AR-A1AY-01A-21R-A12P-07,0.1375950431808695,0
TCGA-AO-A12F-01A-11R-A115-07,0.6841372761959007,1
TCGA-AN-A0FL-01A-11R-A034-07,0.9270855553082078,1
TCGA-AR-A0TQ-01A-11R-A084-07,0.7606235683364179,1
TCGA-A2-A0CP-01A-11R-A034-07,0.4412655264008806,1
TCGA-AO-A129-01A-21R-A10J-07,0.24158082483274257,0
TCGA-D8-A1JH-01A-11R-A13Q-07,0.4912163402974441,1
TCGA-BH-A18K-01A-11R-A12D-07,0.6497429922814276,1
TCGA-B6-A0IM-01A-11R-A034-07,0.3659544411544169,0
TCGA-AO-A0J4-01A-11R-A034-07,0.6471020577777808,1
TCGA-AR-A1AW-01A-21R-A12P-07,0.9277177165010326,1
TCGA-AC-A62Y-01A-11R-A29R-07,0.7376565015202597,1
TCGA-A1-A0SH-01A-11R-A084-07,0.7225632874216177,1
TCGA-A8-A08C-01A-11R-A00Z-07,0.7521532653310502,1
TCGA-A2-A3XU-01A-12R-A22U-07,0.7989290876589195,1
TCGA-E2-A1LB-01A-11R-A144-07,0.10623520929592899,0
TCGA-D8-A1JJ-01A-31R-A14M-07,0.7843391679917265,1
TCGA-AN-A049-01A-21R-A00Z-07,0.7285771220825489,1
TCGA-A1-A0SN-01A-11R-A144-07,0.8258239382231592,1
TCGA-EW-A1IW-01A-11R-A13Q-07,0.7183515100915991,1
TCGA-LQ-A4E4-01A-11R-A266-07,0.8196407775168514,1
TCGA-E9-A5UP-01A-11R-A28M-07,0.9201774382602864,1
TCGA-EW-A1IY-01A-11R-A13Q-07,0.8430187231336513,1
TCGA-AN-A0XW-01A-11R-A109-07,0.6918999812317479,1
TCGA-AR-A24S-01A-11R-A169-07,0.8323332782706799,1
TCGA-AR-A2LM-01A-11R-A180-07,0.5467881258612435,1
TCGA-E9-A1NE-01A-21R-A14M-07,0.46961996488492164,0
TCGA-LL-A9Q3-01A-11R-A41B-07,0.9080259783190907,1
TCGA-AC-A8OP-01A-11R-A36F-07,0.5922138003067174,1
TCGA-E2-A572-01A-13R-A31O-07,0.9411177887502323,1
TCGA-B6-A0IP-01A-11R-A034-07,0.5844074695434449,1
TCGA-C8-A135-01A-11R-A115-07,0.7020227632732972,1
TCGA-D8-A1XL-01A-11R-A14M-07,0.7788013651272144,1
TCGA-EW-A1PC-01B-11R-A21T-07,0.7418754034948781,1
TCGA-AO-A03M-01B-11R-A10J-07,0.7918788876165294,1
TCGA-AN-A0FN-01A-11R-A034-07,0.22359784483065712,0
TCGA-A7-A4SD-01A-11R-A266-07,0.806480944839806,1
TCGA-BH-A0HN-01A-11R-A10U-07,0.8516609694233165,1
TCGA-S3-A6ZH-01A-22R-A32P-07,0.8511713235947859,1
TCGA-AC-A3QP-01A-11R-A22U-07,0.7128790119678495,1
TCGA-5L-AAT1-01A-12R-A41B-07,0.4533117603361552,0
TCGA-AN-A0FY-01A-11R-A034-07,0.7885447677449704,1
TCGA-BH-A0BA-01A-11R-A056-07,0.7507204375903986,1
TCGA-A2-A0CU-01A-12R-A034-07,0.6900990227471113,1
TCGA-D8-A143-01A-11R-A115-07,0.7155725801874337,1
TCGA-BH-A0DE-01A-11R-A115-07,0.3746759499339417,0
TCGA-A2-A0EO-01A-11R-A034-07,0.5458730079101461,1
TCGA-AO-A0JF-01A-11R-A056-07,0.3985371863975264,1
TCGA-A8-A09E-01A-11R-A00Z-07,0.7734543466708694,1
TCGA-BH-A0AZ-01A-21R-A12P-07,0.6676979637421219,1
TCGA-GM-A2DN-01A-11R-A180-07,0.5894585590926138,1
TCGA-E2-A15T-01A-11R-A115-07,0.7288785908296538,1
TCGA-BH-A1F6-01A-11R-A13Q-07,0.7545792856219355,1
TCGA-BH-A0DX-01A-11R-A115-07,0.6063532329606031,1
TCGA-EW-A3U0-01A-11R-A22K-07,0.812425301900006,1
TCGA-BH-A0DV-01A-21R-A12P-07,0.5680951360317407,1
TCGA-AC-A3TN-01A-11R-A22K-07,0.8398272947811402,1
TCGA-A1-A0SK-01A-12R-A084-07,0.8891032371240094,1
TCGA-B6-A0X5-01A-21R-A109-07,0.7802407672104777,1
TCGA-A2-A0YC-01A-11R-A109-07,0.6574029873073235,1
TCGA-A2-A0CZ-01A-11R-A034-07,0.4816012702731167,1
TCGA-C8-A27A-01A-11R-A169-07,0.7529831403942513,1
TCGA-AR-A1AP-01A-11R-A12P-07,0.8172508716513127,1
TCGA-BH-A0B4-01A-11R-A00Z-07,0.8470526555149436,1
TCGA-BH-A0BV-01A-11R-A00Z-07,0.6441763640017072,1
TCGA-AN-A0XO-01A-11R-A109-07,0.8086217684490656,1
TCGA-AC-A2QJ-01A-12R-A19W-07,0.6866296762509188,0
TCGA-GM-A2DD-01A-11R-A180-07,0.9325837765184996,1
TCGA-AR-A1AV-01A-21R-A12P-07,0.3733928302930639,0
TCGA-D8-A1XF-01A-11R-A14D-07,0.8286280587967225,1
TCGA-LL-A6FP-01A-11R-A31O-07,0.6185794714016613,0
TCGA-D8-A1XA-01A-11R-A14D-07,0.7814988691931206,1
TCGA-C8-A26V-01A-11R-A16F-07,0.8348016371294046,1
TCGA-PE-A5DC-01A-12R-A27Q-07,0.7584270888036556,1
TCGA-E2-A1LH-01A-11R-A14D-07,0.3155575982232553,0
TCGA-BH-A0B9-01A-11R-A056-07,0.08929965289970102,0
TCGA-E9-A1N8-01A-11R-A144-07,0.8519697786677258,1
TCGA-AC-A62V-01A-11R-A31O-07,0.28204087277171747,0
TCGA-EW-A1PH-01A-11R-A14M-07,0.5653716505142683,1
TCGA-AR-A5QP-01A-11R-A28M-07,0.3832635127323484,0
TCGA-BH-A5J0-01A-11R-A27Q-07,0.8896111469590758,1
TCGA-A1-A0SB-01A-11R-A144-07,0.7631707570539441,1
TCGA-B6-A0IK-01A-12R-A056-07,0.6110486953108769,1
TCGA-A8-A06Q-01A-11R-A034-07,0.728897063658632,1
TCGA-AR-A2LH-01A-31R-A18M-07,0.25963315892158134,0
TCGA-AR-A24Z-01A-11R-A169-07,0.7991355819319917,1
TCGA-Z7-A8R5-01A-42R-A41B-07,0.8027513314176995,1
TCGA-A8-A0A9-01A-11R-A00Z-07,0.7298774037404147,1
TCGA-D8-A1JA-01A-11R-A13Q-07,0.7442748574972367,1
TCGA-AN-A0FK-01A-11R-A034-07,0.7464238937449937,1
TCGA-GM-A2DL-01A-11R-A18M-07,0.6820156450519083,1
TCGA-EW-A1P6-01A-11R-A144-07,0.7000683176206817,1
TCGA-BH-A0EA-01A-11R-A115-07,0.31244103664672435,0
TCGA-BH-A8FY-01A-11R-A36F-07,0.8349675636408752,1
TCGA-E2-A1L9-01A-11R-A13Q-07,0.33590561610782316,0
TCGA-E9-A1R2-01A-11R-A14D-07,0.8362589111121146,1
TCGA-AC-A2FM-01A-11R-A19W-07,0.7782685814333543,1
TCGA-E2-A108-01A-13R-A10J-07,0.6072326471724294,1
TCGA-OL-A66O-01A-11R-A31O-07,0.9291641601650225,1
TCGA-C8-A275-01A-21R-A16F-07,0.7593885887161099,1
TCGA-B6-A0IO-01A-11R-A034-07,0.7298196630683234,1
TCGA-BH-A0HO-01A-11R-A034-07,0.7990621847025382,1
TCGA-EW-A1P8-01A-11R-A144-07,0.1622987380926739,0
TCGA-A2-A0D0-01A-11R-A00Z-07,0.21430439805153548,0
TCGA-A2-A0SX-01A-12R-A084-07,0.8152852843526041,1
TCGA-D8-A27I-01A-11R-A16F-07,0.6387907609451897,1
TCGA-EW-A2FS-01A-11R-A17B-07,0.7875009459633278,1
TCGA-Z7-A8R6-01A-11R-A41B-07,0.7066787412638794,1
TCGA-E2-A15O-01A-11R-A115-07,0.5485213774939415,0
TCGA-V7-A7HQ-01A-11R-A33J-07,0.7066299986729982,0
TCGA-C8-A12W-01A-11R-A115-07,0.9078965400231661,1
TCGA-A7-A3IY-01A-21R-A21T-07,0.7265436395544901,1
TCGA-A8-A08B-01A-11R-A00Z-07,0.5929156251138765,1
TCGA-5T-A9QA-01A-11R-A41B-07,0.8550418896846064,1
TCGA-E2-A106-01A-11R-A10J-07,0.8366895118391185,1
TCGA-E2-A1B6-01A-31R-A12P-07,0.5102005757204817,1
TCGA-AC-A2FF-01A-11R-A17B-07,0.568481563425527,1
TCGA-EW-A1PA-01A-11R-A144-07,0.816652473172229,1
TCGA-D8-A27T-01A-11R-A16F-07,0.49091194002015354,1
TCGA-LD-A66U-01A-11R-A31O-07,0.7558665958363237,1
TCGA-A8-A07Z-01A-11R-A00Z-07,0.8114341739938705,1
TCGA-AR-A1AO-01A-11R-A12P-07,0.1587952410437654,0
TCGA-E2-A573-01A-11R-A29R-07,0.5235147897058344,1
TCGA-AC-A2FB-01A-11R-A17B-07,0.590756110649349,1
TCGA-AN-A0G0-01A-11R-A034-07,0.19684730639400572,0
TCGA-BH-A0H5-01A-21R-A115-07,0.43568516077037117,1
TCGA-A8-A07S-01A-11R-A034-07,0.09079685975076032,0
TCGA-E9-A3QA-01A-61R-A22K-07,0.7913638633631402,1
TCGA-A1-A0SI-01A-11R-A144-07,0.8003112555051837,1
TCGA-A8-A09W-01A-11R-A00Z-07,0.810482000841471,1
TCGA-BH-A1F0-01A-11R-A137-07,0.7131427719818771,1
TCGA-A2-A0D2-01A-21R-A034-07,0.6683063938622978,1
TCGA-OL-A5D8-01A-11R-A27Q-07,0.7471255118140666,1
TCGA-BH-A18G-01A-11R-A12D-07,0.812784245638689,1
TCGA-A2-A0YI-01A-31R-A10J-07,0.7393145796679593,1
TCGA-A8-A0A4-01A-11R-A00Z-07,0.6442061978837851,1
TCGA-A7-A425-01A-11R-A24H-07,0.6979381874113969,1
TCGA-E9-A22A-01A-11R-A157-07,0.8550043449625413,1
TCGA-A8-A08J-01A-11R-A00Z-07,0.8380732898028965,1
TCGA-A2-A3Y0-01A-11R-A239-07,0.8274414336469562,1
TCGA-AC-A2BK-01A-11R-A21T-07,0.7221695377880889,1
TCGA-B6-A0IN-01A-11R-A034-07,0.8089133626326397,1
TCGA-D8-A1JD-01A-11R-A13Q-07,0.6693017039410889,1
TCGA-GM-A2DK-01A-21R-A180-07,0.6347319167068497,1
TCGA-OL-A5RX-01A-11R-A28M-07,0.17638880934870807,0
TCGA-A8-A08Z-01A-21R-A00Z-07,0.6980845259989098,1
TCGA-A2-A0YD-01A-11R-A109-07,0.48483566273801104,1
TCGA-A7-A3J1-01A-11R-A213-07,0.19307081314575644,0
TCGA-BH-A1FD-01A-11R-A13Q-07,0.7560002177174068,1
TCGA-A2-A0D1-01A-11R-A034-07,0.897466843783593,1
TCGA-BH-A0BL-01A-11R-A115-07,0.7965003954193889,1
TCGA-E2-A1IH-01A-11R-A13Q-07,0.7247866409382715,1
TCGA-AR-A0TU-01A-31R-A109-07,0.7125607120032574,1
TCGA-AC-A2FG-01A-11R-A17B-07,0.5838680015869432,1
TCGA-GM-A4E0-01A-12R-A266-07,0.6981091280215711,1
TCGA-AC-A3W7-01A-11R-A22K-07,0.6149656362594239,1
TCGA-A8-A083-01A-21R-A00Z-07,0.6343255448539609,1
TCGA-A2-A0EN-01A-13R-A084-07,0.6646742631307544,1
TCGA-D8-A1Y0-01A-11R-A14M-07,0.7953662147590402,1
TCGA-AR-A1AK-01A-21R-A12P-07,0.5802044093415379,1
TCGA-AC-A7VC-01A-11R-A352-07,0.8035032254849837,1
TCGA-A7-A0CJ-01A-21R-A00Z-07,0.8305951003869101,1
TCGA-AO-A03U-01B-21R-A10J-07,0.6284029893623989,1
TCGA-E2-A2P5-01A-11R-A19W-07,0.8490679064373527,1
TCGA-E2-A15S-01A-11R-A115-07,0.7734701911681243,1
TCGA-A1-A0SJ-01A-11R-A084-07,0.822276812804727,1
TCGA-A2-A04N-01A-11R-A115-07,0.5693582689809524,1
TCGA-B6-A401-01A-11R-A239-07,0.8211378380136712,1
TCGA-D8-A1JU-01A-11R-A13Q-07,0.3175225765092115,0
TCGA-B6-A40B-01A-11R-A239-07,0.8744752297103885,1
TCGA-LD-A9QF-01A-32R-A41B-07,0.5502113974954272,1
TCGA-AO-A03T-01A-21R-A034-07,0.9491656933733489,1
TCGA-E9-A3Q9-01A-11R-A21T-07,0.5798896925586801,1
TCGA-D8-A1JP-01A-11R-A13Q-07,0.5355015969833635,0
TCGA-BH-A18I-01A-11R-A12D-07,0.6772896231558415,1
TCGA-BH-A28Q-01A-11R-A16F-07,0.5627948864951957,1
TCGA-EW-A1OW-01A-21R-A144-07,0.5746910240553386,1
TCGA-BH-A18R-01A-11R-A12D-07,0.9129632850009286,1
TCGA-AO-A0J8-01A-21R-A034-07,0.6347072029274602,1
TCGA-AC-A3BB-01A-21R-A19W-07,0.5612324429530363,1
TCGA-E9-A247-01A-11R-A169-07,0.8568103517578077,1
TCGA-D8-A73U-01A-11R-A33J-07,0.5310258446958961,1
TCGA-BH-A18V-01A-11R-A12D-07,0.6257348591315659,1
TCGA-BH-A0C1-01B-11R-A12D-07,0.7931395872432548,1
TCGA-AC-A3W6-01A-12R-A22K-07,0.3102714194714767,0
TCGA-BH-A1FR-01A-11R-A13Q-07,0.6959954801683134,1
TCGA-A2-A1G0-01A-11R-A13Q-07,0.6281633393775341,1
TCGA-BH-A0DQ-01A-11R-A084-07,0.6206513536387586,1
TCGA-A2-A0ER-01A-21R-A034-07,0.4420142817115902,0
TCGA-D8-A27P-01A-11R-A16F-07,0.5383215806787098,1
TCGA-B6-A1KN-01A-11R-A13Q-07,0.7454533809104962,1
TCGA-E9-A228-01A-31R-A157-07,0.7851327966232712,1
TCGA-BH-A0B2-01A-11R-A10J-07,0.7039047513598211,1
TCGA-B6-A0X4-01A-11R-A109-07,0.7460331837360417,1
TCGA-BH-A1EY-01A-11R-A13Q-07,0.809404970785831,1
TCGA-BH-A0HX-01A-21R-A056-07,0.7120355172121842,1
TCGA-A8-A094-01A-11R-A00Z-07,0.7011202588774059,1
TCGA-AO-A1KR-01A-12R-A144-07,0.8321481925912619,1
TCGA-A2-A0CV-01A-31R-A115-07,0.63209290993195,1
TCGA-A8-A076-01A-21R-A00Z-07,0.7318362353894261,1
TCGA-E9-A1RE-01A-11R-A157-07,0.7707114885195877,1
TCGA-S3-A6ZG-01A-22R-A32P-07,0.694293783942992,1
TCGA-A8-A06Z-01A-11R-A00Z-07,0.6774330536945717,1
TCGA-BH-A8FZ-01A-11R-A352-07,0.2559730459958837,0
TCGA-LL-A440-01A-11R-A24H-07,0.5248678148439887,1
TCGA-E9-A249-01A-11R-A169-07,0.7182554847373406,1
TCGA-PL-A8LX-01A-11R-A41B-07,0.5042668961193127,0
TCGA-E2-A1L8-01A-11R-A13Q-07,0.7343975614093677,1
TCGA-EW-A6SD-01A-12R-A33J-07,0.621875600772502,1
TCGA-AO-A0JL-01A-11R-A056-07,0.18307453395002343,0
TCGA-MS-A51U-01A-31R-A266-07,0.21728120146577845,0
TCGA-BH-A0E7-01A-11R-A034-07,0.7024605436853691,1
TCGA-E9-A22G-01A-11R-A157-07,0.45691640999427285,1
TCGA-A8-A08R-01A-11R-A034-07,0.7264086283846003,1
TCGA-A2-A4S1-01A-21R-A266-07,0.9148044106898622,1
TCGA-E2-A1II-01A-11R-A144-07,0.5907826416161842,1
TCGA-A7-A3J0-01A-11R-A213-07,0.7422221583460512,1
TCGA-BH-A0B8-01A-21R-A056-07,0.7763859593528775,1
TCGA-AR-A24L-01A-11R-A169-07,0.82704458597672,1
TCGA-EW-A1J3-01A-11R-A13Q-07,0.5871196797289386,0
TCGA-AR-A5QM-01A-11R-A27Q-07,0.6164582257880242,1
TCGA-AO-A1KS-01A-11R-A13Q-07,0.7664269040272829,1
TCGA-D8-A1JI-01A-11R-A13Q-07,0.6542601194433164,1
TCGA-A8-A09N-01A-11R-A00Z-07,0.21549916627995933,0
TCGA-BH-A203-01A-12R-A169-07,0.09678020096634256,0
TCGA-AR-A2LQ-01A-22R-A18M-07,0.028586742118165587,0
TCGA-AR-A251-01A-12R-A169-07,0.36787220115755576,0
TCGA-BH-A18J-01A-11R-A12D-07,0.7394306162521213,1
TCGA-D8-A1XM-01A-21R-A14M-07,0.6251645544117407,1
TCGA-BH-A0HA-01A-11R-A12P-07,0.7749619591904562,1
TCGA-AR-A0U2-01A-11R-A109-07,0.718191960933103,1
TCGA-E2-A1B1-01A-21R-A12P-07,0.7694233178221593,1
TCGA-AC-A62X-01A-11R-A29R-07,0.6591394901759636,1
TCGA-A7-A5ZW-01A-12R-A29R-07,0.6327609140663734,1
TCGA-BH-A28O-01A-11R-A22K-07,0.408823620877988,1
TCGA-D8-A1XQ-01A-11R-A14M-07,0.7501454935756644,1
TCGA-E9-A248-01A-11R-A169-07,0.46743862349585547,0
TCGA-A8-A07E-01A-11R-A034-07,0.8032174777997588,1
TCGA-AC-A23E-01A-11R-A157-07,0.41510557960171146,0
TCGA-E9-A1N4-01A-11R-A14M-07,0.7206865997581829,1
TCGA-E2-A15H-01A-11R-A12D-07,0.8448964689401435,1
TCGA-E2-A1IJ-01A-11R-A144-07,0.21621123894711075,0
TCGA-D8-A1XR-01A-11R-A14M-07,0.7586213006528632,1
TCGA-A8-A075-01A-11R-A084-07,0.5487584628162644,1
TCGA-A8-A06U-01A-11R-A00Z-07,0.8493198294159243,1
TCGA-B6-A0X7-01A-11R-A10J-07,0.4761476900520919,1
TCGA-AQ-A04J-01A-02R-A034-07,0.25374132927641296,0
TCGA-A2-A0CQ-01A-21R-A034-07,0.6999359351861427,1
TCGA-A8-A07F-01A-11R-A00Z-07,0.36017914460972694,0
TCGA-A8-A082-01A-11R-A00Z-07,0.8350925493411,1
TCGA-AN-A0XT-01A-11R-A109-07,0.474640403849819,0
TCGA-AR-A24X-01A-11R-A169-07,0.7071608552650395,1
TCGA-A2-A04Y-01A-21R-A034-07,0.755028846682684,1
TCGA-A2-A1G4-01A-11R-A13Q-07,0.8115488624481315,1
TCGA-B6-A0IE-01A-11R-A034-07,0.9122359244113886,1
TCGA-A8-A079-01A-21R-A00Z-07,0.7381854873640079,1
TCGA-E2-A15E-01A-11R-A12D-07,0.6117510274046057,1
TCGA-E9-A1R3-01A-31R-A14M-07,0.5473792075691578,1
TCGA-AR-A0TT-01A-31R-A084-07,0.8566273331142151,1
TCGA-S3-AA0Z-01A-11R-A41B-07,0.40513829791149475,0
TCGA-BH-A0E1-01A-11R-A056-07,0.7377280142319645,1
TCGA-AC-A23G-01A-11R-A213-07,0.5790662898870937,1
TCGA-GM-A3XG-01A-31R-A24H-07,0.42303077031820413,0
TCGA-AR-A1AM-01A-41R-A22K-07,0.5831545444001488,1
TCGA-E9-A1N5-01A-11R-A14D-07,0.5372662735888788,1
TCGA-A2-A3XX-01A-21R-A239-07,0.48400895661353155,0
TCGA-BH-A0BQ-01A-21R-A115-07,0.6064898082357558,1
TCGA-EW-A1P7-01A-21R-A144-07,0.5182891629992689,1
TCGA-BH-A5IZ-01A-11R-A27Q-07,0.5433714821051306,1
TCGA-D8-A1X7-01A-11R-A14M-07,0.5614377002576025,1
TCGA-BH-A0DP-01A-21R-A056-07,0.5966274616015584,1
TCGA-AC-A7VB-01A-11R-A352-07,0.8149389825814894,1
TCGA-A2-A0ST-01A-12R-A084-07,0.6646822511653707,1
TCGA-A2-A0ES-01A-11R-A115-07,0.3218063638998513,0
TCGA-BH-A0DT-01A-21R-A12D-07,0.36872496371730484,1
TCGA-AN-A0AR-01A-11R-A00Z-07,0.35884034967869205,0
TCGA-A2-A0YJ-01A-11R-A109-07,0.8244924278088364,1
TCGA-D8-A4Z1-01A-21R-A266-07,0.5712793450402979,1
TCGA-AO-A0JC-01A-11R-A056-07,0.8745458919319832,1
TCGA-A2-A04Q-01A-21R-A034-07,0.6445717459804141,1
TCGA-GM-A2DF-01A-11R-A180-07,0.5879509460684249,1
TCGA-GM-A2DI-01A-31R-A18M-07,0.590907983424165,1
TCGA-LL-A5YO-01A-21R-A28M-07,0.5176949493352478,1
TCGA-EW-A3E8-01B-11R-A24H-07,0.544882462788685,1
TCGA-BH-A0E9-01B-11R-A115-07,0.3080017500362566,0
TCGA-AR-A1AH-01A-11R-A12D-07,0.5000735700267152,1
TCGA-E2-A10A-01A-21R-A115-07,0.8182020212406363,1
TCGA-C8-A1HF-01A-11R-A137-07,0.7021410667599175,1
TCGA-A7-A13H-01A-11R-A22K-07,0.21613169825322764,0
TCGA-A7-A13F-01A-11R-A12P-07,0.7395648857068226,1
TCGA-D8-A1XV-01A-11R-A14M-07,0.809758378133215,1
TCGA-E2-A574-01A-11R-A29R-07,0.6952276561886809,1
TCGA-GM-A5PV-01A-11R-A28M-07,0.49503054491967324,1
TCGA-EW-A1PB-01A-11R-A144-07,0.7837135429644282,1
TCGA-E2-A1IO-01A-11R-A144-07,0.6416842975263156,1
TCGA-B6-A0RH-01A-21R-A115-07,0.743514779286287,1
TCGA-BH-A0B7-01A-12R-A115-07,0.21220428105440164,0
TCGA-C8-A137-01A-11R-A115-07,0.7752264035748406,1
TCGA-LL-A8F5-01A-11R-A36F-07,0.7443930346216446,1
TCGA-AQ-A0Y5-01A-11R-A14M-07,0.5868454377446243,0
TCGA-D8-A13Z-01A-11R-A115-07,0.8143386282640289,1
TCGA-A2-A4RX-01A-11R-A266-07,0.9002659520476614,1
TCGA-AR-A24U-01A-11R-A169-07,0.9201843514908479,1
TCGA-E2-A105-01A-11R-A10J-07,0.8828785939231486,1
TCGA-C8-A1HN-01A-11R-A137-07,0.6136082247490513,1
TCGA-BH-A18S-01A-11R-A12D-07,0.7751143874718446,1
TCGA-E2-A14Q-01A-11R-A12D-07,0.2501868389441435,0
TCGA-A7-A0DA-01A-31R-A115-07,0.842975632103893,1
TCGA-EW-A1P4-01A-21R-A144-07,0.7677440844880479,1
TCGA-A8-A081-01A-11R-A00Z-07,0.7490023338673214,1
TCGA-BH-A0E0-01A-11R-A056-07,0.8191825572147453,1
TCGA-OL-A66N-01A-12R-A31O-07,0.7959164714706035,1
TCGA-E2-A2P6-01A-11R-A19W-07,0.70202069557841,1
TCGA-BH-A0DK-01A-21R-A056-07,0.6987335419018904,1
TCGA-E9-A5UO-01A-11R-A28M-07,0.6971044489528858,1
TCGA-D8-A1JC-01A-11R-A13Q-07,0.20256874099139227,0
TCGA-C8-A134-01A-11R-A115-07,0.5663907761622943,1
TCGA-A2-A3XT-01A-11R-A22U-07,0.8081907590177312,1
TCGA-AR-A256-01A-11R-A169-07,0.1732172717861958,0
TCGA-D8-A1JL-01A-11R-A13Q-07,0.7476734217121866,1
TCGA-E9-A24A-01A-11R-A169-07,0.6051410331420572,1
TCGA-A2-A3XZ-01A-42R-A239-07,0.20042293993016472,0
TCGA-BH-A0BF-01A-21R-A12P-07,0.845922139055229,1
TCGA-D8-A27F-01A-11R-A16F-07,0.4980089991651903,1
TCGA-A2-A0CY-01A-12R-A034-07,0.9443886903008013,1
TCGA-D8-A27E-01A-11R-A16F-07,0.7225347610495687,1
TCGA-A2-A0EP-01A-52R-A22U-07,0.3723275084445753,0
TCGA-GI-A2C8-01A-11R-A16F-07,0.4794990822795079,0
TCGA-A8-A099-01A-11R-A00Z-07,0.8250463419301444,1
TCGA-A2-A04U-01A-11R-A115-07,0.7289334707094457,1
TCGA-BH-A0HP-01A-12R-A084-07,0.6427619366805346,1
TCGA-EW-A2FV-01A-11R-A17B-07,0.8211171087806464,1
TCGA-A2-A0CR-01A-11R-A22K-07,0.8739569955665044,1
TCGA-BH-A0DS-01A-11R-A056-07,0.6438307172845253,1
TCGA-D8-A1XC-01A-11R-A14D-07,0.8408427119136792,1
TCGA-E2-A14O-01A-31R-A115-07,0.69912052087797,1
TCGA-A1-A0SF-01A-11R-A144-07,0.7778915221913143,1
TCGA-A8-A06X-01A-21R-A00Z-07,0.19798332634930088,0
TCGA-BH-A0HI-01A-11R-A084-07,0.2589127566276427,0
TCGA-E2-A14U-01A-11R-A22K-07,0.18316096081479727,0
TCGA-E2-A15A-01A-11R-A12D-07,0.6427435480732852,1
TCGA-A2-A1G6-01A-11R-A13Q-07,0.6987838386444244,1
TCGA-B6-A1KC-01B-11R-A157-07,0.2929276711598347,0
TCGA-OL-A5RZ-01A-11R-A28M-07,0.918277799369762,1
TCGA-A8-A07I-01A-11R-A00Z-07,0.8542428391232958,1
TCGA-A2-A0T0-01A-22R-A084-07,0.7398477663816897,1
TCGA-BH-A42V-01A-11R-A24H-07,0.3554068661188953,1
TCGA-GM-A3XN-01A-12R-A22U-07,0.13310719015583436,0
TCGA-D8-A3Z6-01A-11R-A239-07,0.7353198411328827,1
TCGA-B6-A0IQ-01A-11R-A034-07,0.12849077142332205,0
TCGA-A8-A095-01A-11R-A00Z-07,0.6693503567394242,1
TCGA-AO-A125-01A-11R-A10J-07,0.7998256928083911,1
TCGA-EW-A6SA-01A-21R-A32P-07,0.8517466958640305,1
TCGA-BH-A0DD-01A-31R-A12P-07,0.7614517601243311,1
TCGA-AO-A0J3-01A-11R-A034-07,0.7858157393677083,1
TCGA-A2-A3XS-01A-11R-A22U-07,0.7737539581999997,1
TCGA-AC-A8OR-01A-21R-A41B-07,0.7665069654365357,1
TCGA-BH-A0HK-01A-11R-A056-07,0.6240429947112396,1
TCGA-E2-A1IG-01A-11R-A144-07,0.32648791696610735,0
TCGA-AO-A12B-01A-11R-A10J-07,0.7242658479257491,0
TCGA-EW-A1J5-01A-11R-A13Q-07,0.6126174274666615,1
TCGA-C8-A12Q-01A-11R-A115-07,0.8471442276226384,1
TCGA-A2-A0EQ-01A-11R-A034-07,0.8178992758996989,1
TCGA-GM-A3XL-01A-11R-A22U-07,0.7019903071002562,1
TCGA-BH-A1EU-01A-11R-A137-07,0.650795313687074,1
TCGA-BH-A0RX-01A-21R-A084-07,0.8110283486487933,1
TCGA-E9-A1RF-01A-11R-A157-07,0.7012066251635164,1
TCGA-AC-A2QI-01A-12R-A19W-07,0.53544046329628,1
TCGA-A8-A090-01A-11R-A00Z-07,0.7129785896500612,1
TCGA-AR-A5QQ-01A-11R-A28M-07,0.8281598646065167,1
TCGA-XX-A899-01A-11R-A36F-07,0.4329364002216816,1
TCGA-E2-A156-01A-11R-A12D-07,0.7200379690420757,1
TCGA-AN-A04C-01A-21R-A034-07,0.8903663312446739,1
TCGA-AN-A0AT-01A-11R-A034-07,0.8105032087394858,1
TCGA-UL-AAZ6-01A-11R-A41B-07,0.7494747063866537,0
TCGA-D8-A1X9-01A-12R-A157-07,0.7414037193605855,1
TCGA-E9-A22E-01A-11R-A157-07,0.23332450270368846,0
TCGA-BH-A1FB-01A-11R-A13Q-07,0.2480243226361295,0
TCGA-C8-A8HR-01A-11R-A36F-07,0.14660895923986006,0
TCGA-EW-A2FR-01A-11R-A21T-07,0.18131184230169425,0
TCGA-AN-A0AJ-01A-11R-A00Z-07,0.8663533965208978,1
TCGA-LD-A7W6-01A-81R-A352-07,0.6085857204158255,1
TCGA-BH-A0B6-01A-11R-A19W-07,0.2690713489492645,0
TCGA-AR-A252-01A-11R-A169-07,0.869885648858096,1
TCGA-AR-A254-01A-21R-A169-07,0.8497069496972347,1
TCGA-AO-A03P-01A-11R-A00Z-07,0.7652145598459235,1
TCGA-A8-A07O-01A-11R-A00Z-07,0.6993392811920366,1
TCGA-EW-A1PE-01A-11R-A144-07,0.6484002347273204,1
TCGA-AR-A2LL-01A-11R-A180-07,0.7497134344919413,1
TCGA-A7-A26H-01A-11R-A169-07,0.7354159754103841,1
TCGA-C8-A26Z-01A-11R-A16F-07,0.8557335069349901,1
TCGA-AO-A0J9-01A-11R-A034-07,0.7935511777302865,1
TCGA-EW-A1PF-01A-11R-A144-07,0.5063172581141642,0
TCGA-A2-A25F-01A-11R-A169-07,0.8707676013630246,1
TCGA-D8-A73W-01A-22R-A352-07,0.7388348377989752,1
TCGA-AR-A2LJ-01A-12R-A19W-07,0.7359203780972384,1
TCGA-A8-A07C-01A-11R-A034-07,0.7087982688973045,1
TCGA-E9-A245-01A-22R-A16F-07,0.7588905370692448,1
TCGA-B6-A408-01A-12R-A24H-07,0.8495579068285576,1
TCGA-AR-A255-01A-11R-A169-07,0.7123706144369005,1
TCGA-E2-A1L6-01A-11R-A13Q-07,0.5545559229493638,1
TCGA-E9-A295-01A-11R-A16F-07,0.7831924262324749,1
TCGA-BH-A1FE-01A-11R-A13Q-07,0.7275571839506616,1
TCGA-BH-A1FM-01A-11R-A13Q-07,0.7003826049337053,1
TCGA-OL-A5RU-01A-11R-A28M-07,0.6138369418329885,1
TCGA-C8-A1HO-01A-11R-A13Q-07,0.8186866346297009,1
TCGA-GM-A2DO-01A-11R-A18M-07,0.9179484915967887,1
TCGA-AN-A0FZ-01A-11R-A034-07,0.4952293367029838,0
TCGA-D8-A1JN-01A-11R-A13Q-07,0.6875168916791813,0
TCGA-OL-A6VO-01A-12R-A33J-07,0.6479746874866132,1
TCGA-AN-A0FV-01A-11R-A00Z-07,0.7367414382025367,1
TCGA-D8-A1J9-01A-11R-A13Q-07,0.4302191280888443,0
TCGA-B6-A0IB-01A-11R-A034-07,0.7138221058914564,1
TCGA-A8-A06R-01A-11R-A00Z-07,0.8983037932723453,1
TCGA-AR-A24H-01A-11R-A169-07,0.781532701657852,1
TCGA-E2-A109-01A-11R-A10J-07,0.2532765427134488,0
TCGA-AR-A5QN-01A-12R-A28M-07,0.5974718186495855,1
TCGA-A2-A0EX-01A-21R-A034-07,0.5272993839406088,1
TCGA-C8-A12N-01A-11R-A115-07,0.3312652580793266,0
TCGA-A2-A259-01A-11R-A16F-07,0.77609650474517,1
TCGA-AO-A12A-01A-21R-A115-07,0.6115675759152658,1
TCGA-A7-A3RF-01A-11R-A22K-07,0.44200586601108965,0
TCGA-AN-A0FS-01A-11R-A034-07,0.6327977169960216,1
TCGA-C8-A26W-01A-11R-A16F-07,0.7769262090975128,1
TCGA-E9-A1RC-01A-11R-A157-07,0.8817878357388778,1
TCGA-E2-A1B0-01A-11R-A12P-07,0.8529685989116178,1
TCGA-AO-A126-01A-11R-A10J-07,0.7078841694354443,1
TCGA-AC-A4ZE-01A-11R-A41B-07,0.7692793782894212,1
TCGA-E9-A229-01A-31R-A157-07,0.6171334299862823,1
TCGA-EW-A1P1-01A-31R-A14D-07,0.5684261583354314,1
TCGA-BH-AB28-01A-31R-A41B-07,0.6313915438671428,1
TCGA-A8-A08P-01A-11R-A00Z-07,0.7137902174270514,1
TCGA-EW-A1IX-01A-12R-A144-07,0.6676298736997586,1
TCGA-LL-A73Z-01A-11R-A32P-07,0.6775654885008511,1
TCGA-E9-A1R7-01A-11R-A14M-07,0.8599563738070853,1
TCGA-BH-A1F2-01A-31R-A13Q-07,0.8128909085684827,1
TCGA-A8-A0A6-01A-12R-A056-07,0.6181430773536923,1
TCGA-A1-A0SE-01A-11R-A084-07,0.5648096795924242,1
TCGA-E9-A1NG-01A-21R-A14M-07,0.7007343530217371,1
TCGA-B6-A1KF-01A-11R-A13Q-07,0.8060831609008154,1
TCGA-BH-A0EE-01A-11R-A034-07,0.9080461857024827,1
TCGA-BH-A0BD-01A-11R-A034-07,0.8327843891967401,1
TCGA-OL-A5RY-01A-21R-A28M-07,0.7250951926996759,1
TCGA-E9-A1RD-01A-11R-A157-07,0.6131241608645653,1
TCGA-AR-A24K-01A-11R-A169-07,0.7520313627231552,1
TCGA-BH-A0BP-01A-11R-A115-07,0.510187017332841,0
TCGA-C8-A130-01A-31R-A115-07,0.780155914055142,1
TCGA-B6-A0RG-01A-11R-A056-07,0.8559627933828708,1
TCGA-E9-A1NA-01A-11R-A144-07,0.3179382428573596,0
TCGA-A8-A0A2-01A-11R-A034-07,0.6101718030213986,1
TCGA-E2-A14V-01A-11R-A12D-07,0.7151453924025988,1
TCGA-E2-A1LL-01A-11R-A144-07,0.6854826193196941,1
TCGA-AR-A24M-01A-11R-A169-07,0.7972326506462186,1
TCGA-A8-A0AB-01A-11R-A034-07,0.7748364068955393,1
TCGA-C8-A1HL-01A-11R-A137-07,0.8362751647231643,1
TCGA-OL-A66P-01A-11R-A31O-07,0.7703516408333033,1
TCGA-OL-A66K-01A-11R-A29R-07,0.7331381376032194,1
TCGA-BH-A0HF-01A-11R-A056-07,0.5744046343469255,1
TCGA-AN-A03X-01A-21R-A00Z-07,0.7560977759379551,1
TCGA-A2-A1FV-01A-11R-A13Q-07,0.8921399955726083,1
TCGA-E9-A3HO-01A-11R-A213-07,0.8342165103710454,1
TCGA-A2-A0YE-01A-11R-A109-07,0.8160718609384604,1
TCGA-A1-A0SP-01A-11R-A084-07,0.8030867198360483,1
TCGA-AO-A0J7-01A-11R-A034-07,0.8033834922367152,1
TCGA-C8-A3M7-01A-12R-A21T-07,0.7089832255085406,1
TCGA-A2-A0YG-01A-21R-A109-07,0.7844356072241718,1
TCGA-E2-A14Y-01A-21R-A12D-07,0.3498341020454138,0
TCGA-EW-A424-01A-11R-A24H-07,0.35467873302458386,0
TCGA-D8-A141-01A-11R-A115-07,0.36940905496619775,0
TCGA-C8-A1HJ-01A-11R-A13Q-07,0.2424293863789923,0
TCGA-C8-A12O-01A-11R-A115-07,0.8305743334905646,1
TCGA-LL-A442-01A-11R-A24H-07,0.6910970703305672,1
TCGA-C8-A12Z-01A-11R-A115-07,0.14821947066743332,0
TCGA-EW-A1OX-01A-11R-A144-07,0.6106054430079957,1
TCGA-E9-A1RG-01A-11R-A14D-07,0.59769767709707,1
TCGA-AQ-A1H2-01A-11R-A13Q-07,0.8082922587685315,1
TCGA-AR-A24Q-01A-12R-A169-07,0.8767751576347736,1
TCGA-A8-A09K-01A-11R-A00Z-07,0.8096935304565048,1
TCGA-BH-A0W7-01A-11R-A115-07,0.6399694082307753,1
TCGA-BH-A0H0-01A-11R-A056-07,0.697449262076417,1
TCGA-AO-A0JD-01A-11R-A056-07,0.8154160549988101,1
TCGA-A2-A4RW-01A-21R-A266-07,0.6957770995354913,1
TCGA-C8-A12U-01A-11R-A115-07,0.39906346669859477,0
TCGA-C8-A12V-01A-11R-A115-07,0.25743085793738474,0
TCGA-E9-A1NC-01A-21R-A26B-07,0.7903184667397406,1
TCGA-AO-A12G-01A-11R-A10J-07,0.7643462642711468,1
TCGA-S3-AA11-01A-31R-A41B-07,0.6586379712043311,1
TCGA-BH-A0HQ-01A-11R-A034-07,0.3008362682916271,0
TCGA-AO-A03L-01A-41R-A056-07,0.8439087399276084,1
TCGA-C8-A1HM-01A-12R-A137-07,0.75344347725837,1
TCGA-D8-A146-01A-31R-A115-07,0.5002989294242822,1
TCGA-A2-A0EV-01A-11R-A034-07,0.7524726824614013,1
TCGA-E2-A154-01A-11R-A115-07,0.6828384642640741,1
TCGA-E2-A1LE-01A-12R-A19W-07,0.07143102504487098,0
TCGA-E9-A1R5-01A-11R-A14M-07,0.7398870277965618,1
TCGA-AC-A3EH-01A-22R-A22K-07,0.46342995077368737,0
TCGA-C8-A12Y-01A-11R-A12D-07,0.8205135893032838,1
TCGA-BH-A0E2-01A-11R-A056-07,0.8242015996314984,1
TCGA-D8-A1XG-01A-11R-A14D-07,0.7537294025541889,1
TCGA-OL-A5DA-01A-11R-A27Q-07,0.5486202619541631,0
TCGA-AC-A3HN-01A-11R-A213-07,0.17058765179017749,0
TCGA-B6-A0RP-01A-21R-A084-07,0.5971409424700368,1
TCGA-3C-AALI-01A-11R-A41B-07,0.10076162580541863,0
TCGA-D8-A1Y2-01A-11R-A157-07,0.7864159529164203,1
TCGA-S3-AA15-01A-11R-A41B-07,0.6310379064496696,1
TCGA-BH-A0W5-01A-11R-A109-07,0.30952713050561814,0
TCGA-A8-A097-01A-11R-A034-07,0.8492451187655075,1
TCGA-AO-A12D-01A-11R-A115-07,0.27854502395324865,1
TCGA-AN-A04A-01A-21R-A034-07,0.7738197510716105,1
TCGA-E2-A1B4-01A-11R-A12P-07,0.7301260428748229,1
TCGA-A8-A09R-01A-11R-A00Z-07,0.6257000631441627,1
TCGA-XX-A89A-01A-11R-A36F-07,0.6361760288478902,1
TCGA-AR-A24O-01A-11R-A169-07,0.3599617152279378,0
TCGA-E2-A1LG-01A-21R-A14M-07,0.7568567177444187,1
TCGA-AC-A8OS-01A-12R-A41B-07,0.7166744816146707,1
TCGA-HN-A2NL-01A-11R-A18M-07,0.659714757347506,1
TCGA-E9-A1N6-01A-11R-A144-07,0.5232104260493767,1
TCGA-E2-A10C-01A-21R-A10J-07,0.8764538181711563,1
TCGA-BH-A0AU-01A-11R-A12P-07,0.6798091658401909,1
TCGA-A2-A0EW-01A-21R-A115-07,0.5200432637964979,1
TCGA-A8-A07B-01A-11R-A00Z-07,0.7073631380027703,0
TCGA-E2-A15K-01A-11R-A12P-07,0.16375964423317876,0
TCGA-EW-A6S9-01A-22R-A33J-07,0.7861880347729235,1
TCGA-AC-A3W5-01A-11R-A22K-07,0.5495238307429108,1
TCGA-BH-A0AV-01A-31R-A115-07,0.8798975232967257,1
TCGA-A2-A0T7-01A-21R-A084-07,0.8385758871760924,1
TCGA-AO-A03V-01A-11R-A115-07,0.8533678239318438,1
TCGA-BH-A0DZ-01A-11R-A00Z-07,0.9008310849358152,1
TCGA-AN-A041-01A-11R-A034-07,0.8393435008476267,1
TCGA-B6-A0I5-01A-11R-A034-07,0.8517121783549669,1
TCGA-BH-A0BM-01A-11R-A056-07,0.7336335182117605,1
TCGA-BH-A0GZ-01A-11R-A056-07,0.5838422170004529,1
TCGA-LL-A5YN-01A-11R-A28M-07,0.8348024368783689,1
TCGA-B6-A0RM-01A-11R-A084-07,0.7113359475885744,1
TCGA-A2-A4S3-01A-21R-A266-07,0.7920608592937411,1
TCGA-BH-A201-01A-11R-A14M-07,0.6502069750002408,1
TCGA-A2-A0SV-01A-11R-A084-07,0.6724134393326633,1
TCGA-A8-A07L-01A-11R-A00Z-07,0.36096790764735603,0
TCGA-AR-A2LN-01A-21R-A18M-07,0.5536068203780704,1
TCGA-C8-A278-01A-11R-A169-07,0.6832014663609599,1
TCGA-A2-A0CM-01A-31R-A034-07,0.20450916242403905,0
TCGA-C8-A1HE-01A-11R-A13Q-07,0.49864809950701294,1
TCGA-LL-A7T0-01A-31R-A352-07,0.7103964431673517,1
TCGA-B6-A0WT-01A-11R-A109-07,0.7134719764676641,1
TCGA-OL-A5D6-01A-21R-A27Q-07,0.9145961999119254,1
TCGA-E2-A14S-01A-11R-A12D-07,0.6878055590969536,1
TCGA-AQ-A1H3-01A-31R-A13Q-07,0.6543976119816016,1
TCGA-BH-A1F8-01A-11R-A13Q-07,0.20630588703062744,0
TCGA-A8-A0AD-01A-11R-A056-07,0.6734552947220979,1
TCGA-GM-A2DA-01A-11R-A18M-07,0.6742500121272044,1
TCGA-A2-A0T5-01A-21R-A084-07,0.38102586848207676,0
TCGA-A8-A09M-01A-11R-A00Z-07,0.7322212003389286,1
TCGA-B6-A0X1-01A-11R-A109-07,0.7115684762117744,1
TCGA-AN-A0XU-01A-11R-A109-07,0.3664044518573888,0
TCGA-BH-A1EV-01A-11R-A137-07,0.907583629639363,1
TCGA-EW-A1OZ-01A-11R-A144-07,0.31470394209938984,0
TCGA-C8-A12X-01A-11R-A115-07,0.551332280568194,0
TCGA-JL-A3YX-01A-11R-A22U-07,0.7759411620746159,1
TCGA-OL-A5D7-01A-11R-A27Q-07,0.8315045695746688,1
TCGA-E2-A1IK-01A-11R-A144-07,0.6625757239871864,1
TCGA-A2-A0CW-01A-21R-A115-07,0.4870490060771301,1
TCGA-A2-A0ET-01A-31R-A034-07,0.5498256661391232,0
TCGA-B6-A400-01A-11R-A239-07,0.32742773755949356,0
