sample_id,score,y_member
TCGA-E2-A158-01A-11R-A12D-07,-0.5676802970832677,1
TCGA-AO-A1KO-01A-31R-A13Q-07,-0.7851504997618626,1
TCGA-AR-A0TX-01A-11R-A084-07,-1.226376031857471,0
TCGA-D8-A1XB-01A-11R-A14D-07,-1.5976058784659173,1
TCGA-B6-A0IG-01A-11R-A034-07,-0.9407173348062874,1
TCGA-AC-A5EH-01A-11R-A28M-07,-1.227865428344312,1
TCGA-LL-A7SZ-01A-32R-A352-07,-0.40259255672019684,1
TCGA-A7-A26J-01A-11R-A169-07,-1.2675400186154346,1
TCGA-E9-A22H-01A-11R-A157-07,-1.0105151521387303,1
TCGA-BH-A208-01A-11R-A157-07,-1.009342573902168,1
TCGA-BH-A6R9-01A-21R-A32P-07,-0.875519644524451,1
TCGA-OL-A5S0-01A-11R-A28M-07,-0.602060066678258,1
TCGA-A1-A0SD-01A-11R-A115-07,-1.6605236598037931,1
TCGA-AO-A0JB-01A-11R-A32Y-07,-0.6671661143940406,1
TCGA-E2-A1BD-01A-11R-A12P-07,-1.2068541303803813,1
TCGA-AN-A0AS-01A-11R-A00Z-07,-1.282596620126912,1
TCGA-A7-A13G-01A-11R-A13Q-07,-0.40875707007052153,1
TCGA-B6-A0RS-01A-11R-A084-07,-1.093534783974826,1
TCGA-A2-A4S0-01A-21R-A266-07,-0.9979270265489049,0
TCGA-BH-A1F5-01A-12R-A13Q-07,-0.6379211349426683,1
TCGA-A2-A0CX-01A-21R-A00Z-07,-1.224087250200302,1
TCGA-A7-A13D-01A-13R-A12P-07,-0.7535692656358408,0
TCGA-AN-A03Y-01A-21R-A00Z-07,-1.0171599969687881,1
TCGA-E9-A1ND-01A-11R-A144-07,-0.9321864142239609,0
TCGA-EW-A1P5-01A-11R-A144-07,-1.3270991789493078,1
TCGA-EW-A423-01A-11R-A24H-07,-0.6468747877166146,1
TCGA-A7-A5ZV-01A-11R-A28M-07,-0.5754207963816893,1
TCGA-C8-A8HP-01A-11R-A36F-07,-0.869620169395507,1
TCGA-AQ-A54O-01A-11R-A266-07,-0.5295826917570651,1
TCGA-E9-A5FK-01A-11R-A27Q-07,-0.7480547298187692,1
TCGA-D8-A142-01A-11R-A115-07,-1.1639930881263132,1
TCGA-BH-A0BC-01A-22R-A084-07,-1.4595565430849842,1
TCGA-A2-A0EY-01A-11R-A034-07,-1.2563073639369253,1
TCGA-D8-A1J8-01A-11R-A13Q-07,-0.5849628710577404,1
TCGA-A8-A06Y-01A-21R-A00Z-07,-1.107932693874685,0
TCGA-EW-A1J1-01A-11R-A13Q-07,-1.0101328229176427,1
TCGA-BH-A0C0-01A-21R-A056-07,-1.1048546824067402,0
TCGA-AC-A2FK-01A-12R-A180-07,-1.0413822961346797,0
TCGA-A2-A3XV-01A-21R-A239-07,-0.24431775708360476,0
TCGA-BH-A0HB-01A-11R-A056-07,-1.0117950113921081,1
TCGA-AN-A0XL-01A-11R-A10J-07,-1.5737621499296004,1
TCGA-E2-A10B-01A-11R-A10J-07,-1.4177471701511948,1
TCGA-A2-A04X-01A-21R-A034-07,-1.0949215769313683,1
TCGA-AR-A1AN-01A-11R-A12P-07,-1.476797563760056,1
TCGA-A2-A0EM-01A-11R-A034-07,-1.4890967144887062,0
TCGA-B6-A0WS-01A-11R-A115-07,-1.7137175084421155,1
TCGA-D8-A1XD-01A-11R-A14D-07,-1.138726531394322,1
TCGA-A8-A091-01A-11R-A00Z-07,-1.0091497957260434,1
TCGA-E9-A2JS-01A-11R-A180-07,-0.9947950395166173,0
TCGA-A2-A1G1-01A-21R-A13Q-07,-0.6187535525883929,1
TCGA-E9-A22B-01A-11R-A157-07,-1.2527402153929506,0
TCGA-D8-A27G-01A-11R-A16F-07,-1.7431631522046214,1
TCGA-A7-A13E-01A-11R-A12P-07,-0.7196995458701477,1
TCGA-BH-A0AY-01A-21R-A00Z-07,-1.4611700627587316,0
TCGA-E2-A1L7-01A-11R-A144-07,-1.0472899338108108,1
TCGA-AN-A046-01A-21R-A034-07,-1.5814696740478213,0
TCGA-AN-A0AL-01A-11R-A00Z-07,-0.7647195266661976,0
TCGA-D8-A27K-01A-11R-A16F-07,-1.2812847731682553,1
TCGA-BH-A0DO-01B-11R-A12D-07,-1.5092822859692843,0
TCGA-A7-A4SB-01A-21R-A266-07,-1.0423022585181334,0
TCGA-EW-A6SB-01A-12R-A32P-07,-0.5658834385559679,1
TCGA-D8-A1JM-01A-11R-A13Q-07,-0.42583736854916965,1
TCGA-OL-A66J-01A-11R-A29R-07,-1.1780413412823536,1
TCGA-D8-A13Y-01A-11R-A115-07,-0.5797237973659074,1
TCGA-AR-A24N-01A-11R-A169-07,-1.1283071085720466,1
TCGA-BH-A0B1-01A-12R-A056-07,-1.337006390827831,1
TCGA-B6-A0RN-01A-12R-A084-07,-1.4766387368054348,1
TCGA-A2-A0T1-01A-21R-A084-07,-1.2319519407557182,1
TCGA-AN-A0AM-01A-11R-A034-07,-1.1182351539037314,1
TCGA-E2-A1LA-01A-11R-A144-07,-1.21234540776871,0
TCGA-JL-A3YW-01A-12R-A239-07,-0.9695871100280236,0
TCGA-BH-A0H3-01A-11R-A12P-07,-1.4586178458876728,1
TCGA-E2-A1IF-01A-11R-A144-07,-1.1876996888487878,1
TCGA-C8-A26X-01A-31R-A16F-07,-1.064626192730897,1
TCGA-A8-A09B-01A-11R-A00Z-07,-1.5049721094520685,0
TCGA-A7-A26G-01A-21R-A169-07,-0.8840886161651893,1
TCGA-AC-A2FE-01A-11R-A19W-07,-1.6766533943171498,1
TCGA-A8-A08G-01A-11R-A00Z-07,-1.3636890925381822,0
TCGA-AN-A0FJ-01A-11R-A00Z-07,-0.6671149434160927,1
TCGA-B6-A0RV-01A-11R-A084-07,-1.628575878029098,1
TCGA-B6-A0WV-01A-11R-A109-07,-1.2144658175083645,1
TCGA-A8-A07P-01A-11R-A00Z-07,-1.0675532270354295,1
TCGA-A8-A08H-01A-21R-A00Z-07,-1.1697074336422189,1
TCGA-AR-A0TW-01A-11R-A084-07,-0.7847264532166388,1
TCGA-E2-A15F-01A-11R-A115-07,-1.2656032722135593,1
TCGA-B6-A0WX-01A-11R-A109-07,-0.996835713044704,1
TCGA-D8-A1Y1-01A-21R-A14M-07,-1.6306605441976307,1
TCGA-E2-A14Z-01A-11R-A115-07,-1.4658471651974414,0
TCGA-A2-A25A-01A-12R-A16F-07,-1.5562726610691135,0
TCGA-A2-A0CT-01A-31R-A056-07,-0.8885962097913029,1
TCGA-HN-A2OB-01A-21R-A27Q-07,-1.4380443892135122,0
TCGA-B6-A0RT-01A-21R-A084-07,-1.0580655291916,1
TCGA-AR-A24T-01A-11R-A169-07,-1.1720136062651185,1
TCGA-E9-A1R0-01A-22R-A16F-07,-1.5267507756329617,1
TCGA-E9-A5FL-01A-11R-A27Q-07,-0.47628107532908825,1
TCGA-E2-A3DX-01A-21R-A213-07,-1.297935688688202,1
TCGA-E2-A14T-01A-11R-A115-07,-1.1414431142254062,1
TCGA-A2-A4RY-01A-31R-A266-07,-1.075999600801665,1
TCGA-AR-A2LK-01A-11R-A180-07,-1.1918221339942052,1
TCGA-BH-A42U-01A-12R-A24H-07,-0.6970971419374921,1
TCGA-AO-A12C-01A-11R-A10J-07,-1.294101292964578,0
TCGA-A2-A3XY-01A-11R-A239-07,-0.9151799532640197,1
TCGA-D8-A73X-01A-11R-A32P-07,-1.53764102940949,1
TCGA-AR-A2LO-01A-31R-A18M-07,-1.5296942065101635,1
TCGA-AO-A0JJ-01A-11R-A056-07,-1.6389403238541516,0
TCGA-LD-A74U-01A-13R-A33J-07,-1.4044760574465838,1
TCGA-AN-A0XN-01A-21R-A109-07,-1.2295474389970142,1
TCGA-E2-A107-01A-11R-A10J-07,-0.9232873301925453,1
TCGA-A7-A6VV-01A-22R-A33J-07,-0.8663624447069056,1
TCGA-AC-A5XS-01A-11R-A29R-07,-1.04079922452309,1
TCGA-BH-A0H6-01A-21R-A056-07,-1.4436184608148623,1
TCGA-AC-A23C-01A-12R-A169-07,-1.2850835849148876,1
TCGA-E9-A1NH-01A-11R-A14D-07,-1.5173826770014942,1
TCGA-D8-A1XW-01A-11R-A14M-07,-0.8445371946700553,1
TCGA-AO-A0JG-01A-31R-A084-07,-1.2439779705017302,0
TCGA-BH-A18N-01A-11R-A12D-07,-1.1049826053003047,1
TCGA-A1-A0SO-01A-22R-A084-07,-0.4880120599112005,0
TCGA-BH-A0B5-01A-11R-A12P-07,-1.5149598380259512,0
TCGA-A8-A09T-01A-11R-A00Z-07,-1.4558119316390932,1
TCGA-BH-A0BR-01A-21R-A115-07,-1.2682574586232647,1
TCGA-D8-A27W-01A-11R-A16F-07,-0.9379008507897311,1
TCGA-BH-A0BW-01A-11R-A115-07,-0.6650250732102121,1
TCGA-GM-A2DB-01A-31R-A18M-07,-0.6976706858995163,0
TCGA-AC-A2QH-01A-11R-A18M-07,-0.36974967269324965,1
TCGA-D8-A1JB-01A-11R-A13Q-07,-1.3164166683860903,1
TCGA-BH-A1ES-01A-11R-A137-07,-1.1932426577248176,1
TCGA-OL-A97C-01A-32R-A41B-07,-1.158759178182685,1
TCGA-A2-A0YF-01A-21R-A109-07,-0.9114570260459918,1
TCGA-D8-A1XS-01A-11R-A14M-07,-1.1934086395724512,1
TCGA-D8-A140-01A-11R-A115-07,-1.1091315961232204,1
TCGA-A8-A09Q-01A-11R-A00Z-07,-1.307768758470265,1
TCGA-B6-A0I1-01A-11R-A21T-07,-0.5505021506835033,1
TCGA-AO-A0JE-01A-11R-A056-07,-1.2452952777266595,1
TCGA-A2-A1FW-01A-11R-A13Q-07,-0.738328617161933,1
TCGA-D8-A1XY-01A-11R-A14M-07,-1.223079992119792,1
TCGA-A2-A04R-01A-41R-A109-07,-1.048636039586852,0
TCGA-A2-A1FX-01A-11R-A13Q-07,-1.3963146018820103,1
TCGA-A8-A07W-01A-11R-A00Z-07,-1.2967921538422633,1
TCGA-D8-A1XK-01A-21R-A14M-07,-0.6276841658228707,1
TCGA-D8-A3Z5-01A-41R-A24H-07,-0.8164636962530135,1
TCGA-LL-A5YM-01A-11R-A28M-07,-0.35391460216953224,1
TCGA-B6-A0IJ-01A-11R-A034-07,-0.6711193608307181,0
TCGA-A8-A06N-01A-11R-A00Z-07,-0.7839070861287439,1
TCGA-GM-A2DM-01A-11R-A180-07,-1.3639298799324324,1
TCGA-E2-A15D-01A-11R-A115-07,-1.4434220081857358,1
TCGA-B6-A1KI-01A-11R-A14M-07,-1.4916031221651216,1
TCGA-D8-A1JS-01A-11R-A13Q-07,-0.6696989087242666,1
TCGA-PE-A5DD-01A-12R-A27Q-07,-1.0171414932580516,1
TCGA-BH-A0BG-01A-11R-A115-07,-0.9206743935950311,1
TCGA-LL-A6FQ-01A-11R-A31O-07,-0.4375081405289689,0
TCGA-E2-A1IN-01A-11R-A13Q-07,-1.6403932514383583,1
TCGA-A8-A06T-01A-11R-A00Z-07,-1.0715522873210244,1
TCGA-B6-A402-01A-11R-A239-07,-0.7253065699485417,1
TCGA-E2-A9RU-01A-11R-A41B-07,-0.5830977319217469,1
TCGA-A2-A3XW-01A-11R-A239-07,-0.42303490204601146,1
TCGA-B6-A0RU-01A-11R-A084-07,-0.9516166413718938,0
TCGA-A8-A086-01A-11R-A00Z-07,-1.5980868224581397,1
TCGA-B6-A40C-01A-11R-A239-07,-1.0595735948875213,1
TCGA-D8-A1JF-01A-11R-A13Q-07,-0.6183542732737155,1
TCGA-A2-A0T6-01A-11R-A084-07,-1.3969281647238871,1
TCGA-BH-A1FG-01A-11R-A13Q-07,-1.0314772398521872,0
TCGA-GM-A3NY-01A-11R-A21T-07,-0.7371230239751708,1
TCGA-AN-A0AK-01A-21R-A00Z-07,-0.7542971375158696,1
TCGA-BH-A1FC-01A-11R-A13Q-07,-0.6203421812305469,1
TCGA-E9-A227-01A-11R-A157-07,-1.6744984063962305,1
TCGA-BH-A18P-01A-11R-A12D-07,-1.25172250161526,1
TCGA-E2-A15R-01A-11R-A115-07,-0.8464022558841252,1
TCGA-BH-A0WA-01A-11R-A109-07,-0.8979811444727432,0
TCGA-BH-A42T-01A-11R-A24H-07,-0.7708692500628783,1
TCGA-AC-A23H-01A-11R-A157-07,-0.9655303343517149,1
TCGA-OL-A66I-01A-21R-A29R-07,-0.7493561415514922,1
TCGA-S3-AA17-01A-11R-A41B-07,-1.2077223106033985,1
TCGA-AR-A1AL-01A-21R-A12P-07,-1.2566704396640667,0
TCGA-AC-A2B8-01A-11R-A17B-07,-1.526546709037097,1
TCGA-D8-A1XO-01A-11R-A14M-07,-1.3100244628262099,1
TCGA-C8-A26Y-01A-11R-A16F-07,-0.8716121516327227,1
TCGA-BH-A0DG-01A-21R-A12P-07,-1.5965557275032838,1
TCGA-E9-A243-01A-21R-A169-07,-0.7426938774045666,1
TCGA-A2-A04W-01A-31R-A115-07,-0.8131875670180194,1
TCGA-A8-A09G-01A-21R-A00Z-07,-1.2090914947416846,1
TCGA-BH-A0DI-01A-21R-A12P-07,-1.621634316792421,1
TCGA-E2-A152-01A-11R-A12D-07,-1.4353772583585758,1
TCGA-AQ-A7U7-01A-22R-A352-07,-1.1376356474053013,1
TCGA-BH-A0BZ-01A-31R-A12P-07,-1.3632494147556724,1
TCGA-EW-A1OV-01A-11R-A144-07,-1.2809281680202378,1
TCGA-A8-A0A7-01A-11R-A00Z-07,-1.2599923579586223,1
TCGA-BH-A1EN-01A-11R-A13Q-07,-0.8247316533865047,1
TCGA-E2-A1IE-01A-11R-A13Q-07,-1.1741447173877064,1
TCGA-BH-A0HW-01A-11R-A034-07,-1.0562169631423384,1
TCGA-BH-A0BJ-01A-11R-A056-07,-1.61918240059606,1
TCGA-AO-A03N-01B-11R-A10J-07,-0.7020495261905946,1
TCGA-EW-A1P3-01A-11R-A144-07,-1.2121968953167026,1
TCGA-B6-A0I2-01A-11R-A034-07,-0.6274146054687365,0
TCGA-EW-A1PD-01A-11R-A144-07,-1.328088342049722,1
TCGA-B6-A0IH-01A-11R-A115-07,-1.2802518714448978,0
TCGA-E2-A15M-01A-11R-A12D-07,-1.0650701948206138,1
TCGA-BH-A0H9-01A-11R-A056-07,-1.3423459297625706,0
TCGA-BH-A0HL-01A-11R-A10U-07,-0.9858809859608829,0
TCGA-A8-A07G-01A-11R-A034-07,-1.3572531475641851,1
TCGA-E2-A1IL-01A-11R-A14D-07,-1.2905399890033928,1
TCGA-AR-A0U4-01A-11R-A109-07,-0.6725541604810851,1
TCGA-D8-A147-01A-11R-A115-07,-0.7974072672506056,1
TCGA-BH-A0HY-01A-11R-A056-07,-1.1841249180489446,1
TCGA-D8-A1XT-01A-11R-A14M-07,-0.9982250233552534,0
TCGA-E2-A14W-01A-11R-A12D-07,-1.0222603044914067,1
TCGA-E9-A1RB-01A-11R-A157-07,-0.9263505325942011,1
TCGA-LL-A5YL-01A-12R-A29R-07,-0.754033730072932,0
TCGA-WT-AB41-01A-11R-A41B-07,-0.3142106249516471,1
TCGA-A8-A09Z-01A-11R-A00Z-07,-0.8661781068051858,0
TCGA-AN-A0FX-01A-11R-A034-07,-0.9269232827787434,1
TCGA-B6-A409-01A-11R-A24H-07,-0.5377090076997526,1
TCGA-EW-A1PG-01A-11R-A144-07,-1.0594455123044966,1
TCGA-OL-A6VR-01A-32R-A33J-07,-1.040826225225784,1
TCGA-BH-A1FN-01A-11R-A13Q-07,-0.9479532475175342,1
TCGA-AR-A2LR-01A-12R-A18M-07,-0.7730413526927291,1
TCGA-A7-A5ZX-01A-12R-A29R-07,-1.3071861277509176,1
TCGA-LL-A73Y-01A-11R-A33J-07,-1.15654239842315,1
TCGA-A2-A25D-01A-12R-A16F-07,-1.3006602630773019,0
TCGA-BH-A0C7-01B-11R-A115-07,-1.3592797023528946,1
TCGA-E2-A570-01A-11R-A29R-07,-1.281729128235568,1
TCGA-BH-A1FL-01A-11R-A13Q-07,-1.2711904012592037,1
TCGA-A1-A0SG-01A-11R-A144-07,-1.488861162921606,1
TCGA-A8-A07U-01A-11R-A034-07,-0.9479819100529617,0
TCGA-E2-A15L-01A-11R-A12D-07,-1.4938183951059405,1
TCGA-E9-A1R4-01A-21R-A14D-07,-1.347244529929969,0
TCGA-AR-A0TS-01A-11R-A115-07,-0.8116651267052317,1
TCGA-E2-A10F-01A-11R-A10J-07,-1.8202387338745667,1
TCGA-AO-A128-01A-11R-A10J-07,-0.8673587058040981,1
TCGA-AR-A0U3-01A-11R-A109-07,-0.9362487076662989,1
TCGA-BH-A0DL-01A-11R-A115-07,-0.8833765411558238,1
TCGA-A7-A0D9-01A-31R-A056-07,-1.081700748784685,1
TCGA-AN-A0FD-01A-11R-A034-07,-1.2830310439308612,1
TCGA-A2-A0YK-01A-22R-A109-07,-1.2609683300819283,1
TCGA-BH-A1FH-01A-12R-A13Q-07,-1.111593009270559,1
TCGA-C8-A12T-01A-11R-A115-07,-1.2540150969650738,1
TCGA-B6-A2IU-01A-32R-A18M-07,-1.0735607196009394,1
TCGA-4H-AAAK-01A-12R-A41B-07,-1.6568512066755983,1
TCGA-E2-A1IU-01A-11R-A14D-07,-1.4057760132032544,0
TCGA-3C-AALK-01A-11R-A41B-07,-1.5214621900722234,1
TCGA-D8-A27M-01A-11R-A16F-07,-0.907265223132373,1
TCGA-E2-A56Z-01A-12R-A29R-07,-0.9989949579434801,1
TCGA-AO-A1KQ-01A-11R-A13Q-07,-1.0115194478802472,1
TCGA-AR-A2LE-01A-11R-A180-07,-1.0662517108100695,1
TCGA-E2-A1BC-01A-11R-A12P-07,-1.1007875717849067,1
TCGA-BH-A0E6-01A-11R-A034-07,-0.594656705104465,1
TCGA-AO-A0J2-01A-11R-A034-07,-0.7345670232421503,1
TCGA-A7-A6VX-01A-12R-A33J-07,-1.3164017612799186,0
TCGA-E2-A1LI-01A-12R-A157-07,-0.7562652927719407,0
TCGA-AR-A1AT-01A-11R-A12P-07,-1.4229938271660119,1
TCGA-A7-A426-01A-22R-A24H-07,-1.0729797926073785,1
TCGA-A2-A25C-01A-11R-A169-07,-0.9982121621897889,1
TCGA-B6-A0RL-01A-11R-A084-07,-0.905974998589559,1
TCGA-OK-A5Q2-01A-11R-A27Q-07,-1.7199133452235957,1
TCGA-E9-A244-01A-11R-A169-07,-0.6429252071249374,1
TCGA-E9-A1R6-01A-11R-A14D-07,-1.0339759448792671,1
TCGA-BH-A8G0-01A-11R-A352-07,-1.2079405930954457,1
TCGA-EW-A1IZ-01A-11R-A13Q-07,-1.1699451764373259,0
TCGA-AO-A0J5-01A-11R-A034-07,-1.3095061211327266,1
TCGA-E2-A1AZ-01A-11R-A12P-07,-0.90678293952619,1
TCGA-B6-A0RE-01A-11R-A056-07,-0.768993407447558,1
TCGA-A7-A4SE-01A-11R-A266-07,-0.8531580505480032,0
TCGA-LL-A740-01A-21R-A32P-07,-1.0100323513234337,1
TCGA-A8-A07R-01A-21R-A034-07,-0.5021267732809201,0
TCGA-S3-AA10-01A-21R-A41B-07,-0.7464144438558875,1
TCGA-A7-A4SF-01A-11R-A266-07,-0.8387454637614289,0
TCGA-A7-A0CG-01A-12R-A056-07,-1.4586721790623332,0
TCGA-E2-A1LS-01A-12R-A157-07,-0.5123975735883158,1
TCGA-AR-A24P-01A-11R-A169-07,-1.4140423354061844,0
TCGA-E9-A54Y-01A-11R-A466-07,-0.24151586226521018,1
TCGA-AO-A0JA-01A-11R-A056-07,-1.425742975471442,1
TCGA-A8-A08A-01A-11R-A32Y-07,-1.4022906171797807,1
TCGA-AR-A24V-01A-21R-A169-07,-1.3075988287404612,1
TCGA-A2-A0CO-01A-13R-A22K-07,-1.01332425495116,1
TCGA-E2-A15I-01A-21R-A137-07,-0.9801266058064797,0
TCGA-A2-A0SU-01A-11R-A084-07,-1.460197680122072,0
TCGA-AC-A3OD-01A-11R-A21T-07,-0.5829504672836413,1
TCGA-AC-A3YJ-01A-11R-A22U-07,-0.7278699906152512,0
TCGA-AR-A0TZ-01A-12R-A084-07,-0.9302115624339609,1
TCGA-A2-A0D3-01A-11R-A115-07,-1.0959455462165442,1
TCGA-BH-A18L-01A-32R-A12D-07,-0.7861858547750006,1
TCGA-EW-A2FW-01A-11R-A17B-07,-0.8893399153941351,1
TCGA-A2-A0YL-01A-21R-A109-07,-1.5132873914158316,1
TCGA-E9-A54X-01A-11R-A266-07,-1.1376773479932465,1
TCGA-BH-A18F-01A-11R-A12D-07,-1.5301698179964205,1
TCGA-W8-A86G-01A-21R-A36F-07,-1.013051066499466,1
TCGA-A8-A08T-01A-21R-A00Z-07,-1.4411471115460484,1
TCGA-BH-A1EX-01A-11R-A13Q-07,-1.2875359512075524,0
TCGA-A8-A08O-01A-21R-A056-07,-1.4390233459907245,0
TCGA-AC-A6IX-01A-12R-A32P-07,-1.6630327998161,1
TCGA-C8-A27B-01A-11R-A169-07,-0.5550173582023806,1
TCGA-PL-A8LZ-01A-31R-A36F-07,-0.8960203468744715,1
TCGA-AR-A1AQ-01A-11R-A12P-07,-0.9108229818750392,1
TCGA-BH-A1FU-01A-11R-A14D-07,-1.1453498853534214,1
TCGA-A2-A0SY-01A-31R-A084-07,-1.745684387610659,1
TCGA-BH-A1EW-01A-11R-A137-07,-1.2166704515285771,1
TCGA-GM-A3NW-01A-21R-A22K-07,-1.195049695802754,0
TCGA-BH-A0W4-01A-11R-A109-07,-1.7058677093523558,1
TCGA-AR-A1AS-01A-11R-A12P-07,-1.4048220365777022,0
TCGA-EW-A1J6-01A-11R-A13Q-07,-0.6566234069328426,1
TCGA-AC-A6NO-01A-12R-A33J-07,-1.2161572849409852,1
TCGA-A7-A0CE-01A-11R-A00Z-07,-0.8762126561289685,0
TCGA-BH-A6R8-01A-21R-A33J-07,-0.771767863805397,1
TCGA-EW-A1OY-01A-11R-A144-07,-1.1966130586745076,1
TCGA-BH-A0BS-01A-11R-A12P-07,-0.994161174099148,0
TCGA-A7-A6VY-01A-12R-A33J-07,-0.6969127848984366,1
TCGA-A2-A0CK-01A-11R-A22K-07,-1.2642563310023145,0
TCGA-AO-A12H-01A-11R-A115-07,-1.1597882667615853,0
TCGA-C8-A12L-01A-11R-A115-07,-0.8698346622069756,1
TCGA-A1-A0SQ-01A-21R-A144-07,-1.1760045970346433,1
TCGA-A7-A56D-01A-11R-A27Q-07,-0.2685192135679475,1
TCGA-A8-A09I-01A-22R-A034-07,-0.9780094683076876,1
TCGA-BH-A0DH-01A-11R-A084-07,-1.017908486188546,1
TCGA-B6-A0X0-01A-21R-A115-07,-1.3076133319713688,1
TCGA-S3-AA12-01A-11R-A41B-07,-0.896941971703469,1
TCGA-E2-A159-01A-11R-A115-07,-0.9627715027001218,1
TCGA-D8-A27V-01A-12R-A17B-07,-1.1865413424871765,1
TCGA-D8-A1JT-01A-31R-A13Q-07,-0.545243185351704,1
TCGA-C8-A138-01A-11R-A115-07,-0.9889401691722792,1
TCGA-AO-A0J6-01A-11R-A034-07,-0.6728478854689716,1
TCGA-AR-A24R-01A-11R-A169-07,-1.1923308768945786,1
TCGA-AR-A0TY-01A-12R-A115-07,-0.6651707010669659,1
TCGA-E9-A1QZ-01A-21R-A169-07,-1.4749462995361518,1
TCGA-AR-A24W-01A-11R-A169-07,-1.028786927299574,0
TCGA-LL-A5YP-01A-21R-A28M-07,-0.8068188490270709,1
TCGA-B6-A0WY-01A-11R-A109-07,-1.7202109957806841,1
TCGA-GM-A2DC-01A-11R-A18M-07,-0.5824713549754919,1
TCGA-A2-A4S2-01A-12R-A266-07,-1.2293746055028512,1
TCGA-A8-A09X-01A-11R-A00Z-07,-0.9981245630874671,1
TCGA-OL-A5RV-01A-12R-A28M-07,-1.4419800525091029,1
TCGA-E2-A14P-01A-31R-A12D-07,-0.7431051251642904,1
TCGA-C8-A8HQ-01A-11R-A36F-07,-1.439300768509815,1
TCGA-AR-A0TP-01A-11R-A084-07,-0.6730934317133102,1
TCGA-A8-A09A-01A-11R-A00Z-07,-1.290131114981063,1
TCGA-A8-A08L-01A-11R-A00Z-07,-0.9682252648941387,1
TCGA-A8-A08F-01A-11R-A00Z-07,-1.1066741964548799,1
TCGA-GI-A2C9-01A-11R-A21T-07,-1.0628507272475365,1
TCGA-A2-A0SW-01A-11R-A084-07,-1.2348051803462516,1
TCGA-LD-A7W5-01A-22R-A352-07,-1.0132735181373407,0
TCGA-D8-A27R-01A-11R-A16F-07,-1.134350440199871,1
TCGA-AO-A0JM-01A-21R-A056-07,-1.161440036150848,1
TCGA-GM-A2D9-01A-11R-A18M-07,-1.1361218417098793,1
TCGA-D8-A1XU-01A-11R-A14M-07,-1.2762556066153548,1
TCGA-AO-A1KT-01A-11R-A13Q-07,-1.185162111773764,1
TCGA-C8-A12P-01A-11R-A115-07,-0.9729581180014907,1
TCGA-LL-A6FR-01A-12R-A31O-07,-0.40255758960306404,0
TCGA-AR-A1AJ-01A-21R-A12P-07,-0.8655963028061213,1
TCGA-A8-A09D-01A-11R-A00Z-07,-1.3610390157574803,1
TCGA-S3-A6ZF-01A-32R-A32P-07,-1.460249877117373,0
TCGA-E2-A150-01A-11R-A12D-07,-0.875724060906242,1
TCGA-BH-A18U-01A-21R-A12D-07,-1.2059325047357468,1
TCGA-BH-A0GY-01A-11R-A056-07,-1.2490421351605636,1
TCGA-AQ-A54N-01A-11R-A266-07,-0.4032890919552886,1
TCGA-C8-A273-01A-11R-A16F-07,-1.2446942358195707,1
TCGA-S3-AA14-01A-11R-A41B-07,-1.3792858297805723,1
TCGA-A7-A2KD-01A-31R-A21T-07,-1.2479683408258886,1
TCGA-C8-A131-01A-11R-A115-07,-0.963734882125312,1
TCGA-E2-A576-01A-11R-A31O-07,-0.5013163506193055,1
TCGA-A2-A0T4-01A-31R-A084-07,-1.7913257478734046,1
TCGA-A2-A04V-01A-21R-A034-07,-1.4807338750191306,0
TCGA-AR-A0U0-01A-11R-A109-07,-0.7209526925346772,1
TCGA-BH-A0BO-01A-23R-A12D-07,-1.1998494703697824,1
TCGA-A2-A3KC-01A-11R-A213-07,-1.5864353236668842,0
TCGA-BH-A18T-01A-11R-A12D-07,-0.5264631755032573,0
TCGA-EW-A1J2-01A-21R-A13Q-07,-1.369439258201981,1
TCGA-A8-A084-01A-21R-A00Z-07,-1.3794899556164952,1
TCGA-A8-A08X-01A-21R-A00Z-07,-1.204340429138241,1
TCGA-GM-A2DH-01A-11R-A180-07,-1.013629975821136,1
TCGA-D8-A27L-01A-11R-A16F-07,-1.66429895479418,1
TCGA-A7-A3IZ-01A-11R-A213-07,-1.1686523200542023,1
TCGA-AN-A04D-01A-21R-A034-07,-0.5424613517634177,1
TCGA-5L-AAT0-01A-12R-A41B-07,-1.44616054201426,1
TCGA-AR-A1AU-01A-11R-A12P-07,-1.5262004580667694,1
TCGA-AC-A6IV-01A-12R-A33J-07,-1.294897709841721,1
TCGA-E2-A15C-01A-31R-A12D-07,-1.4114735052139975,1
TCGA-AO-A1KP-01A-11R-A13Q-07,-0.6973783289634641,1
TCGA-E2-A15G-01A-11R-A12D-07,-1.4204387664033815,1
TCGA-A2-A3KD-01A-12R-A213-07,-1.4230676476954625,0
TCGA-D8-A1X5-01A-11R-A14D-07,-1.0719142083298348,1
TCGA-AQ-A04L-01B-21R-A10J-07,-1.0039130837165942,1
TCGA-A8-A096-01A-11R-A00Z-07,-1.5184805767442833,1
TCGA-A2-A0YH-01A-11R-A109-07,-1.4218898707317094,1
TCGA-AN-A0FW-01A-11R-A034-07,-1.0796946216343704,1
TCGA-D8-A27H-01A-11R-A16F-07,-0.8516046661914473,0
TCGA-OL-A6VQ-01A-12R-A41B-07,-1.683239396832046,1
TCGA-A7-A4SA-01A-11R-A266-07,-1.2309114186138934,0
TCGA-C8-A274-01A-11R-A16F-07,-1.2399643627877228,1
TCGA-E2-A15J-01A-11R-A12P-07,-1.2514096476675065,1
TCGA-BH-A0B3-01A-11R-A056-07,-0.9633915233292808,1
TCGA-E2-A153-01A-12R-A12D-07,-1.725678335555697,1
TCGA-WT-AB44-01A-11R-A41B-07,-0.6591829303888964,1
TCGA-B6-A0RQ-01A-11R-A115-07,-1.5163649422377492,1
TCGA-A2-A0YM-01A-11R-A109-07,-0.6733730973288811,1
TCGA-C8-A1HI-01A-11R-A137-07,-1.3084598245131984,1
TCGA-AC-A3TM-01A-11R-A22K-07,-0.5502968889684394,1
TCGA-A7-A0CD-01A-11R-A00Z-07,-1.0906805596377478,0
TCGA-D8-A145-01A-11R-A115-07,-1.5480565923251344,1
TCGA-BH-A0EB-01A-11R-A034-07,-1.5339215911001804,1
TCGA-AR-A0TV-01A-21R-A084-07,-0.9793994832169333,1
TCGA-E2-A15P-01A-11R-A115-07,-1.342821752497537,1
TCGA-A2-A04T-01A-21R-A034-07,-0.625707189956616,1
TCGA-E9-A2JT-01A-22R-A18M-07,-1.0656455948843746,1
TCGA-OL-A5RW-01A-11R-A28M-07,-0.35226429574885193,0
TCGA-PL-A8LV-01A-21R-A41B-07,-0.8273831613017859,1
TCGA-BH-A18M-01A-11R-A12D-07,-1.7970960209110336,1
TCGA-D8-A27N-01A-11R-A16F-07,-1.341786543353862,1
TCGA-C8-A3M8-01A-11R-A213-07,-1.2402704341535984,1
TCGA-B6-A0WW-01A-11R-A109-07,-1.1535891340500175,1
TCGA-E9-A3X8-01A-31R-A22U-07,-0.450256538197771,1
TCGA-C8-A133-01A-32R-A12D-07,-0.6419092545692205,0
TCGA-D8-A1X6-01A-11R-A14M-07,-1.155055134181758,1
TCGA-A2-A04P-01A-31R-A034-07,-0.5020962734718509,1
TCGA-E9-A1N3-01A-12R-A157-07,-1.093741269748849,1
TCGA-AN-A0XP-01A-11R-A109-07,-1.3605440934458821,1
TCGA-E2-A1LK-01A-21R-A14D-07,-0.6831465455889255,0
TCGA-C8-A132-01A-31R-A115-07,-1.5728001591254306,1
TCGA-PE-A5DE-01A-11R-A27Q-07,-1.4416604224280651,1
TCGA-EW-A6SC-01A-12R-A32P-07,-1.7811478331704196,1
TCGA-BH-A0EI-01A-11R-A115-07,-1.236765529340703,1
TCGA-A8-A08I-01A-11R-A00Z-07,-1.0516161765652923,0
TCGA-AO-A124-01A-11R-A10J-07,-0.6406592355626312,0
TCGA-AN-A0XR-01A-11R-A109-07,-1.0664074357411524,1
TCGA-BH-A204-01A-11R-A157-07,-0.4837968012446988,0
TCGA-AN-A0FF-01A-11R-A034-07,-1.5659147297774831,1
TCGA-A2-A0T3-01A-21R-A115-07,-1.0534577118854949,1
TCGA-B6-A0RI-01A-11R-A056-07,-1.6098349201928197,1
TCGA-AO-A03R-01A-21R-A034-07,-0.9457558176357189,1
TCGA-E9-A1RA-01A-11R-A14D-07,-1.6439988591349224,1
TCGA-AN-A0XV-01A-11R-A109-07,-1.6632140060251515,1
TCGA-E9-A1RI-01A-11R-A169-07,-1.3235959689092651,1
TCGA-A8-A07J-01A-11R-A00Z-07,-1.381626400223978,0
TCGA-AC-A6IW-01A-12R-A33J-07,-0.5735993801102115,1
TCGA-3C-AALJ-01A-31R-A41B-07,-0.9205369861626799,1
TCGA-AN-A0XS-01A-22R-A109-07,-1.513056968746266,1
TCGA-E9-A226-01A-21R-A157-07,-0.7995035222065117,1
TCGA-C8-A12K-01A-21R-A115-07,-0.7110249905370631,0
TCGA-BH-A202-01A-11R-A14M-07,-1.0325853123852433,0
TCGA-OL-A66H-01A-11R-A29R-07,-1.1905903770877675,1
TCGA-E9-A1N9-01A-11R-A14D-07,-1.1123635784365806,0
TCGA-A2-A0T2-01A-11R-A084-07,-0.6800221920725932,1
TCGA-BH-A18H-01A-11R-A12D-07,-1.4569891559539012,1
TCGA-UU-A93S-01A-21R-A41B-07,-0.43730784268126077,1
TCGA-B6-A0RO-01A-22R-A084-07,-0.7199512159339122,1
TCGA-E2-A10E-01A-21R-A10J-07,-1.4286268476935875,1
TCGA-A7-A4SC-01A-12R-A266-07,-1.2369629534009177,1
TCGA-B6-A0WZ-01A-11R-A109-07,-1.120874451874656,1
TCGA-A7-A6VW-01A-21R-A33J-07,-0.4405530750849798,1
TCGA-E2-A1B5-01A-21R-A12P-07,-1.0913078518330444,1
TCGA-A8-A092-01A-11R-A00Z-07,-1.067440959320823,1
TCGA-C8-A1HK-01A-21R-A13Q-07,-0.7001774797970252,1
TCGA-BH-A0W3-01A-11R-A109-07,-1.2591524479618112,1
TCGA-A7-A0CH-01A-21R-A00Z-07,-1.4710541689902468,1
TCGA-AR-A1AX-01A-11R-A12P-07,-1.4351007091208248,1
TCGA-EW-A1P0-01A-11R-A144-07,-1.0646873008130024,1
TCGA-E9-A1NI-01A-11R-A14D-07,-1.490630133311647,1
TCGA-AO-A12E-01A-11R-A10J-07,-1.6056011771608232,1
TCGA-D8-A1XJ-01A-11R-A14M-07,-1.007855660929789,1
TCGA-B6-A0I6-01A-11R-A034-07,-0.7754645593724424,1
TCGA-E9-A1RH-01A-21R-A169-07,-0.5672527189023161,1
TCGA-BH-A18Q-01A-12R-A12D-07,-0.9791000622714578,1
TCGA-AO-A0JI-01A-21R-A056-07,-0.9377458058838354,1
TCGA-A2-A0CL-01A-11R-A115-07,-1.2553345605774846,1
TCGA-E2-A155-01A-11R-A12D-07,-0.7645484677731856,1
TCGA-B6-A0I8-01A-11R-A034-07,-0.960601445283882,0
TCGA-E2-A14X-01A-11R-A115-07,-1.0735860583419237,0
TCGA-AC-A3YI-01A-21R-A239-07,-1.2855584923526011,1
TCGA-AR-A1AI-01A-11R-A12P-07,-0.5520427351941921,1
TCGA-D8-A1JK-01A-11R-A13Q-07,-1.025132053736181,1
TCGA-BH-A0C3-01A-21R-A12P-07,-1.562019427667934,1
TCGA-A8-A09C-01A-11R-A00Z-07,-1.3959383127326774,1
TCGA-LL-A50Y-01A-11R-A266-07,-0.6558979637363647,1
TCGA-BH-A0B0-01A-21R-A115-07,-1.5576908764613013,0
TCGA-OL-A66L-01A-12R-A31O-07,-0.42875175226765294,1
TCGA-BH-A0AW-01A-11R-A056-07,-1.2406415614174506,1
TCGA-D8-A1X8-01A-11R-A14M-07,-1.4373584510733841,1
TCGA-D8-A1JE-01A-11R-A13Q-07,-0.8719046466648774,1
TCGA-BH-A1EO-01A-11R-A137-07,-1.1826052538204614,1
TCGA-BH-A0HU-01A-11R-A034-07,-0.9321881285555398,1
TCGA-BH-A0H7-01A-13R-A056-07,-1.2565513654459963,1
TCGA-E9-A22D-01A-11R-A157-07,-1.2030043601700502,1
TCGA-3C-AAAU-01A-11R-A41B-07,-1.0392810795874334,1
TCGA-BH-A1FJ-01A-11R-A13Q-07,-1.132991188469756,1
TCGA-A8-A06P-01A-11R-A00Z-07,-1.679980347791506,1
TCGA-A2-A25B-01A-11R-A169-07,-1.0123078648897128,1
TCGA-AC-A2BM-01A-11R-A21T-07,-1.165467860080545,1
TCGA-E9-A6HE-01A-11R-A31O-07,-0.6789391584718915,1
TCGA-AO-A03O-01A-11R-A00Z-07,-0.9248717986578503,1
TCGA-A2-A0EU-01A-22R-A056-07,-1.2744971903580828,1
TCGA-A8-A06O-01A-11R-A00Z-07,-1.315649038632706,1
TCGA-BH-A0BT-01A-11R-A12P-07,-0.9420236915786702,1
TCGA-A2-A0YT-01A-11R-A109-07,-1.0789775811607334,1
TCGA-E2-A14R-01A-11R-A115-07,-0.5613829681181006,1
TCGA-B6-A0IC-01A-11R-A034-07,-1.138778829966671,0
TCGA-AC-A5XU-01A-11R-A28M-07,-1.1288975421752259,1
TCGA-AR-A250-01A-31R-A169-07,-1.3520162063489682,0
TCGA-D8-A1XZ-01A-11R-A14M-07,-1.0383487602586616,1
TCGA-B6-A0I9-01A-11R-A034-07,-1.0086591847531572,1
TCGA-B6-A0IA-01A-11R-A034-07,-0.6421559404320941,1
TCGA-E2-A14N-01A-31R-A137-07,-0.4908778897950428,0
TCGA-PL-A8LY-01A-11R-A41B-07,-1.225787542079646,1
TCGA-LL-A441-01A-11R-A24H-07,-0.9543739113837554,1
TCGA-A8-A08S-01A-11R-A034-07,-1.164842485622152,0
TCGA-A8-A09V-01A-11R-A034-07,-0.9346451095710017,1
TCGA-BH-A209-01A-11R-A157-07,-0.9339999465218357,1
TCGA-GM-A5PX-01A-12R-A28M-07,-1.1251492338256641,1
TCGA-A8-A085-01A-11R-A00Z-07,-1.1263688161320948,1
TCGA-A2-A25E-01A-11R-A169-07,-1.0989433419784618,0
TCGA-D8-A1JG-01B-11R-A13Q-07,-0.9305125509879357,1
TCGA-AC-A2FO-01A-11R-A180-07,-1.6381489465109933,1
TCGA-B6-A3ZX-01A-11R-A239-07,-0.9284855301216902,1
TCGA-AN-A0FT-01A-11R-A034-07,-0.8020052211274787,1
TCGA-AQ-A04H-01B-11R-A10J-07,-0.978882795009037,1
TCGA-AR-A1AR-01A-31R-A137-07,-0.688370208520326,1
TCGA-A2-A0CS-01A-11R-A115-07,-1.261644526266603,1
TCGA-A2-A1FZ-01A-51R-A14D-07,-1.5622798974217549,1
TCGA-AC-A8OQ-01A-11R-A41B-07,-0.8866432126449866,1
TCGA-AR-A0TR-01A-11R-A084-07,-0.8603615441669602,1
TCGA-C8-A12M-01A-11R-A115-07,-0.7554759661843247,1
TCGA-A1-A0SM-01A-11R-A084-07,-1.4417520073054972,1
TCGA-BH-A1ET-01A-11R-A137-07,-1.0110777988894082,1
TCGA-A8-A0A1-01A-11R-A00Z-07,-1.585096103670182,1
TCGA-C8-A1HG-01A-11R-A137-07,-0.7604979315907145,1
TCGA-E9-A1NF-01A-11R-A14D-07,-1.4728306520081682,1
TCGA-A2-A0D4-01A-11R-A00Z-07,-0.9196035731397357,1
TCGA-BH-A2L8-01A-11R-A18M-07,-1.677749701488412,1
TCGA-A8-A093-01A-11R-A00Z-07,-1.303726057615552,1
TCGA-D8-A1Y3-01A-11R-A157-07,-0.4916859441935767,1
TCGA-AR-A1AY-01A-21R-A12P-07,-0.5584500802861319,1
TCGA-AO-A12F-01A-11R-A115-07,-0.8520582615376283,1
TCGA-AN-A0FL-01A-11R-A034-07,-0.4363364707738786,1
TCGA-AR-A0TQ-01A-11R-A084-07,-1.3051910472466999,1
TCGA-A2-A0CP-01A-11R-A034-07,-1.3697237179875994,0
TCGA-AO-A129-01A-21R-A10J-07,-0.7974990309975836,1
TCGA-D8-A1JH-01A-11R-A13Q-07,-1.5747513104804118,1
TCGA-BH-A18K-01A-11R-A12D-07,-1.580074818971936,1
TCGA-B6-A0IM-01A-11R-A034-07,-1.1900794684066571,1
TCGA-AO-A0J4-01A-11R-A034-07,-1.0582525052604903,0
TCGA-AR-A1AW-01A-21R-A12P-07,-1.130159007056995,1
TCGA-AC-A62Y-01A-11R-A29R-07,-1.0675577499561701,0
TCGA-A1-A0SH-01A-11R-A084-07,-1.223305375307749,1
TCGA-A8-A08C-01A-11R-A00Z-07,-1.0004980850409744,1
TCGA-A2-A3XU-01A-12R-A22U-07,-0.26203146457505333,1
TCGA-E2-A1LB-01A-11R-A144-07,-0.9283772597931,1
TCGA-D8-A1JJ-01A-31R-A14M-07,-1.281122184307484,1
TCGA-AN-A049-01A-21R-A00Z-07,-1.3088176518466694,1
TCGA-A1-A0SN-01A-11R-A144-07,-1.3636764870894922,0
TCGA-EW-A1IW-01A-11R-A13Q-07,-1.5928242863701105,1
TCGA-LQ-A4E4-01A-11R-A266-07,-1.0451802940126487,1
TCGA-E9-A5UP-01A-11R-A28M-07,-0.6185878388617909,0
TCGA-EW-A1IY-01A-11R-A13Q-07,-0.7943395213787139,1
TCGA-AN-A0XW-01A-11R-A109-07,-1.4928349210141358,1
TCGA-AR-A24S-01A-11R-A169-07,-1.1438823607460984,1
TCGA-AR-A2LM-01A-11R-A180-07,-1.2347604967488048,1
TCGA-E9-A1NE-01A-21R-A14M-07,-1.4477192980722207,1
TCGA-LL-A9Q3-01A-11R-A41B-07,-0.559874804356018,1
TCGA-AC-A8OP-01A-11R-A36F-07,-1.159458126378739,1
TCGA-E2-A572-01A-13R-A31O-07,-0.16894798374547323,1
TCGA-B6-A0IP-01A-11R-A034-07,-1.8486381033331811,1
TCGA-C8-A135-01A-11R-A115-07,-1.078760258052293,0
TCGA-D8-A1XL-01A-11R-A14M-07,-0.8844303305608469,0
TCGA-EW-A1PC-01B-11R-A21T-07,-0.8987677029392268,0
TCGA-AO-A03M-01B-11R-A10J-07,-1.2702690284708573,0
TCGA-AN-A0FN-01A-11R-A034-07,-1.2822337204994974,1
TCGA-A7-A4SD-01A-11R-A266-07,-0.9253031490983834,1
TCGA-BH-A0HN-01A-11R-A10U-07,-0.6733249936304495,1
TCGA-S3-A6ZH-01A-22R-A32P-07,-0.9302417645646495,0
TCGA-AC-A3QP-01A-11R-A22U-07,-0.9639656995180267,0
TCGA-5L-AAT1-01A-12R-A41B-07,-1.271210434674178,1
TCGA-AN-A0FY-01A-11R-A034-07,-0.9814183853328321,0
TCGA-BH-A0BA-01A-11R-A056-07,-1.3165222393070837,1
TCGA-A2-A0CU-01A-12R-A034-07,-1.2310535499466164,1
TCGA-D8-A143-01A-11R-A115-07,-0.7051225750281805,1
TCGA-BH-A0DE-01A-11R-A115-07,-1.4735365794211566,1
TCGA-A2-A0EO-01A-11R-A034-07,-1.6566236647009471,1
TCGA-AO-A0JF-01A-11R-A056-07,-1.4618719542071261,1
TCGA-A8-A09E-01A-11R-A00Z-07,-0.8238458018332843,1
TCGA-BH-A0AZ-01A-21R-A12P-07,-1.490387025165523,1
TCGA-GM-A2DN-01A-11R-A180-07,-1.8009611302134974,1
TCGA-E2-A15T-01A-11R-A115-07,-1.0098298514292767,1
TCGA-BH-A1F6-01A-11R-A13Q-07,-1.0150562610359704,0
TCGA-BH-A0DX-01A-11R-A115-07,-1.6626375882385194,1
TCGA-EW-A3U0-01A-11R-A22K-07,-0.7658192372025969,0
TCGA-BH-A0DV-01A-21R-A12P-07,-1.4154222433967334,1
TCGA-AC-A3TN-01A-11R-A22K-07,-0.6415370566097852,1
TCGA-A1-A0SK-01A-12R-A084-07,-0.3873482968683242,1
TCGA-B6-A0X5-01A-21R-A109-07,-1.0181317943261323,1
TCGA-A2-A0YC-01A-11R-A109-07,-1.5255209898200879,0
TCGA-A2-A0CZ-01A-11R-A034-07,-1.3439888281225618,0
TCGA-C8-A27A-01A-11R-A169-07,-0.7054793145775436,1
TCGA-AR-A1AP-01A-11R-A12P-07,-1.5121686681856152,1
TCGA-BH-A0B4-01A-11R-A00Z-07,-1.2544484505874332,0
TCGA-BH-A0BV-01A-11R-A00Z-07,-1.4321332054102096,1
TCGA-AN-A0XO-01A-11R-A109-07,-1.5714106768726002,0
TCGA-AC-A2QJ-01A-12R-A19W-07,-0.12114257338967523,1
TCGA-GM-A2DD-01A-11R-A180-07,-0.985646757771016,0
TCGA-AR-A1AV-01A-21R-A12P-07,-1.309870453828765,1
TCGA-D8-A1XF-01A-11R-A14D-07,-0.7320853331291393,1
TCGA-LL-A6FP-01A-11R-A31O-07,-0.3402148837706794,1
TCGA-D8-A1XA-01A-11R-A14D-07,-0.9205928026634175,1
TCGA-C8-A26V-01A-11R-A16F-07,-1.2603065530391624,1
TCGA-PE-A5DC-01A-12R-A27Q-07,-1.0132846881037372,0
TCGA-E2-A1LH-01A-11R-A14D-07,-0.6876504913196558,1
TCGA-BH-A0B9-01A-11R-A056-07,-0.5990142594361816,1
TCGA-E9-A1N8-01A-11R-A144-07,-0.6323931805179762,1
TCGA-AC-A62V-01A-11R-A31O-07,-0.43956850594959185,1
TCGA-EW-A1PH-01A-11R-A14M-07,-0.6700479398392354,1
TCGA-AR-A5QP-01A-11R-A28M-07,-1.7273656148385095,1
TCGA-BH-A5J0-01A-11R-A27Q-07,-0.7702943313749023,1
TCGA-A1-A0SB-01A-11R-A144-07,-0.9573753523972486,1
TCGA-B6-A0IK-01A-12R-A056-07,-0.9824360171763431,1
TCGA-A8-A06Q-01A-11R-A034-07,-0.8223866430350056,0
TCGA-AR-A2LH-01A-31R-A18M-07,-1.4758674663522993,1
TCGA-AR-A24Z-01A-11R-A169-07,-0.9950489082478455,1
TCGA-Z7-A8R5-01A-42R-A41B-07,-0.8464496194044756,1
TCGA-A8-A0A9-01A-11R-A00Z-07,-1.5429353150516834,0
TCGA-D8-A1JA-01A-11R-A13Q-07,-0.5109788103526758,1
TCGA-AN-A0FK-01A-11R-A034-07,-1.0055253070191021,1
TCGA-GM-A2DL-01A-11R-A18M-07,-1.443219150719073,1
TCGA-EW-A1P6-01A-11R-A144-07,-1.4324865268808233,1
TCGA-BH-A0EA-01A-11R-A115-07,-1.4426594881287256,1
TCGA-BH-A8FY-01A-11R-A36F-07,-0.706412406386409,1
TCGA-E2-A1L9-01A-11R-A13Q-07,-1.5599640776414048,1
TCGA-E9-A1R2-01A-11R-A14D-07,-1.3175675639962456,1
TCGA-AC-A2FM-01A-11R-A19W-07,-0.925404257643867,1
TCGA-E2-A108-01A-13R-A10J-07,-1.5010789858664322,1
TCGA-OL-A66O-01A-11R-A31O-07,-0.46830361108459273,0
TCGA-C8-A275-01A-21R-A16F-07,-1.0840125197914448,1
TCGA-B6-A0IO-01A-11R-A034-07,-1.2489691262448614,1
TCGA-BH-A0HO-01A-11R-A034-07,-1.2633558753615897,1
TCGA-EW-A1P8-01A-11R-A144-07,-0.7819262570463494,1
TCGA-A2-A0D0-01A-11R-A00Z-07,-0.47249702179655306,1
TCGA-A2-A0SX-01A-12R-A084-07,-1.042074422625474,1
TCGA-D8-A27I-01A-11R-A16F-07,-1.6919544098493542,0
TCGA-EW-A2FS-01A-11R-A17B-07,-0.936302366406133,0
TCGA-Z7-A8R6-01A-11R-A41B-07,-1.0467645487255293,0
TCGA-E2-A15O-01A-11R-A115-07,-1.0681097158464856,1
TCGA-V7-A7HQ-01A-11R-A33J-07,-0.38546128170659627,1
TCGA-C8-A12W-01A-11R-A115-07,-1.2263339837636564,1
TCGA-A7-A3IY-01A-21R-A21T-07,-1.38781495379484,1
TCGA-A8-A08B-01A-11R-A00Z-07,-0.974867164011741,1
TCGA-5T-A9QA-01A-11R-A41B-07,-0.7067377995962806,1
TCGA-E2-A106-01A-11R-A10J-07,-0.977202124929396,1
TCGA-E2-A1B6-01A-31R-A12P-07,-0.7604149004527477,1
TCGA-AC-A2FF-01A-11R-A17B-07,-1.4231731119028521,0
TCGA-EW-A1PA-01A-11R-A144-07,-1.2380326770119787,1
TCGA-D8-A27T-01A-11R-A16F-07,-1.853995980299989,1
TCGA-LD-A66U-01A-11R-A31O-07,-0.7311011682325517,1
TCGA-A8-A07Z-01A-11R-A00Z-07,-0.8136710993734231,1
TCGA-AR-A1AO-01A-11R-A12P-07,-1.4252502545308123,1
TCGA-E2-A573-01A-11R-A29R-07,-0.8251839204728225,1
TCGA-AC-A2FB-01A-11R-A17B-07,-1.5013957525776656,1
TCGA-AN-A0G0-01A-11R-A034-07,-0.8248512645943477,1
TCGA-BH-A0H5-01A-21R-A115-07,-1.722732104709182,1
TCGA-A8-A07S-01A-11R-A034-07,-1.3362503624557867,1
TCGA-E9-A3QA-01A-61R-A22K-07,-0.7933600689983188,1
TCGA-A1-A0SI-01A-11R-A144-07,-1.6852446582612,0
TCGA-A8-A09W-01A-11R-A00Z-07,-0.9754357362394449,1
TCGA-BH-A1F0-01A-11R-A137-07,-0.9418266293821784,1
TCGA-A2-A0D2-01A-21R-A034-07,-0.6024701928656775,1
TCGA-OL-A5D8-01A-11R-A27Q-07,-1.0674109584416311,1
TCGA-BH-A18G-01A-11R-A12D-07,-0.9626060986285327,1
TCGA-A2-A0YI-01A-31R-A10J-07,-1.2136189691836758,1
TCGA-A8-A0A4-01A-11R-A00Z-07,-1.3920424741845996,1
TCGA-A7-A425-01A-11R-A24H-07,-0.8762289079077801,1
TCGA-E9-A22A-01A-11R-A157-07,-1.2644362996299612,1
TCGA-A8-A08J-01A-11R-A00Z-07,-1.4212566938504223,1
TCGA-A2-A3Y0-01A-11R-A239-07,-0.3908161184753575,0
TCGA-AC-A2BK-01A-11R-A21T-07,-0.3712305290921054,1
TCGA-B6-A0IN-01A-11R-A034-07,-1.006610254476046,0
TCGA-D8-A1JD-01A-11R-A13Q-07,-1.4038482712209914,0
TCGA-GM-A2DK-01A-21R-A180-07,-1.0690924913089255,1
TCGA-OL-A5RX-01A-11R-A28M-07,-1.4397632014860497,1
TCGA-A8-A08Z-01A-21R-A00Z-07,-1.540606485363896,1
TCGA-A2-A0YD-01A-11R-A109-07,-1.5117726926922446,1
TCGA-A7-A3J1-01A-11R-A213-07,-1.1391935790782215,1
TCGA-BH-A1FD-01A-11R-A13Q-07,-1.0667640799810305,1
TCGA-A2-A0D1-01A-11R-A034-07,-0.8235486793247665,0
TCGA-BH-A0BL-01A-11R-A115-07,-1.0867945030691701,1
TCGA-E2-A1IH-01A-11R-A13Q-07,-1.0213714429649388,1
TCGA-AR-A0TU-01A-31R-A109-07,-0.45698656270595145,1
TCGA-AC-A2FG-01A-11R-A17B-07,-1.6223458053783775,1
TCGA-GM-A4E0-01A-12R-A266-07,-0.8275745355382267,0
TCGA-AC-A3W7-01A-11R-A22K-07,-1.1357922076054072,1
TCGA-A8-A083-01A-21R-A00Z-07,-1.1220491709737594,1
TCGA-A2-A0EN-01A-13R-A084-07,-1.5659768631630626,1
TCGA-D8-A1Y0-01A-11R-A14M-07,-1.2277029640265966,0
TCGA-AR-A1AK-01A-21R-A12P-07,-1.558609390681781,1
TCGA-AC-A7VC-01A-11R-A352-07,-0.4749347465809419,1
TCGA-A7-A0CJ-01A-21R-A00Z-07,-0.9524783789603777,1
TCGA-AO-A03U-01B-21R-A10J-07,-1.0762232926029012,1
TCGA-E2-A2P5-01A-11R-A19W-07,-1.0031080325918806,1
TCGA-E2-A15S-01A-11R-A115-07,-0.6730364018741416,1
TCGA-A1-A0SJ-01A-11R-A084-07,-1.1967393702889635,0
TCGA-A2-A04N-01A-11R-A115-07,-1.7142503387703636,1
TCGA-B6-A401-01A-11R-A239-07,-0.9586339888982045,0
TCGA-D8-A1JU-01A-11R-A13Q-07,-1.3482211245714883,1
TCGA-B6-A40B-01A-11R-A239-07,-1.0662051394023009,1
TCGA-LD-A9QF-01A-32R-A41B-07,-1.1740999227913655,0
TCGA-AO-A03T-01A-21R-A034-07,-0.8958407339069291,0
TCGA-E9-A3Q9-01A-11R-A21T-07,-1.2944577291321475,0
TCGA-D8-A1JP-01A-11R-A13Q-07,-1.3118925616582868,1
TCGA-BH-A18I-01A-11R-A12D-07,-1.6195999526861875,1
TCGA-BH-A28Q-01A-11R-A16F-07,-1.4742487781768865,1
TCGA-EW-A1OW-01A-21R-A144-07,-0.8812466977603528,1
TCGA-BH-A18R-01A-11R-A12D-07,-0.9131420406568463,1
TCGA-AO-A0J8-01A-21R-A034-07,-1.50436713325337,0
TCGA-AC-A3BB-01A-21R-A19W-07,-1.3282045536102631,0
TCGA-E9-A247-01A-11R-A169-07,-1.0122701245514603,1
TCGA-D8-A73U-01A-11R-A33J-07,-1.0979322437383479,0
TCGA-BH-A18V-01A-11R-A12D-07,-0.7635788584940668,1
TCGA-BH-A0C1-01B-11R-A12D-07,-1.2756317730509472,0
TCGA-AC-A3W6-01A-12R-A22K-07,-1.1190013104699306,1
TCGA-BH-A1FR-01A-11R-A13Q-07,-1.3403155734499241,1
TCGA-A2-A1G0-01A-11R-A13Q-07,-1.1374681399509612,0
TCGA-BH-A0DQ-01A-11R-A084-07,-1.8213974932928,1
TCGA-A2-A0ER-01A-21R-A034-07,-1.0700099316248155,1
TCGA-D8-A27P-01A-11R-A16F-07,-1.49797939723664,1
TCGA-B6-A1KN-01A-11R-A13Q-07,-1.123652377585607,1
TCGA-E9-A228-01A-31R-A157-07,-1.0456035038619953,1
TCGA-BH-A0B2-01A-11R-A10J-07,-1.6604172516505127,1
TCGA-B6-A0X4-01A-11R-A109-07,-1.0978572583570503,0
TCGA-BH-A1EY-01A-11R-A13Q-07,-1.1390705876698592,1
TCGA-BH-A0HX-01A-21R-A056-07,-1.53510116866264,1
TCGA-A8-A094-01A-11R-A00Z-07,-0.9732306197290047,1
TCGA-AO-A1KR-01A-12R-A144-07,-0.2970019027393183,0
TCGA-A2-A0CV-01A-31R-A115-07,-1.4771115092875573,1
TCGA-A8-A076-01A-21R-A00Z-07,-1.4565299519215433,1
TCGA-E9-A1RE-01A-11R-A157-07,-1.035189441539504,1
TCGA-S3-A6ZG-01A-22R-A32P-07,-1.3182029959526536,1
TCGA-A8-A06Z-01A-11R-A00Z-07,-0.836886722457168,1
TCGA-BH-A8FZ-01A-11R-A352-07,-1.1085800444943494,1
TCGA-LL-A440-01A-11R-A24H-07,-1.0425455708618987,1
TCGA-E9-A249-01A-11R-A169-07,-1.238211981769957,1
TCGA-PL-A8LX-01A-11R-A41B-07,-0.7249967746628884,1
TCGA-E2-A1L8-01A-11R-A13Q-07,-1.099059917214335,1
TCGA-EW-A6SD-01A-12R-A33J-07,-1.0018783752385325,1
TCGA-AO-A0JL-01A-11R-A056-07,-0.46630592901837387,1
TCGA-MS-A51U-01A-31R-A266-07,-1.2929699617728483,1
TCGA-BH-A0E7-01A-11R-A034-07,-1.1176861834393308,1
TCGA-E9-A22G-01A-11R-A157-07,-0.3720151243779713,1
TCGA-A8-A08R-01A-11R-A034-07,-0.8129885662160296,1
TCGA-A2-A4S1-01A-21R-A266-07,-0.5928737332746272,1
TCGA-E2-A1II-01A-11R-A144-07,-0.569624837645752,1
TCGA-A7-A3J0-01A-11R-A213-07,-1.2770373442542404,0
TCGA-BH-A0B8-01A-21R-A056-07,-1.1459302748209095,0
TCGA-AR-A24L-01A-11R-A169-07,-1.0297154523524021,1
TCGA-EW-A1J3-01A-11R-A13Q-07,-0.9474962503333368,1
TCGA-AR-A5QM-01A-11R-A27Q-07,-1.2483466064744098,1
TCGA-AO-A1KS-01A-11R-A13Q-07,-0.515476595737771,1
TCGA-D8-A1JI-01A-11R-A13Q-07,-0.9004074821991945,1
TCGA-A8-A09N-01A-11R-A00Z-07,-1.0284896392791825,1
TCGA-BH-A203-01A-12R-A169-07,-1.1300096218927516,1
TCGA-AR-A2LQ-01A-22R-A18M-07,-1.3315615434126744,1
TCGA-AR-A251-01A-12R-A169-07,-0.521379319159394,1
TCGA-BH-A18J-01A-11R-A12D-07,-1.5396797644756348,1
TCGA-D8-A1XM-01A-21R-A14M-07,-1.6180819537656252,1
TCGA-BH-A0HA-01A-11R-A12P-07,-1.2778456568232694,1
TCGA-AR-A0U2-01A-11R-A109-07,-0.7645128386450987,1
TCGA-E2-A1B1-01A-21R-A12P-07,-1.0406235116695806,1
TCGA-AC-A62X-01A-11R-A29R-07,-0.5461370658492873,0
TCGA-A7-A5ZW-01A-12R-A29R-07,-1.6301220900171225,1
TCGA-BH-A28O-01A-11R-A22K-07,-1.0630737105092756,1
TCGA-D8-A1XQ-01A-11R-A14M-07,-0.8694515221798375,0
TCGA-E9-A248-01A-11R-A169-07,-0.9981608955709111,1
TCGA-A8-A07E-01A-11R-A034-07,-1.6278627227367315,1
TCGA-AC-A23E-01A-11R-A157-07,-1.4533065212634673,1
TCGA-E9-A1N4-01A-11R-A14M-07,-1.1999658201481318,1
TCGA-E2-A15H-01A-11R-A12D-07,-1.3012633193907774,0
TCGA-E2-A1IJ-01A-11R-A144-07,-1.6413844873596326,1
TCGA-D8-A1XR-01A-11R-A14M-07,-1.1394057968134559,1
TCGA-A8-A075-01A-11R-A084-07,-1.2807354762534076,1
TCGA-A8-A06U-01A-11R-A00Z-07,-1.1662457793369005,0
TCGA-B6-A0X7-01A-11R-A10J-07,-1.577041817875336,1
TCGA-AQ-A04J-01A-02R-A034-07,-1.0120627620938547,1
TCGA-A2-A0CQ-01A-21R-A034-07,-1.0365518597260936,1
TCGA-A8-A07F-01A-11R-A00Z-07,-1.121266183460879,1
TCGA-A8-A082-01A-11R-A00Z-07,-1.1770016981696865,1
TCGA-AN-A0XT-01A-11R-A109-07,-0.9978780782465784,1
TCGA-AR-A24X-01A-11R-A169-07,-1.2642553778729242,0
TCGA-A2-A04Y-01A-21R-A034-07,-1.308850115189281,1
TCGA-A2-A1G4-01A-11R-A13Q-07,-1.0037587685459224,1
TCGA-B6-A0IE-01A-11R-A034-07,-0.7883660085995878,1
TCGA-A8-A079-01A-21R-A00Z-07,-0.9883558081735327,1
TCGA-E2-A15E-01A-11R-A12D-07,-1.721603627810587,1
TCGA-E9-A1R3-01A-31R-A14M-07,-1.3355099084210396,1
TCGA-AR-A0TT-01A-31R-A084-07,-1.4190417190864855,0
TCGA-S3-AA0Z-01A-11R-A41B-07,-0.680977747198541,1
TCGA-BH-A0E1-01A-11R-A056-07,-1.45494034127069,1
TCGA-AC-A23G-01A-11R-A213-07,-1.335542950615327,1
TCGA-GM-A3XG-01A-31R-A24H-07,-1.078971996200089,1
TCGA-AR-A1AM-01A-41R-A22K-07,-1.534987072053304,0
TCGA-E9-A1N5-01A-11R-A14D-07,-1.7051831552562773,1
TCGA-A2-A3XX-01A-21R-A239-07,-0.674833787957229,1
TCGA-BH-A0BQ-01A-21R-A115-07,-1.6433229184877804,1
TCGA-EW-A1P7-01A-21R-A144-07,-1.0459163521580452,1
TCGA-BH-A5IZ-01A-11R-A27Q-07,-0.5877517837131104,1
TCGA-D8-A1X7-01A-11R-A14M-07,-1.18516996503778,0
TCGA-BH-A0DP-01A-21R-A056-07,-1.6411063385892621,1
TCGA-AC-A7VB-01A-11R-A352-07,-0.7850772911226634,0
TCGA-A2-A0ST-01A-12R-A084-07,-1.2811942574766295,1
TCGA-A2-A0ES-01A-11R-A115-07,-1.3296703639127643,1
TCGA-BH-A0DT-01A-21R-A12D-07,-1.6945261990552378,1
TCGA-AN-A0AR-01A-11R-A00Z-07,-0.5273172841763912,1
TCGA-A2-A0YJ-01A-11R-A109-07,-0.5431344478755427,0
TCGA-D8-A4Z1-01A-21R-A266-07,-1.3404779823249358,0
TCGA-AO-A0JC-01A-11R-A056-07,-0.7897937194936913,1
TCGA-A2-A04Q-01A-21R-A034-07,-1.0580159323851464,0
TCGA-GM-A2DF-01A-11R-A180-07,-0.8380295266625912,1
TCGA-GM-A2DI-01A-31R-A18M-07,-1.436106852781622,1
TCGA-LL-A5YO-01A-21R-A28M-07,-0.7520525711110556,0
TCGA-EW-A3E8-01B-11R-A24H-07,-1.171248203760848,0
TCGA-BH-A0E9-01B-11R-A115-07,-1.263229827576672,1
TCGA-AR-A1AH-01A-11R-A12D-07,-0.5851915623788803,1
TCGA-E2-A10A-01A-21R-A115-07,-1.390242815987805,1
TCGA-C8-A1HF-01A-11R-A137-07,-0.9441821420754989,1
TCGA-A7-A13H-01A-11R-A22K-07,-1.2685601460915903,1
TCGA-A7-A13F-01A-11R-A12P-07,-1.038845999350344,1
TCGA-D8-A1XV-01A-11R-A14M-07,-0.8394623732231428,0
TCGA-E2-A574-01A-11R-A29R-07,-0.43386497447363304,1
TCGA-GM-A5PV-01A-11R-A28M-07,-1.2315074154050754,1
TCGA-EW-A1PB-01A-11R-A144-07,-0.6560535399344681,0
TCGA-E2-A1IO-01A-11R-A144-07,-1.3540612169535557,1
TCGA-B6-A0RH-01A-21R-A115-07,-1.1086220651126453,1
TCGA-BH-A0B7-01A-12R-A115-07,-1.2442014223346887,1
TCGA-C8-A137-01A-11R-A115-07,-0.8298009510909141,0
TCGA-LL-A8F5-01A-11R-A36F-07,-0.522018979486084,1
TCGA-AQ-A0Y5-01A-11R-A14M-07,-0.9503376142112786,1
TCGA-D8-A13Z-01A-11R-A115-07,-1.0659511488758577,0
TCGA-A2-A4RX-01A-11R-A266-07,-1.0171756581474107,1
TCGA-AR-A24U-01A-11R-A169-07,-1.10698670580952,1
TCGA-E2-A105-01A-11R-A10J-07,-1.143989821549054,1
TCGA-C8-A1HN-01A-11R-A137-07,-0.9978895375922444,1
TCGA-BH-A18S-01A-11R-A12D-07,-1.0655560457792599,1
TCGA-E2-A14Q-01A-11R-A12D-07,-1.5454975376192672,1
TCGA-A7-A0DA-01A-31R-A115-07,-0.9506220891444763,1
TCGA-EW-A1P4-01A-21R-A144-07,-0.6256471945601104,1
TCGA-A8-A081-01A-11R-A00Z-07,-1.0652853798292177,1
TCGA-BH-A0E0-01A-11R-A056-07,-0.6042497870008896,1
TCGA-OL-A66N-01A-12R-A31O-07,-0.6028317326694663,0
TCGA-E2-A2P6-01A-11R-A19W-07,-1.0338101937967852,0
TCGA-BH-A0DK-01A-21R-A056-07,-1.5489887914917908,1
TCGA-E9-A5UO-01A-11R-A28M-07,-0.841306002023273,1
TCGA-D8-A1JC-01A-11R-A13Q-07,-1.2431668106311085,1
TCGA-C8-A134-01A-11R-A115-07,-0.8136432963572668,1
TCGA-A2-A3XT-01A-11R-A22U-07,-0.5838613427489551,1
TCGA-AR-A256-01A-11R-A169-07,-0.5671755427177616,1
TCGA-D8-A1JL-01A-11R-A13Q-07,-0.8576968922363665,1
TCGA-E9-A24A-01A-11R-A169-07,-1.068092724380466,1
TCGA-A2-A3XZ-01A-42R-A239-07,-1.0623315954586923,1
TCGA-BH-A0BF-01A-21R-A12P-07,-1.6437529044706332,1
TCGA-D8-A27F-01A-11R-A16F-07,-0.510810397592271,1
TCGA-A2-A0CY-01A-12R-A034-07,-0.635858129239857,1
TCGA-D8-A27E-01A-11R-A16F-07,-1.0797538966271976,0
TCGA-A2-A0EP-01A-52R-A22U-07,-0.9582461593986166,1
TCGA-GI-A2C8-01A-11R-A16F-07,-1.1229373942981826,1
TCGA-A8-A099-01A-11R-A00Z-07,-0.8841531515563507,0
TCGA-A2-A04U-01A-11R-A115-07,-0.3517818708186913,1
TCGA-BH-A0HP-01A-12R-A084-07,-1.4900768723243485,1
TCGA-EW-A2FV-01A-11R-A17B-07,-1.4880021856776586,1
TCGA-A2-A0CR-01A-11R-A22K-07,-0.5577588967712204,1
TCGA-BH-A0DS-01A-11R-A056-07,-1.3769558447971773,1
TCGA-D8-A1XC-01A-11R-A14D-07,-1.0095242562898143,1
TCGA-E2-A14O-01A-31R-A115-07,-0.6286620876275941,1
TCGA-A1-A0SF-01A-11R-A144-07,-1.6132072286823427,1
TCGA-A8-A06X-01A-21R-A00Z-07,-0.9777053489916767,1
TCGA-BH-A0HI-01A-11R-A084-07,-1.6709626965943298,1
TCGA-E2-A14U-01A-11R-A22K-07,-1.1681911748485327,1
TCGA-E2-A15A-01A-11R-A12D-07,-1.4277323899672973,0
TCGA-A2-A1G6-01A-11R-A13Q-07,-1.0504305143605195,1
TCGA-B6-A1KC-01B-11R-A157-07,-0.7378897588396317,1
TCGA-OL-A5RZ-01A-11R-A28M-07,-0.4739845267440976,1
TCGA-A8-A07I-01A-11R-A00Z-07,-1.1528695903182753,0
TCGA-A2-A0T0-01A-22R-A084-07,-0.7183025543367916,1
TCGA-BH-A42V-01A-11R-A24H-07,-1.2693295011776522,1
TCGA-GM-A3XN-01A-12R-A22U-07,-1.1684241361655092,1
TCGA-D8-A3Z6-01A-11R-A239-07,-1.3094721562590765,1
TCGA-B6-A0IQ-01A-11R-A034-07,-0.6333265354945433,1
TCGA-A8-A095-01A-11R-A00Z-07,-1.5264251641358602,1
TCGA-AO-A125-01A-11R-A10J-07,-0.7311550851057015,1
TCGA-EW-A6SA-01A-21R-A32P-07,-0.755273763307118,0
TCGA-BH-A0DD-01A-31R-A12P-07,-1.084225699930027,1
TCGA-AO-A0J3-01A-11R-A034-07,-0.8868853520634064,0
TCGA-A2-A3XS-01A-11R-A22U-07,-0.8476720329650249,0
TCGA-AC-A8OR-01A-21R-A41B-07,-1.0302946379953588,1
TCGA-BH-A0HK-01A-11R-A056-07,-1.3401776395513638,1
TCGA-E2-A1IG-01A-11R-A144-07,-1.531327012034223,1
TCGA-AO-A12B-01A-11R-A10J-07,-0.8313884689725141,1
TCGA-EW-A1J5-01A-11R-A13Q-07,-1.1586869945962222,1
TCGA-C8-A12Q-01A-11R-A115-07,-1.0894402359564932,1
TCGA-A2-A0EQ-01A-11R-A034-07,-1.1602816722457374,0
TCGA-GM-A3XL-01A-11R-A22U-07,-0.5382190416792793,1
TCGA-BH-A1EU-01A-11R-A137-07,-0.8964768296679414,1
TCGA-BH-A0RX-01A-21R-A084-07,-0.8930480844886453,1
TCGA-E9-A1RF-01A-11R-A157-07,-1.4245985518253372,1
TCGA-AC-A2QI-01A-12R-A19W-07,-1.5182757943469616,1
TCGA-A8-A090-01A-11R-A00Z-07,-1.2724514557676991,0
TCGA-AR-A5QQ-01A-11R-A28M-07,-0.4766069481168101,1
TCGA-XX-A899-01A-11R-A36F-07,-1.5499708110812414,1
TCGA-E2-A156-01A-11R-A12D-07,-1.2258570102292934,1
TCGA-AN-A04C-01A-21R-A034-07,-0.7257781577359415,0
TCGA-AN-A0AT-01A-11R-A034-07,-0.733936507328129,1
TCGA-UL-AAZ6-01A-11R-A41B-07,-0.6248887773620543,1
TCGA-D8-A1X9-01A-12R-A157-07,-1.2219940650398673,1
TCGA-E9-A22E-01A-11R-A157-07,-1.3243849493237498,1
TCGA-BH-A1FB-01A-11R-A13Q-07,-1.3543192392977517,1
TCGA-C8-A8HR-01A-11R-A36F-07,-1.3930503038948183,1
TCGA-EW-A2FR-01A-11R-A21T-07,-1.3877542741517432,1
TCGA-AN-A0AJ-01A-11R-A00Z-07,-0.9759799220201519,1
TCGA-LD-A7W6-01A-81R-A352-07,-1.4826193080179155,1
TCGA-BH-A0B6-01A-11R-A19W-07,-1.1105266347334855,1
TCGA-AR-A252-01A-11R-A169-07,-0.9925082134857784,1
TCGA-AR-A254-01A-21R-A169-07,-1.2344789154352827,1
TCGA-AO-A03P-01A-11R-A00Z-07,-1.1729137713866242,1
TCGA-A8-A07O-01A-11R-A00Z-07,-0.5221799316229004,0
TCGA-EW-A1PE-01A-11R-A144-07,-1.3636633759652022,0
TCGA-AR-A2LL-01A-11R-A180-07,-1.3648752869080134,1
TCGA-A7-A26H-01A-11R-A169-07,-1.3213193443630444,1
TCGA-C8-A26Z-01A-11R-A16F-07,-1.0962094085727105,1
TCGA-AO-A0J9-01A-11R-A034-07,-0.9738402985140938,1
TCGA-EW-A1PF-01A-11R-A144-07,-1.4533736146380525,1
TCGA-A2-A25F-01A-11R-A169-07,-0.8861114690646706,1
TCGA-D8-A73W-01A-22R-A352-07,-1.238539849273231,1
TCGA-AR-A2LJ-01A-12R-A19W-07,-0.7592746336111359,0
TCGA-A8-A07C-01A-11R-A034-07,-0.49501753512099,1
TCGA-E9-A245-01A-22R-A16F-07,-1.3231978591988363,0
TCGA-B6-A408-01A-12R-A24H-07,-1.0992377723304911,0
TCGA-AR-A255-01A-11R-A169-07,-1.4854377330655413,0
TCGA-E2-A1L6-01A-11R-A13Q-07,-1.6530500690146044,0
TCGA-E9-A295-01A-11R-A16F-07,-1.4173128958074022,1
TCGA-BH-A1FE-01A-11R-A13Q-07,-1.1381811701254465,0
TCGA-BH-A1FM-01A-11R-A13Q-07,-0.47650742529174955,0
TCGA-OL-A5RU-01A-11R-A28M-07,-1.3923566573366808,1
TCGA-C8-A1HO-01A-11R-A13Q-07,-0.9859216285731103,0
TCGA-GM-A2DO-01A-11R-A18M-07,-0.8147324530435256,0
TCGA-AN-A0FZ-01A-11R-A034-07,-1.0818979533751083,1
TCGA-D8-A1JN-01A-11R-A13Q-07,-0.8309466301456353,1
TCGA-OL-A6VO-01A-12R-A33J-07,-0.6618254357371192,0
TCGA-AN-A0FV-01A-11R-A00Z-07,-1.0327868289099622,1
TCGA-D8-A1J9-01A-11R-A13Q-07,-1.2381072496395038,1
TCGA-B6-A0IB-01A-11R-A034-07,-0.9756455517739838,1
TCGA-A8-A06R-01A-11R-A00Z-07,-1.1125940522453068,0
TCGA-AR-A24H-01A-11R-A169-07,-0.8489329583679506,1
TCGA-E2-A109-01A-11R-A10J-07,-1.1923253080758947,1
TCGA-AR-A5QN-01A-12R-A28M-07,-1.5459933520025129,1
TCGA-A2-A0EX-01A-21R-A034-07,-1.582576202503664,1
TCGA-C8-A12N-01A-11R-A115-07,-1.524133748726848,1
TCGA-A2-A259-01A-11R-A16F-07,-1.2599325634224048,1
TCGA-AO-A12A-01A-21R-A115-07,-1.7339549831546037,0
TCGA-A7-A3RF-01A-11R-A22K-07,-0.7697953782679415,1
TCGA-AN-A0FS-01A-11R-A034-07,-1.6018435198360719,1
TCGA-C8-A26W-01A-11R-A16F-07,-1.3992199697360692,1
TCGA-E9-A1RC-01A-11R-A157-07,-0.9709962638029438,1
TCGA-E2-A1B0-01A-11R-A12P-07,-0.9776162764311038,1
TCGA-AO-A126-01A-11R-A10J-07,-0.9640685656687374,1
TCGA-AC-A4ZE-01A-11R-A41B-07,-1.129936305283123,0
TCGA-E9-A229-01A-31R-A157-07,-1.7344391117518276,1
TCGA-EW-A1P1-01A-31R-A14D-07,-1.3497865499808739,0
TCGA-BH-AB28-01A-31R-A41B-07,-1.443022936254821,1
TCGA-A8-A08P-01A-11R-A00Z-07,-1.4999009065457405,0
TCGA-EW-A1IX-01A-12R-A144-07,-1.4114285556401904,0
TCGA-LL-A73Z-01A-11R-A32P-07,-1.316126682357311,0
TCGA-E9-A1R7-01A-11R-A14M-07,-0.5418580663812194,1
TCGA-BH-A1F2-01A-31R-A13Q-07,-0.7404441363776615,0
TCGA-A8-A0A6-01A-12R-A056-07,-1.4560264862789725,1
TCGA-A1-A0SE-01A-11R-A084-07,-1.8952525173580481,1
TCGA-E9-A1NG-01A-21R-A14M-07,-1.456696069035363,1
TCGA-B6-A1KF-01A-11R-A13Q-07,-0.5355574621662363,1
TCGA-BH-A0EE-01A-11R-A034-07,-0.57823116346994,1
TCGA-BH-A0BD-01A-11R-A034-07,-1.6430522894996655,1
TCGA-OL-A5RY-01A-21R-A28M-07,-1.1536253349114451,1
TCGA-E9-A1RD-01A-11R-A157-07,-1.357102145248829,1
TCGA-AR-A24K-01A-11R-A169-07,-0.8886275083242532,1
TCGA-BH-A0BP-01A-11R-A115-07,-1.3830726434094847,1
TCGA-C8-A130-01A-31R-A115-07,-1.1681314297517602,1
TCGA-B6-A0RG-01A-11R-A056-07,-1.239511518584341,1
TCGA-E9-A1NA-01A-11R-A144-07,-1.1115149826901691,1
TCGA-A8-A0A2-01A-11R-A034-07,-1.2548919604484357,0
TCGA-E2-A14V-01A-11R-A12D-07,-1.2672273843691308,0
TCGA-E2-A1LL-01A-11R-A144-07,-0.6419873670380405,1
TCGA-AR-A24M-01A-11R-A169-07,-0.96562204856377,1
TCGA-A8-A0AB-01A-11R-A034-07,-1.043732427354423,1
TCGA-C8-A1HL-01A-11R-A137-07,-1.0868635065571595,1
TCGA-OL-A66P-01A-11R-A31O-07,-0.45882519135908173,0
TCGA-OL-A66K-01A-11R-A29R-07,-1.0747512331319191,1
TCGA-BH-A0HF-01A-11R-A056-07,-1.6945856035996087,1
TCGA-AN-A03X-01A-21R-A00Z-07,-1.1683870238843372,1
TCGA-A2-A1FV-01A-11R-A13Q-07,-0.6612265446890855,1
TCGA-E9-A3HO-01A-11R-A213-07,-0.7234076326293697,1
TCGA-A2-A0YE-01A-11R-A109-07,-0.7897958833662425,1
TCGA-A1-A0SP-01A-11R-A084-07,-0.7439923463950555,1
TCGA-AO-A0J7-01A-11R-A034-07,-0.8325260738778832,1
TCGA-C8-A3M7-01A-12R-A21T-07,-1.2773084773229741,1
TCGA-A2-A0YG-01A-21R-A109-07,-0.9164800466741072,1
TCGA-E2-A14Y-01A-21R-A12D-07,-0.6710459596195021,1
TCGA-EW-A424-01A-11R-A24H-07,-0.9735754288418212,1
TCGA-D8-A141-01A-11R-A115-07,-1.7263835129858711,1
TCGA-C8-A1HJ-01A-11R-A13Q-07,-0.43681007340119915,1
TCGA-C8-A12O-01A-11R-A115-07,-1.3050652731328958,0
TCGA-LL-A442-01A-11R-A24H-07,-1.0844949016024108,1
TCGA-C8-A12Z-01A-11R-A115-07,-0.9306917994419458,1
TCGA-EW-A1OX-01A-11R-A144-07,-0.8928226149853266,0
TCGA-E9-A1RG-01A-11R-A14D-07,-0.6136199212076754,1
TCGA-AQ-A1H2-01A-11R-A13Q-07,-1.0292198690077445,0
TCGA-AR-A24Q-01A-12R-A169-07,-0.8582289757477266,1
TCGA-A8-A09K-01A-11R-A00Z-07,-1.003348606700786,1
TCGA-BH-A0W7-01A-11R-A115-07,-1.499889566239169,1
TCGA-BH-A0H0-01A-11R-A056-07,-0.8446804796854352,0
TCGA-AO-A0JD-01A-11R-A056-07,-0.7237232746352165,1
TCGA-A2-A4RW-01A-21R-A266-07,-1.3440107193919266,1
TCGA-C8-A12U-01A-11R-A115-07,-0.7582278687748979,1
TCGA-C8-A12V-01A-11R-A115-07,-0.9187842712601132,1
TCGA-E9-A1NC-01A-21R-A26B-07,-0.8386612397452041,1
TCGA-AO-A12G-01A-11R-A10J-07,-1.3541108275379843,0
TCGA-S3-AA11-01A-31R-A41B-07,-1.4447415834564767,1
TCGA-BH-A0HQ-01A-11R-A034-07,-1.6122917838780597,1
TCGA-AO-A03L-01A-41R-A056-07,-1.1952601118979083,1
TCGA-C8-A1HM-01A-12R-A137-07,-0.9089783704262098,1
TCGA-D8-A146-01A-31R-A115-07,-1.6293923310373797,0
TCGA-A2-A0EV-01A-11R-A034-07,-1.63437215951206,1
TCGA-E2-A154-01A-11R-A115-07,-1.4380645126162248,1
TCGA-E2-A1LE-01A-12R-A19W-07,-1.0638677128151635,1
TCGA-E9-A1R5-01A-11R-A14M-07,-1.0634262625493542,1
TCGA-AC-A3EH-01A-22R-A22K-07,-1.0692599890072085,1
TCGA-C8-A12Y-01A-11R-A12D-07,-0.9107987235907391,1
TCGA-BH-A0E2-01A-11R-A056-07,-1.3552269222174091,0
TCGA-D8-A1XG-01A-11R-A14D-07,-1.1429835306569551,1
TCGA-OL-A5DA-01A-11R-A27Q-07,-1.2287538137453833,1
TCGA-AC-A3HN-01A-11R-A213-07,-1.7166322519657795,1
TCGA-B6-A0RP-01A-21R-A084-07,-1.5395246600032937,1
TCGA-3C-AALI-01A-11R-A41B-07,-0.817648345499354,1
TCGA-D8-A1Y2-01A-11R-A157-07,-1.4513074436554816,0
TCGA-S3-AA15-01A-11R-A41B-07,-0.934594886956685,1
TCGA-BH-A0W5-01A-11R-A109-07,-1.5340287115144535,1
TCGA-A8-A097-01A-11R-A034-07,-1.2907874594600786,1
TCGA-AO-A12D-01A-11R-A115-07,-1.2309828327413102,1
TCGA-AN-A04A-01A-21R-A034-07,-1.358453688033207,1
TCGA-E2-A1B4-01A-11R-A12P-07,-1.0911373856969226,1
TCGA-A8-A09R-01A-11R-A00Z-07,-1.3337513154329295,1
TCGA-XX-A89A-01A-11R-A36F-07,-1.2126025182071505,1
TCGA-AR-A24O-01A-11R-A169-07,-1.2762542380184414,1
TCGA-E2-A1LG-01A-21R-A14M-07,-0.5661972110311719,1
TCGA-AC-A8OS-01A-12R-A41B-07,-1.0509348934051954,1
TCGA-HN-A2NL-01A-11R-A18M-07,-0.4680745191886598,0
TCGA-E9-A1N6-01A-11R-A144-07,-1.4169686857768524,0
TCGA-E2-A10C-01A-21R-A10J-07,-0.7656952720437139,1
TCGA-BH-A0AU-01A-11R-A12P-07,-1.3202629148638938,0
TCGA-A2-A0EW-01A-21R-A115-07,-1.5122851054166289,1
TCGA-A8-A07B-01A-11R-A00Z-07,-0.906480133982533,1
TCGA-E2-A15K-01A-11R-A12P-07,-1.5066998286533129,1
TCGA-EW-A6S9-01A-22R-A33J-07,-1.3725010752819944,0
TCGA-AC-A3W5-01A-11R-A22K-07,-1.2612936852242054,1
TCGA-BH-A0AV-01A-31R-A115-07,-0.8433483359019346,1
TCGA-A2-A0T7-01A-21R-A084-07,-1.519892493467577,0
TCGA-AO-A03V-01A-11R-A115-07,-1.2178002709945868,1
TCGA-BH-A0DZ-01A-11R-A00Z-07,-1.093581432980242,1
TCGA-AN-A041-01A-11R-A034-07,-1.2542181298975719,0
TCGA-B6-A0I5-01A-11R-A034-07,-0.8884018965381856,1
TCGA-BH-A0BM-01A-11R-A056-07,-1.3008508643053978,1
TCGA-BH-A0GZ-01A-11R-A056-07,-1.1266578197913504,1
TCGA-LL-A5YN-01A-11R-A28M-07,-0.6225742059876382,1
TCGA-B6-A0RM-01A-11R-A084-07,-1.2372140768845707,0
TCGA-A2-A4S3-01A-21R-A266-07,-0.8299060548080497,1
TCGA-BH-A201-01A-11R-A14M-07,-1.4823210890384186,1
TCGA-A2-A0SV-01A-11R-A084-07,-1.2188325183902726,0
TCGA-A8-A07L-01A-11R-A00Z-07,-0.9956378387741179,1
TCGA-AR-A2LN-01A-21R-A18M-07,-1.1492642617046138,0
TCGA-C8-A278-01A-11R-A169-07,-1.0061400887977767,1
TCGA-A2-A0CM-01A-31R-A034-07,-0.8242707069285518,1
TCGA-C8-A1HE-01A-11R-A13Q-07,-1.4034825013284702,1
TCGA-LL-A7T0-01A-31R-A352-07,-0.6891214709908532,0
TCGA-B6-A0WT-01A-11R-A109-07,-1.4686607782633356,1
TCGA-OL-A5D6-01A-21R-A27Q-07,-1.0792843022858574,1
TCGA-E2-A14S-01A-11R-A12D-07,-1.2117261621212392,0
TCGA-AQ-A1H3-01A-31R-A13Q-07,-1.5188456960773027,1
TCGA-BH-A1F8-01A-11R-A13Q-07,-0.5152476001193791,1
TCGA-A8-A0AD-01A-11R-A056-07,-1.2689831083532912,1
TCGA-GM-A2DA-01A-11R-A18M-07,-1.0618652081180027,1
TCGA-A2-A0T5-01A-21R-A084-07,-1.6378598093295353,1
TCGA-A8-A09M-01A-11R-A00Z-07,-1.312344595178261,1
TCGA-B6-A0X1-01A-11R-A109-07,-0.6515878605041835,0
TCGA-AN-A0XU-01A-11R-A109-07,-0.640194849609495,1
TCGA-BH-A1EV-01A-11R-A137-07,-1.1633764792797234,1
TCGA-EW-A1OZ-01A-11R-A144-07,-1.0634469942549696,1
TCGA-C8-A12X-01A-11R-A115-07,-0.9448341469938984,1
TCGA-JL-A3YX-01A-11R-A22U-07,-1.0995573178840123,1
TCGA-OL-A5D7-01A-11R-A27Q-07,-0.2797890390988203,1
TCGA-E2-A1IK-01A-11R-A144-07,-1.2156131490575266,0
TCGA-A2-A0CW-01A-21R-A115-07,-0.7938679169272268,0
TCGA-A2-A0ET-01A-31R-A034-07,-0.815558686625808,1
TCGA-B6-A400-01A-11R-A239-07,-0.9074636744543723,1
