sample_id,score,y_member
TCGA-E2-A158-01A-11R-A12D-07,0.5109372324169529,1
TCGA-AO-A1KO-01A-31R-A13Q-07,0.27042230449559973,0
TCGA-AR-A0TX-01A-11R-A084-07,0.5269449833216684,1
TCGA-D8-A1XB-01A-11R-A14D-07,0.9462513672883337,1
TCGA-B6-A0IG-01A-11R-A034-07,0.6954765650672775,0
TCGA-AC-A5EH-01A-11R-A28M-07,0.3577272891100727,0
TCGA-LL-A7SZ-01A-32R-A352-07,0.7692944900375344,1
TCGA-A7-A26J-01A-11R-A169-07,0.9179069643237653,1
TCGA-E9-A22H-01A-11R-A157-07,0.6560895522851341,0
TCGA-BH-A208-01A-11R-A157-07,0.2946599718373914,1
TCGA-BH-A6R9-01A-21R-A32P-07,0.2045352068059157,0
TCGA-OL-A5S0-01A-11R-A28M-07,0.6351330441467121,1
TCGA-A1-A0SD-01A-11R-A115-07,0.9089584264088983,1
TCGA-AO-A0JB-01A-11R-A32Y-07,0.2259370141730112,1
TCGA-E2-A1BD-01A-11R-A12P-07,0.85908660164255,0
TCGA-AN-A0AS-01A-11R-A00Z-07,0.7973916007888711,1
TCGA-A7-A13G-01A-11R-A13Q-07,0.7149997917095521,1
TCGA-B6-A0RS-01A-11R-A084-07,0.3039505433398035,1
TCGA-A2-A4S0-01A-21R-A266-07,0.7828652767616359,1
TCGA-BH-A1F5-01A-12R-A13Q-07,0.806634693296054,0
TCGA-A2-A0CX-01A-21R-A00Z-07,0.8240001608359607,1
TCGA-A7-A13D-01A-13R-A12P-07,0.5322993775978977,1
TCGA-AN-A03Y-01A-21R-A00Z-07,0.5855547349764464,1
TCGA-E9-A1ND-01A-11R-A144-07,0.5001996009790566,1
TCGA-EW-A1P5-01A-11R-A144-07,0.808903327149577,0
TCGA-EW-A423-01A-11R-A24H-07,0.8688626319564222,1
TCGA-A7-A5ZV-01A-11R-A28M-07,0.3187870042638135,1
TCGA-C8-A8HP-01A-11R-A36F-07,0.4398889294467906,1
TCGA-AQ-A54O-01A-11R-A266-07,0.4273278552920847,0
TCGA-E9-A5FK-01A-11R-A27Q-07,0.8984263864157171,1
TCGA-D8-A142-01A-11R-A115-07,0.412708516464316,0
TCGA-BH-A0BC-01A-22R-A084-07,0.8284348007425074,0
TCGA-A2-A0EY-01A-11R-A034-07,0.5066871445553294,1
TCGA-D8-A1J8-01A-11R-A13Q-07,0.6306755428811938,1
TCGA-A8-A06Y-01A-21R-A00Z-07,0.7595728568562231,1
TCGA-EW-A1J1-01A-11R-A13Q-07,0.7890193007885752,1
TCGA-BH-A0C0-01A-21R-A056-07,0.6027884935484636,1
TCGA-AC-A2FK-01A-12R-A180-07,0.6357289207124542,1
TCGA-A2-A3XV-01A-21R-A239-07,0.3079627210389218,1
TCGA-BH-A0HB-01A-11R-A056-07,0.8189787620003386,1
TCGA-AN-A0XL-01A-11R-A10J-07,0.8691795880532301,1
TCGA-E2-A10B-01A-11R-A10J-07,0.8917548463276134,1
TCGA-A2-A04X-01A-21R-A034-07,0.2783934394817225,1
TCGA-AR-A1AN-01A-11R-A12P-07,0.8225897996229489,1
TCGA-A2-A0EM-01A-11R-A034-07,0.8758716501826318,1
TCGA-B6-A0WS-01A-11R-A115-07,0.8506629263034693,1
TCGA-D8-A1XD-01A-11R-A14D-07,0.7826021044572388,1
TCGA-A8-A091-01A-11R-A00Z-07,0.7577617054366561,0
TCGA-E9-A2JS-01A-11R-A180-07,0.5464308647073791,1
TCGA-A2-A1G1-01A-21R-A13Q-07,0.49209959533434283,1
TCGA-E9-A22B-01A-11R-A157-07,0.8221474788176918,1
TCGA-D8-A27G-01A-11R-A16F-07,0.8828585461759719,1
TCGA-A7-A13E-01A-11R-A12P-07,0.35495852468107286,0
TCGA-BH-A0AY-01A-21R-A00Z-07,0.8685319002943124,1
TCGA-E2-A1L7-01A-11R-A144-07,0.5585800105493368,1
TCGA-AN-A046-01A-21R-A034-07,0.809114824001459,1
TCGA-AN-A0AL-01A-11R-A00Z-07,0.5526733375025782,1
TCGA-D8-A27K-01A-11R-A16F-07,0.9287537907957792,1
TCGA-BH-A0DO-01B-11R-A12D-07,0.9162748654179248,1
TCGA-A7-A4SB-01A-21R-A266-07,0.7911527670732285,1
TCGA-EW-A6SB-01A-12R-A32P-07,0.7003932418963786,1
TCGA-D8-A1JM-01A-11R-A13Q-07,0.38126686189112835,1
TCGA-OL-A66J-01A-11R-A29R-07,0.8162644904729741,0
TCGA-D8-A13Y-01A-11R-A115-07,0.37947558824153044,1
TCGA-AR-A24N-01A-11R-A169-07,0.6760926875932203,1
TCGA-BH-A0B1-01A-12R-A056-07,0.8033499754610439,0
TCGA-B6-A0RN-01A-12R-A084-07,0.8822493683512118,1
TCGA-A2-A0T1-01A-21R-A084-07,0.4690701907585902,1
TCGA-AN-A0AM-01A-11R-A034-07,0.38265554165609833,0
TCGA-E2-A1LA-01A-11R-A144-07,0.8141235403318301,1
TCGA-JL-A3YW-01A-12R-A239-07,0.45593479532883996,1
TCGA-BH-A0H3-01A-11R-A12P-07,0.8767607805451085,0
TCGA-E2-A1IF-01A-11R-A144-07,0.8605900859371415,0
TCGA-C8-A26X-01A-31R-A16F-07,0.3600833113377415,0
TCGA-A8-A09B-01A-11R-A00Z-07,0.9019295792431655,1
TCGA-A7-A26G-01A-21R-A169-07,0.5661888039681985,1
TCGA-AC-A2FE-01A-11R-A19W-07,0.8776291083019017,0
TCGA-A8-A08G-01A-11R-A00Z-07,0.695392702820572,1
TCGA-AN-A0FJ-01A-11R-A00Z-07,0.4969634130267597,1
TCGA-B6-A0RV-01A-11R-A084-07,0.8547368242986203,1
TCGA-B6-A0WV-01A-11R-A109-07,0.6730776304077499,1
TCGA-A8-A07P-01A-11R-A00Z-07,0.7857809108765693,0
TCGA-A8-A08H-01A-21R-A00Z-07,0.28509083900926385,0
TCGA-AR-A0TW-01A-11R-A084-07,0.7656535279954171,1
TCGA-E2-A15F-01A-11R-A115-07,0.8334450279043897,1
TCGA-B6-A0WX-01A-11R-A109-07,0.6860390319972636,1
TCGA-D8-A1Y1-01A-21R-A14M-07,0.694992477500682,1
TCGA-E2-A14Z-01A-11R-A115-07,0.8477473891209323,1
TCGA-A2-A25A-01A-12R-A16F-07,0.7740448025124407,1
TCGA-A2-A0CT-01A-31R-A056-07,0.7499009157860168,1
TCGA-HN-A2OB-01A-21R-A27Q-07,0.9348906789154064,1
TCGA-B6-A0RT-01A-21R-A084-07,0.6048760760582081,1
TCGA-AR-A24T-01A-11R-A169-07,0.8759519180856326,0
TCGA-E9-A1R0-01A-22R-A16F-07,0.9082863247240929,1
TCGA-E9-A5FL-01A-11R-A27Q-07,0.42464604495246616,1
TCGA-E2-A3DX-01A-21R-A213-07,0.890979065781459,1
TCGA-E2-A14T-01A-11R-A115-07,0.8119063641904286,1
TCGA-A2-A4RY-01A-31R-A266-07,0.7256020332158871,1
TCGA-AR-A2LK-01A-11R-A180-07,0.7884450020068161,1
TCGA-BH-A42U-01A-12R-A24H-07,0.6746059503960452,1
TCGA-AO-A12C-01A-11R-A10J-07,0.8586740189083633,1
TCGA-A2-A3XY-01A-11R-A239-07,0.6589378052160751,1
TCGA-D8-A73X-01A-11R-A32P-07,0.8905595088792,0
TCGA-AR-A2LO-01A-31R-A18M-07,0.9148169433022992,1
TCGA-AO-A0JJ-01A-11R-A056-07,0.9148231920905209,1
TCGA-LD-A74U-01A-13R-A33J-07,0.9415068770373288,1
TCGA-AN-A0XN-01A-21R-A109-07,0.7848309455344504,0
TCGA-E2-A107-01A-11R-A10J-07,0.8447429766608769,1
TCGA-A7-A6VV-01A-22R-A33J-07,0.6382266221313452,1
TCGA-AC-A5XS-01A-11R-A29R-07,0.7971817977789175,0
TCGA-BH-A0H6-01A-21R-A056-07,0.8318787981127473,0
TCGA-AC-A23C-01A-12R-A169-07,0.8027314565552831,1
TCGA-E9-A1NH-01A-11R-A14D-07,0.8538992403696241,0
TCGA-D8-A1XW-01A-11R-A14M-07,0.15632700837416277,1
TCGA-AO-A0JG-01A-31R-A084-07,0.8144861753913607,1
TCGA-BH-A18N-01A-11R-A12D-07,0.8043883097440192,1
TCGA-A1-A0SO-01A-22R-A084-07,0.386802892348164,1
TCGA-BH-A0B5-01A-11R-A12P-07,0.9064508169207883,1
TCGA-A8-A09T-01A-11R-A00Z-07,0.8763269084046479,1
TCGA-BH-A0BR-01A-21R-A115-07,0.7958447859932727,1
TCGA-D8-A27W-01A-11R-A16F-07,0.650738296699813,1
TCGA-BH-A0BW-01A-11R-A115-07,0.48602341645190217,1
TCGA-GM-A2DB-01A-31R-A18M-07,0.4203113386619199,1
TCGA-AC-A2QH-01A-11R-A18M-07,0.28796217164429305,1
TCGA-D8-A1JB-01A-11R-A13Q-07,0.9015210149066114,1
TCGA-BH-A1ES-01A-11R-A137-07,0.8186452287383701,1
TCGA-OL-A97C-01A-32R-A41B-07,0.43203128468684926,1
TCGA-A2-A0YF-01A-21R-A109-07,0.7875294345250955,0
TCGA-D8-A1XS-01A-11R-A14M-07,0.8214052643956633,1
TCGA-D8-A140-01A-11R-A115-07,0.8241951770814913,1
TCGA-A8-A09Q-01A-11R-A00Z-07,0.595536962290512,1
TCGA-B6-A0I1-01A-11R-A21T-07,0.4629275793980176,1
TCGA-AO-A0JE-01A-11R-A056-07,0.43231063054659585,1
TCGA-A2-A1FW-01A-11R-A13Q-07,0.5143548911107294,1
TCGA-D8-A1XY-01A-11R-A14M-07,0.8132441922211574,1
TCGA-A2-A04R-01A-41R-A109-07,0.6153387887838564,1
TCGA-A2-A1FX-01A-11R-A13Q-07,0.6193646980894518,1
TCGA-A8-A07W-01A-11R-A00Z-07,0.5313109049070432,0
TCGA-D8-A1XK-01A-21R-A14M-07,0.46971610937562913,1
TCGA-D8-A3Z5-01A-41R-A24H-07,0.8475279205308667,0
TCGA-LL-A5YM-01A-11R-A28M-07,0.5156695244022079,1
TCGA-B6-A0IJ-01A-11R-A034-07,0.597975196355399,1
TCGA-A8-A06N-01A-11R-A00Z-07,0.4939891515490254,1
TCGA-GM-A2DM-01A-11R-A180-07,0.8308408770829705,1
TCGA-E2-A15D-01A-11R-A115-07,0.8958485821895161,1
TCGA-B6-A1KI-01A-11R-A14M-07,0.844915047671895,1
TCGA-D8-A1JS-01A-11R-A13Q-07,0.8004355835163847,1
TCGA-PE-A5DD-01A-12R-A27Q-07,0.8611952279814606,1
TCGA-BH-A0BG-01A-11R-A115-07,0.6386937084512124,1
TCGA-LL-A6FQ-01A-11R-A31O-07,0.8458021074179143,1
TCGA-E2-A1IN-01A-11R-A13Q-07,0.8754139463457247,0
TCGA-A8-A06T-01A-11R-A00Z-07,0.775812043114607,1
TCGA-B6-A402-01A-11R-A239-07,0.6550396023779892,1
TCGA-E2-A9RU-01A-11R-A41B-07,0.4455204597289641,0
TCGA-A2-A3XW-01A-11R-A239-07,0.2921700067321569,1
TCGA-B6-A0RU-01A-11R-A084-07,0.7424072365651281,1
TCGA-A8-A086-01A-11R-A00Z-07,0.8885406037151031,1
TCGA-B6-A40C-01A-11R-A239-07,0.8394630872277037,1
TCGA-D8-A1JF-01A-11R-A13Q-07,0.2797271980139539,0
TCGA-A2-A0T6-01A-11R-A084-07,0.9013416556678813,1
TCGA-BH-A1FG-01A-11R-A13Q-07,0.8415014251725467,1
TCGA-GM-A3NY-01A-11R-A21T-07,0.8233238470825494,1
TCGA-AN-A0AK-01A-21R-A00Z-07,0.5255755041139994,1
TCGA-BH-A1FC-01A-11R-A13Q-07,0.46917791634225847,1
TCGA-E9-A227-01A-11R-A157-07,0.9148904853600751,1
TCGA-BH-A18P-01A-11R-A12D-07,0.5701142135810833,1
TCGA-E2-A15R-01A-11R-A115-07,0.8068787165044522,1
TCGA-BH-A0WA-01A-11R-A109-07,0.809364239031507,1
TCGA-BH-A42T-01A-11R-A24H-07,0.6433862406081575,1
TCGA-AC-A23H-01A-11R-A157-07,0.3549551511447512,1
TCGA-OL-A66I-01A-21R-A29R-07,0.44363952027153264,0
TCGA-S3-AA17-01A-11R-A41B-07,0.6458648454443895,1
TCGA-AR-A1AL-01A-21R-A12P-07,0.931399323343354,1
TCGA-AC-A2B8-01A-11R-A17B-07,0.9093650349498269,1
TCGA-D8-A1XO-01A-11R-A14M-07,0.8342986859906589,0
TCGA-C8-A26Y-01A-11R-A16F-07,0.2580715302328025,0
TCGA-BH-A0DG-01A-21R-A12P-07,0.8834225137758087,1
TCGA-E9-A243-01A-21R-A169-07,0.5691177014132022,1
TCGA-A2-A04W-01A-31R-A115-07,0.2973954610401473,1
TCGA-A8-A09G-01A-21R-A00Z-07,0.47230937051808114,1
TCGA-BH-A0DI-01A-21R-A12P-07,0.8407096765450605,0
TCGA-E2-A152-01A-11R-A12D-07,0.36768030007247315,0
TCGA-AQ-A7U7-01A-22R-A352-07,0.8710840181856501,0
TCGA-BH-A0BZ-01A-31R-A12P-07,0.6437373093321553,1
TCGA-EW-A1OV-01A-11R-A144-07,0.38587596918511313,1
TCGA-A8-A0A7-01A-11R-A00Z-07,0.6530718142768217,1
TCGA-BH-A1EN-01A-11R-A13Q-07,0.43518383993395854,1
TCGA-E2-A1IE-01A-11R-A13Q-07,0.8317851878549595,1
TCGA-BH-A0HW-01A-11R-A034-07,0.48742026816249595,0
TCGA-BH-A0BJ-01A-11R-A056-07,0.869570000976823,0
TCGA-AO-A03N-01B-11R-A10J-07,0.5089736364989424,1
TCGA-EW-A1P3-01A-11R-A144-07,0.9003410987761633,1
TCGA-B6-A0I2-01A-11R-A034-07,0.43732560330106385,1
TCGA-EW-A1PD-01A-11R-A144-07,0.841596308996472,1
TCGA-B6-A0IH-01A-11R-A115-07,0.8732928087438285,1
TCGA-E2-A15M-01A-11R-A12D-07,0.8753763749372461,1
TCGA-BH-A0H9-01A-11R-A056-07,0.8413343953696942,1
TCGA-BH-A0HL-01A-11R-A10U-07,0.7303885658869791,1
TCGA-A8-A07G-01A-11R-A034-07,0.8643530889297121,1
TCGA-E2-A1IL-01A-11R-A14D-07,0.8865985220562517,1
TCGA-AR-A0U4-01A-11R-A109-07,0.4822011527946685,1
TCGA-D8-A147-01A-11R-A115-07,0.4599757493690063,0
TCGA-BH-A0HY-01A-11R-A056-07,0.4207061474815347,0
TCGA-D8-A1XT-01A-11R-A14M-07,0.3446470997324695,1
TCGA-E2-A14W-01A-11R-A12D-07,0.5769297041127457,1
TCGA-E9-A1RB-01A-11R-A157-07,0.6352350428288082,1
TCGA-LL-A5YL-01A-12R-A29R-07,0.8127439345255375,1
TCGA-WT-AB41-01A-11R-A41B-07,0.7541657612778632,1
TCGA-A8-A09Z-01A-11R-A00Z-07,0.4019845980514381,1
TCGA-AN-A0FX-01A-11R-A034-07,0.7103534696443882,1
TCGA-B6-A409-01A-11R-A24H-07,0.46163232572834867,0
TCGA-EW-A1PG-01A-11R-A144-07,0.4472976309185448,1
TCGA-OL-A6VR-01A-32R-A33J-07,0.8265077021461342,1
TCGA-BH-A1FN-01A-11R-A13Q-07,0.5688753858583658,1
TCGA-AR-A2LR-01A-12R-A18M-07,0.6354386819188669,1
TCGA-A7-A5ZX-01A-12R-A29R-07,0.9164971510683309,1
TCGA-LL-A73Y-01A-11R-A33J-07,0.5710833956879283,1
TCGA-A2-A25D-01A-12R-A16F-07,0.7968977470923821,1
TCGA-BH-A0C7-01B-11R-A115-07,0.6608470583957707,1
TCGA-E2-A570-01A-11R-A29R-07,0.9178047163894644,1
TCGA-BH-A1FL-01A-11R-A13Q-07,0.9108407896520736,1
TCGA-A1-A0SG-01A-11R-A144-07,0.8630120000163043,1
TCGA-A8-A07U-01A-11R-A034-07,0.5519736243799181,1
TCGA-E2-A15L-01A-11R-A12D-07,0.8201216122875365,0
TCGA-E9-A1R4-01A-21R-A14D-07,0.672738646110832,1
TCGA-AR-A0TS-01A-11R-A115-07,0.4908534197039875,0
TCGA-E2-A10F-01A-11R-A10J-07,0.9519863453267869,1
TCGA-AO-A128-01A-11R-A10J-07,0.37581693219994694,0
TCGA-AR-A0U3-01A-11R-A109-07,0.7802976496392187,1
TCGA-BH-A0DL-01A-11R-A115-07,0.42890942739810634,1
TCGA-A7-A0D9-01A-31R-A056-07,0.6989191903257683,0
TCGA-AN-A0FD-01A-11R-A034-07,0.8437026574422316,1
TCGA-A2-A0YK-01A-22R-A109-07,0.7389693972167419,1
TCGA-BH-A1FH-01A-12R-A13Q-07,0.8695661828439305,1
TCGA-C8-A12T-01A-11R-A115-07,0.41690342967744515,1
TCGA-B6-A2IU-01A-32R-A18M-07,0.8759688033169131,1
TCGA-4H-AAAK-01A-12R-A41B-07,0.9189240277392725,1
TCGA-E2-A1IU-01A-11R-A14D-07,0.9138963918778008,1
TCGA-3C-AALK-01A-11R-A41B-07,0.9142388878888956,1
TCGA-D8-A27M-01A-11R-A16F-07,0.5093454669003672,0
TCGA-E2-A56Z-01A-12R-A29R-07,0.598454973880197,1
TCGA-AO-A1KQ-01A-11R-A13Q-07,0.6475259784678388,1
TCGA-AR-A2LE-01A-11R-A180-07,0.7752063981951512,1
TCGA-E2-A1BC-01A-11R-A12P-07,0.8295280096486145,0
TCGA-BH-A0E6-01A-11R-A034-07,0.4588569145438896,1
TCGA-AO-A0J2-01A-11R-A034-07,0.2842984289694658,1
TCGA-A7-A6VX-01A-12R-A33J-07,0.599057034720366,1
TCGA-E2-A1LI-01A-12R-A157-07,0.698297367090686,1
TCGA-AR-A1AT-01A-11R-A12P-07,0.571266028385652,1
TCGA-A7-A426-01A-22R-A24H-07,0.9037944870811617,0
TCGA-A2-A25C-01A-11R-A169-07,0.5795500174849129,0
TCGA-B6-A0RL-01A-11R-A084-07,0.387415903114678,0
TCGA-OK-A5Q2-01A-11R-A27Q-07,0.8557236539034162,0
TCGA-E9-A244-01A-11R-A169-07,0.6130148116945812,1
TCGA-E9-A1R6-01A-11R-A14D-07,0.891412571108076,1
TCGA-BH-A8G0-01A-11R-A352-07,0.9357383911184696,1
TCGA-EW-A1IZ-01A-11R-A13Q-07,0.8335271968696711,1
TCGA-AO-A0J5-01A-11R-A034-07,0.8509300881284441,1
TCGA-E2-A1AZ-01A-11R-A12P-07,0.6343787960506839,1
TCGA-B6-A0RE-01A-11R-A056-07,0.7565668896032687,1
TCGA-A7-A4SE-01A-11R-A266-07,0.5008476184755719,1
TCGA-LL-A740-01A-21R-A32P-07,0.7391161674034032,1
TCGA-A8-A07R-01A-21R-A034-07,0.4748605179890926,1
TCGA-S3-AA10-01A-21R-A41B-07,0.5915524965418791,1
TCGA-A7-A4SF-01A-11R-A266-07,0.2793581318137374,1
TCGA-A7-A0CG-01A-12R-A056-07,0.9112484682946184,1
TCGA-E2-A1LS-01A-12R-A157-07,0.2804562827359992,0
TCGA-AR-A24P-01A-11R-A169-07,0.9176045131769129,1
TCGA-E9-A54Y-01A-11R-A466-07,0.35982673128539494,0
TCGA-AO-A0JA-01A-11R-A056-07,0.8134430534295647,0
TCGA-A8-A08A-01A-11R-A32Y-07,0.903883777251945,1
TCGA-AR-A24V-01A-21R-A169-07,0.8274432167188305,1
TCGA-A2-A0CO-01A-13R-A22K-07,0.8859847550406064,1
TCGA-E2-A15I-01A-21R-A137-07,0.8374749801986875,1
TCGA-A2-A0SU-01A-11R-A084-07,0.8298155548142785,1
TCGA-AC-A3OD-01A-11R-A21T-07,0.7301612175219158,1
TCGA-AC-A3YJ-01A-11R-A22U-07,0.8419134442919023,1
TCGA-AR-A0TZ-01A-12R-A084-07,0.811364163153543,1
TCGA-A2-A0D3-01A-11R-A115-07,0.8364899196334966,1
TCGA-BH-A18L-01A-32R-A12D-07,0.4600905317271531,0
TCGA-EW-A2FW-01A-11R-A17B-07,0.47259965743535604,0
TCGA-A2-A0YL-01A-21R-A109-07,0.919491097663468,1
TCGA-E9-A54X-01A-11R-A266-07,0.44201058848424196,0
TCGA-BH-A18F-01A-11R-A12D-07,0.8863112903635547,1
TCGA-W8-A86G-01A-21R-A36F-07,0.8666001452789325,0
TCGA-A8-A08T-01A-21R-A00Z-07,0.8271395355686882,1
TCGA-BH-A1EX-01A-11R-A13Q-07,0.8502524579756782,1
TCGA-A8-A08O-01A-21R-A056-07,0.8846854136268579,1
TCGA-AC-A6IX-01A-12R-A32P-07,0.8855091327912815,1
TCGA-C8-A27B-01A-11R-A169-07,0.5184387367595553,1
TCGA-PL-A8LZ-01A-31R-A36F-07,0.42988681246491744,0
TCGA-AR-A1AQ-01A-11R-A12P-07,0.6950541550624032,1
TCGA-BH-A1FU-01A-11R-A14D-07,0.34095038095344316,1
TCGA-A2-A0SY-01A-31R-A084-07,0.860828950544722,0
TCGA-BH-A1EW-01A-11R-A137-07,0.7722585365522516,0
TCGA-GM-A3NW-01A-21R-A22K-07,0.8215017722209778,1
TCGA-BH-A0W4-01A-11R-A109-07,0.9395410542340087,1
TCGA-AR-A1AS-01A-11R-A12P-07,0.8189469678273097,1
TCGA-EW-A1J6-01A-11R-A13Q-07,0.5092459531630961,1
TCGA-AC-A6NO-01A-12R-A33J-07,0.8894074926879961,1
TCGA-A7-A0CE-01A-11R-A00Z-07,0.47592983708281167,1
TCGA-BH-A6R8-01A-21R-A33J-07,0.838282794261022,1
TCGA-EW-A1OY-01A-11R-A144-07,0.5652606963707509,0
TCGA-BH-A0BS-01A-11R-A12P-07,0.8289529321909652,1
TCGA-A7-A6VY-01A-12R-A33J-07,0.5148634523942858,1
TCGA-A2-A0CK-01A-11R-A22K-07,0.8678941638618198,1
TCGA-AO-A12H-01A-11R-A115-07,0.801795710472432,1
TCGA-C8-A12L-01A-11R-A115-07,0.3513590614157381,1
TCGA-A1-A0SQ-01A-21R-A144-07,0.7549312864584957,1
TCGA-A7-A56D-01A-11R-A27Q-07,0.7548253420583482,1
TCGA-A8-A09I-01A-22R-A034-07,0.6058421341396071,1
TCGA-BH-A0DH-01A-11R-A084-07,0.8338252044267446,1
TCGA-B6-A0X0-01A-21R-A115-07,0.8486082678675414,1
TCGA-S3-AA12-01A-11R-A41B-07,0.7714054482586561,1
TCGA-E2-A159-01A-11R-A115-07,0.5620033921209454,1
TCGA-D8-A27V-01A-12R-A17B-07,0.8671476088801505,1
TCGA-D8-A1JT-01A-31R-A13Q-07,0.5915136945721229,1
TCGA-C8-A138-01A-11R-A115-07,0.5825200467531078,1
TCGA-AO-A0J6-01A-11R-A034-07,0.480114943398511,1
TCGA-AR-A24R-01A-11R-A169-07,0.5612010608432719,0
TCGA-AR-A0TY-01A-12R-A115-07,0.46036089785255907,1
TCGA-E9-A1QZ-01A-21R-A169-07,0.8590876842166991,0
TCGA-AR-A24W-01A-11R-A169-07,0.8545781434254506,1
TCGA-LL-A5YP-01A-21R-A28M-07,0.7550676197664474,1
TCGA-B6-A0WY-01A-11R-A109-07,0.8587205998715532,0
TCGA-GM-A2DC-01A-11R-A18M-07,0.7574257530171782,1
TCGA-A2-A4S2-01A-12R-A266-07,0.827878955884604,0
TCGA-A8-A09X-01A-11R-A00Z-07,0.4243707014146717,1
TCGA-OL-A5RV-01A-12R-A28M-07,0.907333764476734,1
TCGA-E2-A14P-01A-31R-A12D-07,0.26167401422313324,1
TCGA-C8-A8HQ-01A-11R-A36F-07,0.6396537891640498,1
TCGA-AR-A0TP-01A-11R-A084-07,0.33647596602734253,0
TCGA-A8-A09A-01A-11R-A00Z-07,0.8462405988928976,1
TCGA-A8-A08L-01A-11R-A00Z-07,0.29871549424745136,1
TCGA-A8-A08F-01A-11R-A00Z-07,0.4842939660446984,0
TCGA-GI-A2C9-01A-11R-A21T-07,0.4458610820050384,0
TCGA-A2-A0SW-01A-11R-A084-07,0.5140246254183896,0
TCGA-LD-A7W5-01A-22R-A352-07,0.7998137241077773,1
TCGA-D8-A27R-01A-11R-A16F-07,0.6473016300338834,1
TCGA-AO-A0JM-01A-21R-A056-07,0.4988510307100169,0
TCGA-GM-A2D9-01A-11R-A18M-07,0.9032352768003659,1
TCGA-D8-A1XU-01A-11R-A14M-07,0.8590579207019096,1
TCGA-AO-A1KT-01A-11R-A13Q-07,0.5933710470648612,1
TCGA-C8-A12P-01A-11R-A115-07,0.26941962189889523,0
TCGA-LL-A6FR-01A-12R-A31O-07,0.46152476425352185,1
TCGA-AR-A1AJ-01A-21R-A12P-07,0.7099600794829509,1
TCGA-A8-A09D-01A-11R-A00Z-07,0.8135290823025588,1
TCGA-S3-A6ZF-01A-32R-A32P-07,0.608609694967069,1
TCGA-E2-A150-01A-11R-A12D-07,0.5062463819737894,1
TCGA-BH-A18U-01A-21R-A12D-07,0.5542885464102877,1
TCGA-BH-A0GY-01A-11R-A056-07,0.791698405025519,1
TCGA-AQ-A54N-01A-11R-A266-07,0.2938795867042343,0
TCGA-C8-A273-01A-11R-A16F-07,0.8126446780491269,1
TCGA-S3-AA14-01A-11R-A41B-07,0.8115531550099124,0
TCGA-A7-A2KD-01A-31R-A21T-07,0.49921684060310745,0
TCGA-C8-A131-01A-11R-A115-07,0.387706111518744,0
TCGA-E2-A576-01A-11R-A31O-07,0.7874995652440464,0
TCGA-A2-A0T4-01A-31R-A084-07,0.9142132838831581,1
TCGA-A2-A04V-01A-21R-A034-07,0.8815110037966845,1
TCGA-AR-A0U0-01A-11R-A109-07,0.5067935113290207,1
TCGA-BH-A0BO-01A-23R-A12D-07,0.8700914293989843,1
TCGA-A2-A3KC-01A-11R-A213-07,0.8966773354311246,1
TCGA-BH-A18T-01A-11R-A12D-07,0.5081600811789885,1
TCGA-EW-A1J2-01A-21R-A13Q-07,0.9280273169940313,1
TCGA-A8-A084-01A-21R-A00Z-07,0.5678188379961023,1
TCGA-A8-A08X-01A-21R-A00Z-07,0.7884213062988386,1
TCGA-GM-A2DH-01A-11R-A180-07,0.4112432297313378,1
TCGA-D8-A27L-01A-11R-A16F-07,0.9503366510843221,1
TCGA-A7-A3IZ-01A-11R-A213-07,0.7270438884092212,0
TCGA-AN-A04D-01A-21R-A034-07,0.2988562088073517,0
TCGA-5L-AAT0-01A-12R-A41B-07,0.9137256766873141,1
TCGA-AR-A1AU-01A-11R-A12P-07,0.8500778550073484,1
TCGA-AC-A6IV-01A-12R-A33J-07,0.8724970788654003,0
TCGA-E2-A15C-01A-31R-A12D-07,0.9013031200357927,1
TCGA-AO-A1KP-01A-11R-A13Q-07,0.5530623839373687,1
TCGA-E2-A15G-01A-11R-A12D-07,0.8816766139100802,0
TCGA-A2-A3KD-01A-12R-A213-07,0.8654179777489025,1
TCGA-D8-A1X5-01A-11R-A14D-07,0.5537002775178077,1
TCGA-AQ-A04L-01B-21R-A10J-07,0.63403265665047,0
TCGA-A8-A096-01A-11R-A00Z-07,0.7685014380183235,1
TCGA-A2-A0YH-01A-11R-A109-07,0.7112157662659506,1
TCGA-AN-A0FW-01A-11R-A034-07,0.8438649015223337,1
TCGA-D8-A27H-01A-11R-A16F-07,0.6687286706407115,1
TCGA-OL-A6VQ-01A-12R-A41B-07,0.8977835670401351,0
TCGA-A7-A4SA-01A-11R-A266-07,0.8069831202177258,1
TCGA-C8-A274-01A-11R-A16F-07,0.628718058175287,1
TCGA-E2-A15J-01A-11R-A12P-07,0.8533028521150373,1
TCGA-BH-A0B3-01A-11R-A056-07,0.8814445761324584,1
TCGA-E2-A153-01A-12R-A12D-07,0.8769201713919895,0
TCGA-WT-AB44-01A-11R-A41B-07,0.767743531540896,1
TCGA-B6-A0RQ-01A-11R-A115-07,0.5983992117541413,1
TCGA-A2-A0YM-01A-11R-A109-07,0.5448403411675802,1
TCGA-C8-A1HI-01A-11R-A137-07,0.8522488617700136,1
TCGA-AC-A3TM-01A-11R-A22K-07,0.8681313734340175,0
TCGA-A7-A0CD-01A-11R-A00Z-07,0.8550536301255683,1
TCGA-D8-A145-01A-11R-A115-07,0.8713395225824698,0
TCGA-BH-A0EB-01A-11R-A034-07,0.9009988181244719,1
TCGA-AR-A0TV-01A-21R-A084-07,0.39344949682149044,0
TCGA-E2-A15P-01A-11R-A115-07,0.8265539737594287,0
TCGA-A2-A04T-01A-21R-A034-07,0.6612611570104797,1
TCGA-E9-A2JT-01A-22R-A18M-07,0.804834599673209,0
TCGA-OL-A5RW-01A-11R-A28M-07,0.3991145443623848,1
TCGA-PL-A8LV-01A-21R-A41B-07,0.35537154177920494,0
TCGA-BH-A18M-01A-11R-A12D-07,0.9507671212476625,1
TCGA-D8-A27N-01A-11R-A16F-07,0.5613071711934755,1
TCGA-C8-A3M8-01A-11R-A213-07,0.5156897162436964,0
TCGA-B6-A0WW-01A-11R-A109-07,0.5603537084161824,0
TCGA-E9-A3X8-01A-31R-A22U-07,0.8399292918879127,1
TCGA-C8-A133-01A-32R-A12D-07,0.7624399996315196,1
TCGA-D8-A1X6-01A-11R-A14M-07,0.5790609228193663,1
TCGA-A2-A04P-01A-31R-A034-07,0.4965952173958402,1
TCGA-E9-A1N3-01A-12R-A157-07,0.820778277465751,1
TCGA-AN-A0XP-01A-11R-A109-07,0.8348002627520368,0
TCGA-E2-A1LK-01A-21R-A14D-07,0.41540849211531083,1
TCGA-C8-A132-01A-31R-A115-07,0.8213658071589452,1
TCGA-PE-A5DE-01A-11R-A27Q-07,0.9105248431085851,1
TCGA-EW-A6SC-01A-12R-A32P-07,0.8845683043040219,1
TCGA-BH-A0EI-01A-11R-A115-07,0.8526667651285524,1
TCGA-A8-A08I-01A-11R-A00Z-07,0.5420681394831796,1
TCGA-AO-A124-01A-11R-A10J-07,0.5906533528416819,1
TCGA-AN-A0XR-01A-11R-A109-07,0.5819426561068862,1
TCGA-BH-A204-01A-11R-A157-07,0.5337194717173562,1
TCGA-AN-A0FF-01A-11R-A034-07,0.6215736763132138,0
TCGA-A2-A0T3-01A-21R-A115-07,0.49951083721044887,1
TCGA-B6-A0RI-01A-11R-A056-07,0.881203824827325,1
TCGA-AO-A03R-01A-21R-A034-07,0.36751759428654174,1
TCGA-E9-A1RA-01A-11R-A14D-07,0.907133077401343,1
TCGA-AN-A0XV-01A-11R-A109-07,0.8509466294364998,1
TCGA-E9-A1RI-01A-11R-A169-07,0.9119399378936589,1
TCGA-A8-A07J-01A-11R-A00Z-07,0.8783532993045858,1
TCGA-AC-A6IW-01A-12R-A33J-07,0.4933509365490042,1
TCGA-3C-AALJ-01A-31R-A41B-07,0.5150941046358054,1
TCGA-AN-A0XS-01A-22R-A109-07,0.9022791839899192,1
TCGA-E9-A226-01A-21R-A157-07,0.5504701032091056,0
TCGA-C8-A12K-01A-21R-A115-07,0.590418657862657,1
TCGA-BH-A202-01A-11R-A14M-07,0.6473314367363573,1
TCGA-OL-A66H-01A-11R-A29R-07,0.8470682108971577,1
TCGA-E9-A1N9-01A-11R-A14D-07,0.4774015078489205,1
TCGA-A2-A0T2-01A-11R-A084-07,0.5871386228651947,1
TCGA-BH-A18H-01A-11R-A12D-07,0.7807066598106858,1
TCGA-UU-A93S-01A-21R-A41B-07,0.22167338713087914,1
TCGA-B6-A0RO-01A-22R-A084-07,0.7990151081096005,1
TCGA-E2-A10E-01A-21R-A10J-07,0.9059910914007777,1
TCGA-A7-A4SC-01A-12R-A266-07,0.8011586362448168,0
TCGA-B6-A0WZ-01A-11R-A109-07,0.8524682955791189,1
TCGA-A7-A6VW-01A-21R-A33J-07,0.5772752969105133,1
TCGA-E2-A1B5-01A-21R-A12P-07,0.8161782676550473,1
TCGA-A8-A092-01A-11R-A00Z-07,0.6120476480686119,0
TCGA-C8-A1HK-01A-21R-A13Q-07,0.31535548338050184,1
TCGA-BH-A0W3-01A-11R-A109-07,0.6321085775054162,1
TCGA-A7-A0CH-01A-21R-A00Z-07,0.9412406287873429,1
TCGA-AR-A1AX-01A-11R-A12P-07,0.8337529302763511,1
TCGA-EW-A1P0-01A-11R-A144-07,0.47660623085006987,1
TCGA-E9-A1NI-01A-11R-A14D-07,0.6377210909832569,0
TCGA-AO-A12E-01A-11R-A10J-07,0.8503882907774915,1
TCGA-D8-A1XJ-01A-11R-A14M-07,0.31270299338704244,1
TCGA-B6-A0I6-01A-11R-A034-07,0.6524416793591667,1
TCGA-E9-A1RH-01A-21R-A169-07,0.196989435340074,1
TCGA-BH-A18Q-01A-12R-A12D-07,0.7286141893497102,1
TCGA-AO-A0JI-01A-21R-A056-07,0.802468143143841,1
TCGA-A2-A0CL-01A-11R-A115-07,0.2756796739728855,1
TCGA-E2-A155-01A-11R-A12D-07,0.47519041794475997,1
TCGA-B6-A0I8-01A-11R-A034-07,0.8191839439993149,1
TCGA-E2-A14X-01A-11R-A115-07,0.6168362285037733,1
TCGA-AC-A3YI-01A-21R-A239-07,0.5548401751042041,1
TCGA-AR-A1AI-01A-11R-A12P-07,0.5330725876245518,1
TCGA-D8-A1JK-01A-11R-A13Q-07,0.39967993041816013,1
TCGA-BH-A0C3-01A-21R-A12P-07,0.5719124995208706,1
TCGA-A8-A09C-01A-11R-A00Z-07,0.5567865216658654,0
TCGA-LL-A50Y-01A-11R-A266-07,0.8868833539391906,1
TCGA-BH-A0B0-01A-21R-A115-07,0.8507843950974732,1
TCGA-OL-A66L-01A-12R-A31O-07,0.8898023199690883,1
TCGA-BH-A0AW-01A-11R-A056-07,0.7824103267690795,1
TCGA-D8-A1X8-01A-11R-A14M-07,0.9176177801552221,1
TCGA-D8-A1JE-01A-11R-A13Q-07,0.598124144375749,0
TCGA-BH-A1EO-01A-11R-A137-07,0.8481164808702504,1
TCGA-BH-A0HU-01A-11R-A034-07,0.6432460845628523,1
TCGA-BH-A0H7-01A-13R-A056-07,0.8169539177898788,1
TCGA-E9-A22D-01A-11R-A157-07,0.6000572990691315,1
TCGA-3C-AAAU-01A-11R-A41B-07,0.7531144956336349,1
TCGA-BH-A1FJ-01A-11R-A13Q-07,0.5676437739151003,1
TCGA-A8-A06P-01A-11R-A00Z-07,0.9231713804203111,1
TCGA-A2-A25B-01A-11R-A169-07,0.5659147616336265,1
TCGA-AC-A2BM-01A-11R-A21T-07,0.6565148997835009,1
TCGA-E9-A6HE-01A-11R-A31O-07,0.8416548345111399,1
TCGA-AO-A03O-01A-11R-A00Z-07,0.6100762774349597,1
TCGA-A2-A0EU-01A-22R-A056-07,0.8740376504828754,1
TCGA-A8-A06O-01A-11R-A00Z-07,0.7409112326287978,1
TCGA-BH-A0BT-01A-11R-A12P-07,0.7922709524697865,1
TCGA-A2-A0YT-01A-11R-A109-07,0.6386987972496696,1
TCGA-E2-A14R-01A-11R-A115-07,0.6094782541822893,1
TCGA-B6-A0IC-01A-11R-A034-07,0.8046468937880417,1
TCGA-AC-A5XU-01A-11R-A28M-07,0.7769145080009673,1
TCGA-AR-A250-01A-31R-A169-07,0.6493343402272852,1
TCGA-D8-A1XZ-01A-11R-A14M-07,0.4577952920390878,0
TCGA-B6-A0I9-01A-11R-A034-07,0.37320047266857515,1
TCGA-B6-A0IA-01A-11R-A034-07,0.7859349367684951,1
TCGA-E2-A14N-01A-31R-A137-07,0.5071878398423533,1
TCGA-PL-A8LY-01A-11R-A41B-07,0.4724971166103908,1
TCGA-LL-A441-01A-11R-A24H-07,0.24484817728533304,1
TCGA-A8-A08S-01A-11R-A034-07,0.6502211719919817,1
TCGA-A8-A09V-01A-11R-A034-07,0.8874580880381024,1
TCGA-BH-A209-01A-11R-A157-07,0.6694929541109239,1
TCGA-GM-A5PX-01A-12R-A28M-07,0.8916412042579002,1
TCGA-A8-A085-01A-11R-A00Z-07,0.5231982294041879,1
TCGA-A2-A25E-01A-11R-A169-07,0.6594860278517423,1
TCGA-D8-A1JG-01B-11R-A13Q-07,0.29989066789129976,0
TCGA-AC-A2FO-01A-11R-A180-07,0.8832485154502542,1
TCGA-B6-A3ZX-01A-11R-A239-07,0.5601904995918129,1
TCGA-AN-A0FT-01A-11R-A034-07,0.7253393053260567,1
TCGA-AQ-A04H-01B-11R-A10J-07,0.5914281479597613,1
TCGA-AR-A1AR-01A-31R-A137-07,0.5608607744315098,1
TCGA-A2-A0CS-01A-11R-A115-07,0.8865949488050175,1
TCGA-A2-A1FZ-01A-51R-A14D-07,0.9017923929818382,1
TCGA-AC-A8OQ-01A-11R-A41B-07,0.49438071861366356,1
TCGA-AR-A0TR-01A-11R-A084-07,0.7604109255076867,1
TCGA-C8-A12M-01A-11R-A115-07,0.4661709867392277,1
TCGA-A1-A0SM-01A-11R-A084-07,0.7613195613252322,1
TCGA-BH-A1ET-01A-11R-A137-07,0.8835060249613645,1
TCGA-A8-A0A1-01A-11R-A00Z-07,0.8678406436290901,0
TCGA-C8-A1HG-01A-11R-A137-07,0.5773904412598553,1
TCGA-E9-A1NF-01A-11R-A14D-07,0.616130168110435,1
TCGA-A2-A0D4-01A-11R-A00Z-07,0.5688528421469382,1
TCGA-BH-A2L8-01A-11R-A18M-07,0.8222723694628464,0
TCGA-A8-A093-01A-11R-A00Z-07,0.8649270585226229,1
TCGA-D8-A1Y3-01A-11R-A157-07,0.5068318996686768,1
TCGA-AR-A1AY-01A-21R-A12P-07,0.44931462815388473,0
TCGA-AO-A12F-01A-11R-A115-07,0.6233327138417706,1
TCGA-AN-A0FL-01A-11R-A034-07,0.41400800969491486,1
TCGA-AR-A0TQ-01A-11R-A084-07,0.5884133218237702,1
TCGA-A2-A0CP-01A-11R-A034-07,0.9213697243586155,1
TCGA-AO-A129-01A-21R-A10J-07,0.4940433532660956,0
TCGA-D8-A1JH-01A-11R-A13Q-07,0.9574572992573896,1
TCGA-BH-A18K-01A-11R-A12D-07,0.8811038042700174,1
TCGA-B6-A0IM-01A-11R-A034-07,0.7880786580500806,0
TCGA-AO-A0J4-01A-11R-A034-07,0.7459310883350442,1
TCGA-AR-A1AW-01A-21R-A12P-07,0.708570972444298,1
TCGA-AC-A62Y-01A-11R-A29R-07,0.8567657191517437,1
TCGA-A1-A0SH-01A-11R-A084-07,0.8947775590136237,1
TCGA-A8-A08C-01A-11R-A00Z-07,0.8134252488649928,1
TCGA-A2-A3XU-01A-12R-A22U-07,0.3466813858499368,1
TCGA-E2-A1LB-01A-11R-A144-07,0.28688118291261383,0
TCGA-D8-A1JJ-01A-31R-A14M-07,0.6556230879983163,1
TCGA-AN-A049-01A-21R-A00Z-07,0.8180575566757187,1
TCGA-A1-A0SN-01A-11R-A144-07,0.5400226049317571,1
TCGA-EW-A1IW-01A-11R-A13Q-07,0.8390411830863547,1
TCGA-LQ-A4E4-01A-11R-A266-07,0.8227919633562353,1
TCGA-E9-A5UP-01A-11R-A28M-07,0.7391679184674522,1
TCGA-EW-A1IY-01A-11R-A13Q-07,0.6717947689443441,1
TCGA-AN-A0XW-01A-11R-A109-07,0.8436569471583899,1
TCGA-AR-A24S-01A-11R-A169-07,0.6920301645236702,1
TCGA-AR-A2LM-01A-11R-A180-07,0.8601336550771541,1
TCGA-E9-A1NE-01A-21R-A14M-07,0.8455648546435062,0
TCGA-LL-A9Q3-01A-11R-A41B-07,0.768342652559669,1
TCGA-AC-A8OP-01A-11R-A36F-07,0.8357882633810468,1
TCGA-E2-A572-01A-13R-A31O-07,0.7553503638894071,1
TCGA-B6-A0IP-01A-11R-A034-07,0.9288338475921611,1
TCGA-C8-A135-01A-11R-A115-07,0.32920518167053353,1
TCGA-D8-A1XL-01A-11R-A14M-07,0.5967523656116881,1
TCGA-EW-A1PC-01B-11R-A21T-07,0.5118482886518507,1
TCGA-AO-A03M-01B-11R-A10J-07,0.8006880366258929,1
TCGA-AN-A0FN-01A-11R-A034-07,0.8923757951396667,0
TCGA-A7-A4SD-01A-11R-A266-07,0.5617819979745551,1
TCGA-BH-A0HN-01A-11R-A10U-07,0.8072068256964677,1
TCGA-S3-A6ZH-01A-22R-A32P-07,0.7753411822962414,1
TCGA-AC-A3QP-01A-11R-A22U-07,0.9077089995648656,1
TCGA-5L-AAT1-01A-12R-A41B-07,0.8420388473652289,0
TCGA-AN-A0FY-01A-11R-A034-07,0.5964543368975987,1
TCGA-BH-A0BA-01A-11R-A056-07,0.8468147794463211,1
TCGA-A2-A0CU-01A-12R-A034-07,0.8515130770380623,1
TCGA-D8-A143-01A-11R-A115-07,0.42489599423795094,1
TCGA-BH-A0DE-01A-11R-A115-07,0.8425655256417721,0
TCGA-A2-A0EO-01A-11R-A034-07,0.8915705967844395,1
TCGA-AO-A0JF-01A-11R-A056-07,0.9369718298357297,1
TCGA-A8-A09E-01A-11R-A00Z-07,0.6407048777107538,1
TCGA-BH-A0AZ-01A-21R-A12P-07,0.9089558620846706,1
TCGA-GM-A2DN-01A-11R-A180-07,0.8716117978343089,1
TCGA-E2-A15T-01A-11R-A115-07,0.6097234970058728,1
TCGA-BH-A1F6-01A-11R-A13Q-07,0.7081982184437446,1
TCGA-BH-A0DX-01A-11R-A115-07,0.8428115952018899,1
TCGA-EW-A3U0-01A-11R-A22K-07,0.5154414989177937,1
TCGA-BH-A0DV-01A-21R-A12P-07,0.916797369400009,1
TCGA-AC-A3TN-01A-11R-A22K-07,0.8967783973077961,1
TCGA-A1-A0SK-01A-12R-A084-07,0.45457915289699197,1
TCGA-B6-A0X5-01A-21R-A109-07,0.3524862285077908,1
TCGA-A2-A0YC-01A-11R-A109-07,0.9222225616013519,1
TCGA-A2-A0CZ-01A-11R-A034-07,0.6972089388982083,1
TCGA-C8-A27A-01A-11R-A169-07,0.507615741029501,1
TCGA-AR-A1AP-01A-11R-A12P-07,0.8153607281848365,1
TCGA-BH-A0B4-01A-11R-A00Z-07,0.8911241813432984,1
TCGA-BH-A0BV-01A-11R-A00Z-07,0.8539793357510244,1
TCGA-AN-A0XO-01A-11R-A109-07,0.8446553216636079,1
TCGA-AC-A2QJ-01A-12R-A19W-07,0.3539497468352821,0
TCGA-GM-A2DD-01A-11R-A180-07,0.2391383866145927,1
TCGA-AR-A1AV-01A-21R-A12P-07,0.8269700721843081,0
TCGA-D8-A1XF-01A-11R-A14D-07,0.4555752015612343,1
TCGA-LL-A6FP-01A-11R-A31O-07,0.7085128684342037,0
TCGA-D8-A1XA-01A-11R-A14D-07,0.8227280763692942,1
TCGA-C8-A26V-01A-11R-A16F-07,0.5510688722661015,1
TCGA-PE-A5DC-01A-12R-A27Q-07,0.8063206438677554,1
TCGA-E2-A1LH-01A-11R-A14D-07,0.47382332464085586,0
TCGA-BH-A0B9-01A-11R-A056-07,0.4023169869663782,0
TCGA-E9-A1N8-01A-11R-A144-07,0.6342937775675429,1
TCGA-AC-A62V-01A-11R-A31O-07,0.40997150960959,0
TCGA-EW-A1PH-01A-11R-A14M-07,0.6088994574609703,1
TCGA-AR-A5QP-01A-11R-A28M-07,0.843210511608628,0
TCGA-BH-A5J0-01A-11R-A27Q-07,0.8784652092198378,1
TCGA-A1-A0SB-01A-11R-A144-07,0.3407044097623231,1
TCGA-B6-A0IK-01A-12R-A056-07,0.33614581914498604,1
TCGA-A8-A06Q-01A-11R-A034-07,0.480186044304419,1
TCGA-AR-A2LH-01A-31R-A18M-07,0.31629503314786284,0
TCGA-AR-A24Z-01A-11R-A169-07,0.5908711663900257,1
TCGA-Z7-A8R5-01A-42R-A41B-07,0.8854189011897841,1
TCGA-A8-A0A9-01A-11R-A00Z-07,0.8913904446566525,1
TCGA-D8-A1JA-01A-11R-A13Q-07,0.30303510919503873,1
TCGA-AN-A0FK-01A-11R-A034-07,0.8073070802307575,1
TCGA-GM-A2DL-01A-11R-A18M-07,0.8638647660905483,1
TCGA-EW-A1P6-01A-11R-A144-07,0.8517808494149619,1
TCGA-BH-A0EA-01A-11R-A115-07,0.8679026161637836,0
TCGA-BH-A8FY-01A-11R-A36F-07,0.8014987143187675,1
TCGA-E2-A1L9-01A-11R-A13Q-07,0.896408871022062,0
TCGA-E9-A1R2-01A-11R-A14D-07,0.8207373914790452,1
TCGA-AC-A2FM-01A-11R-A19W-07,0.7964211410170753,1
TCGA-E2-A108-01A-13R-A10J-07,0.7172617624811304,1
TCGA-OL-A66O-01A-11R-A31O-07,0.8587831778961007,1
TCGA-C8-A275-01A-21R-A16F-07,0.6291748806583785,1
TCGA-B6-A0IO-01A-11R-A034-07,0.8135571414661048,1
TCGA-BH-A0HO-01A-11R-A034-07,0.8497062824828036,1
TCGA-EW-A1P8-01A-11R-A144-07,0.4500381686399446,0
TCGA-A2-A0D0-01A-11R-A00Z-07,0.31083507288863643,0
TCGA-A2-A0SX-01A-12R-A084-07,0.5936007288068651,1
TCGA-D8-A27I-01A-11R-A16F-07,0.9455845233130495,1
TCGA-EW-A2FS-01A-11R-A17B-07,0.850891868742959,1
TCGA-Z7-A8R6-01A-11R-A41B-07,0.7737959136329287,1
TCGA-E2-A15O-01A-11R-A115-07,0.7618019895629918,0
TCGA-V7-A7HQ-01A-11R-A33J-07,0.8057507417273456,0
TCGA-C8-A12W-01A-11R-A115-07,0.6733307636157434,1
TCGA-A7-A3IY-01A-21R-A21T-07,0.8596339950767699,1
TCGA-A8-A08B-01A-11R-A00Z-07,0.3533981502026,1
TCGA-5T-A9QA-01A-11R-A41B-07,0.4619367591548473,1
TCGA-E2-A106-01A-11R-A10J-07,0.8020655007716495,1
TCGA-E2-A1B6-01A-31R-A12P-07,0.6223135098800836,1
TCGA-AC-A2FF-01A-11R-A17B-07,0.9150150431976168,1
TCGA-EW-A1PA-01A-11R-A144-07,0.8028378562641381,1
TCGA-D8-A27T-01A-11R-A16F-07,0.9007620043936829,1
TCGA-LD-A66U-01A-11R-A31O-07,0.9159988834581753,1
TCGA-A8-A07Z-01A-11R-A00Z-07,0.8515541143424488,1
TCGA-AR-A1AO-01A-11R-A12P-07,0.3446964024982132,0
TCGA-E2-A573-01A-11R-A29R-07,0.8515508553319684,1
TCGA-AC-A2FB-01A-11R-A17B-07,0.8570994375813882,1
TCGA-AN-A0G0-01A-11R-A034-07,0.3471486358264515,0
TCGA-BH-A0H5-01A-21R-A115-07,0.913660195249526,1
TCGA-A8-A07S-01A-11R-A034-07,0.5117683943170714,0
TCGA-E9-A3QA-01A-61R-A22K-07,0.6028159424373108,1
TCGA-A1-A0SI-01A-11R-A144-07,0.746660803934272,1
TCGA-A8-A09W-01A-11R-A00Z-07,0.6040085938704021,1
TCGA-BH-A1F0-01A-11R-A137-07,0.707105133133035,1
TCGA-A2-A0D2-01A-21R-A034-07,0.4792151025453097,1
TCGA-OL-A5D8-01A-11R-A27Q-07,0.7692014165668905,1
TCGA-BH-A18G-01A-11R-A12D-07,0.4697154057344297,1
TCGA-A2-A0YI-01A-31R-A10J-07,0.8538714757475089,1
TCGA-A8-A0A4-01A-11R-A00Z-07,0.8203417929417426,1
TCGA-A7-A425-01A-11R-A24H-07,0.8905303301319871,1
TCGA-E9-A22A-01A-11R-A157-07,0.6349490857391775,1
TCGA-A8-A08J-01A-11R-A00Z-07,0.5090006314726817,1
TCGA-A2-A3Y0-01A-11R-A239-07,0.5142443964526586,1
TCGA-AC-A2BK-01A-11R-A21T-07,0.37402092143931376,1
TCGA-B6-A0IN-01A-11R-A034-07,0.5400098725488425,1
TCGA-D8-A1JD-01A-11R-A13Q-07,0.9000177789647756,1
TCGA-GM-A2DK-01A-21R-A180-07,0.8120125811333869,1
TCGA-OL-A5RX-01A-11R-A28M-07,0.8786090202147251,0
TCGA-A8-A08Z-01A-21R-A00Z-07,0.8769496190111797,1
TCGA-A2-A0YD-01A-11R-A109-07,0.9042252929567328,1
TCGA-A7-A3J1-01A-11R-A213-07,0.855997893405,0
TCGA-BH-A1FD-01A-11R-A13Q-07,0.5440455651278979,1
TCGA-A2-A0D1-01A-11R-A034-07,0.21053111842824454,1
TCGA-BH-A0BL-01A-11R-A115-07,0.7821671465787345,1
TCGA-E2-A1IH-01A-11R-A13Q-07,0.8583855709027859,1
TCGA-AR-A0TU-01A-31R-A109-07,0.44715400781635944,1
TCGA-AC-A2FG-01A-11R-A17B-07,0.9230035099030329,1
TCGA-GM-A4E0-01A-12R-A266-07,0.8526941897288207,1
TCGA-AC-A3W7-01A-11R-A22K-07,0.9325017489022669,1
TCGA-A8-A083-01A-21R-A00Z-07,0.8308952349984848,1
TCGA-A2-A0EN-01A-13R-A084-07,0.8770828808058182,1
TCGA-D8-A1Y0-01A-11R-A14M-07,0.8537330592709208,1
TCGA-AR-A1AK-01A-21R-A12P-07,0.8948615632142872,1
TCGA-AC-A7VC-01A-11R-A352-07,0.3830114981397584,1
TCGA-A7-A0CJ-01A-21R-A00Z-07,0.4997005985512956,1
TCGA-AO-A03U-01B-21R-A10J-07,0.2156040736397921,1
TCGA-E2-A2P5-01A-11R-A19W-07,0.8110449245378415,1
TCGA-E2-A15S-01A-11R-A115-07,0.5231728857957229,1
TCGA-A1-A0SJ-01A-11R-A084-07,0.7784617887040065,1
TCGA-A2-A04N-01A-11R-A115-07,0.945592292438555,1
TCGA-B6-A401-01A-11R-A239-07,0.8619894218897335,1
TCGA-D8-A1JU-01A-11R-A13Q-07,0.8965357582778306,0
TCGA-B6-A40B-01A-11R-A239-07,0.8568461510843433,1
TCGA-LD-A9QF-01A-32R-A41B-07,0.3354465596885041,1
TCGA-AO-A03T-01A-21R-A034-07,0.19141430027958972,1
TCGA-E9-A3Q9-01A-11R-A21T-07,0.7763976905618963,1
TCGA-D8-A1JP-01A-11R-A13Q-07,0.7467508738749083,0
TCGA-BH-A18I-01A-11R-A12D-07,0.8884653293234,1
TCGA-BH-A28Q-01A-11R-A16F-07,0.9058238939007661,1
TCGA-EW-A1OW-01A-21R-A144-07,0.8060946151211356,1
TCGA-BH-A18R-01A-11R-A12D-07,0.36146999410322544,1
TCGA-AO-A0J8-01A-21R-A034-07,0.913715733577019,1
TCGA-AC-A3BB-01A-21R-A19W-07,0.9350522334827149,1
TCGA-E9-A247-01A-11R-A169-07,0.7573653376749198,1
TCGA-D8-A73U-01A-11R-A33J-07,0.8596729706319862,1
TCGA-BH-A18V-01A-11R-A12D-07,0.4591223209703034,1
TCGA-BH-A0C1-01B-11R-A12D-07,0.8784892061283142,1
TCGA-AC-A3W6-01A-12R-A22K-07,0.8776626098383682,0
TCGA-BH-A1FR-01A-11R-A13Q-07,0.8089765909562404,1
TCGA-A2-A1G0-01A-11R-A13Q-07,0.8533996065078568,1
TCGA-BH-A0DQ-01A-11R-A084-07,0.9259808362125781,1
TCGA-A2-A0ER-01A-21R-A034-07,0.7927695616017638,0
TCGA-D8-A27P-01A-11R-A16F-07,0.9244749403519318,1
TCGA-B6-A1KN-01A-11R-A13Q-07,0.596867621570014,1
TCGA-E9-A228-01A-31R-A157-07,0.5807592757044387,1
TCGA-BH-A0B2-01A-11R-A10J-07,0.8956727984835513,1
TCGA-B6-A0X4-01A-11R-A109-07,0.8008075410017825,1
TCGA-BH-A1EY-01A-11R-A13Q-07,0.8200737508002226,1
TCGA-BH-A0HX-01A-21R-A056-07,0.864694128323569,1
TCGA-A8-A094-01A-11R-A00Z-07,0.580575356672105,1
TCGA-AO-A1KR-01A-12R-A144-07,0.47669278108166596,1
TCGA-A2-A0CV-01A-31R-A115-07,0.8784758328256291,1
TCGA-A8-A076-01A-21R-A00Z-07,0.6832534138616778,1
TCGA-E9-A1RE-01A-11R-A157-07,0.5944392320816633,1
TCGA-S3-A6ZG-01A-22R-A32P-07,0.8670909383006286,1
TCGA-A8-A06Z-01A-11R-A00Z-07,0.5478082186199927,1
TCGA-BH-A8FZ-01A-11R-A352-07,0.2598788204415012,0
TCGA-LL-A440-01A-11R-A24H-07,0.8992036894313293,1
TCGA-E9-A249-01A-11R-A169-07,0.6984936564933869,1
TCGA-PL-A8LX-01A-11R-A41B-07,0.7317544383355113,0
TCGA-E2-A1L8-01A-11R-A13Q-07,0.8610454074271559,1
TCGA-EW-A6SD-01A-12R-A33J-07,0.5987486861782274,1
TCGA-AO-A0JL-01A-11R-A056-07,0.3391481685943694,0
TCGA-MS-A51U-01A-31R-A266-07,0.8738032318708533,0
TCGA-BH-A0E7-01A-11R-A034-07,0.8692098943555048,1
TCGA-E9-A22G-01A-11R-A157-07,0.5446996940125154,1
TCGA-A8-A08R-01A-11R-A034-07,0.6066538466864764,1
TCGA-A2-A4S1-01A-21R-A266-07,0.2949109331797375,1
TCGA-E2-A1II-01A-11R-A144-07,0.5535435530799157,1
TCGA-A7-A3J0-01A-11R-A213-07,0.7719229820365633,1
TCGA-BH-A0B8-01A-21R-A056-07,0.8238032274638635,1
TCGA-AR-A24L-01A-11R-A169-07,0.8707411567397161,1
TCGA-EW-A1J3-01A-11R-A13Q-07,0.7857717444252473,0
TCGA-AR-A5QM-01A-11R-A27Q-07,0.9102362328642213,1
TCGA-AO-A1KS-01A-11R-A13Q-07,0.6124166634661945,1
TCGA-D8-A1JI-01A-11R-A13Q-07,0.5110062736388438,1
TCGA-A8-A09N-01A-11R-A00Z-07,0.5194175275243454,0
TCGA-BH-A203-01A-12R-A169-07,0.2818801497871413,0
TCGA-AR-A2LQ-01A-22R-A18M-07,0.37771322810379854,0
TCGA-AR-A251-01A-12R-A169-07,0.3594898774016231,0
TCGA-BH-A18J-01A-11R-A12D-07,0.807506628787327,1
TCGA-D8-A1XM-01A-21R-A14M-07,0.9364629067364323,1
TCGA-BH-A0HA-01A-11R-A12P-07,0.8867504276671145,1
TCGA-AR-A0U2-01A-11R-A109-07,0.5273259783407186,1
TCGA-E2-A1B1-01A-21R-A12P-07,0.8591105926113901,1
TCGA-AC-A62X-01A-11R-A29R-07,0.5677572920697611,1
TCGA-A7-A5ZW-01A-12R-A29R-07,0.9320865579165776,1
TCGA-BH-A28O-01A-11R-A22K-07,0.6764591627987862,1
TCGA-D8-A1XQ-01A-11R-A14M-07,0.5187460301976918,1
TCGA-E9-A248-01A-11R-A169-07,0.2978154056087449,0
TCGA-A8-A07E-01A-11R-A034-07,0.9009498928580546,1
TCGA-AC-A23E-01A-11R-A157-07,0.8492221089919048,0
TCGA-E9-A1N4-01A-11R-A14M-07,0.7964672405806579,1
TCGA-E2-A15H-01A-11R-A12D-07,0.8317331759622447,1
TCGA-E2-A1IJ-01A-11R-A144-07,0.8917798519802874,0
TCGA-D8-A1XR-01A-11R-A14M-07,0.6920892000714559,1
TCGA-A8-A075-01A-11R-A084-07,0.6901392469065987,1
TCGA-A8-A06U-01A-11R-A00Z-07,0.7924342913787739,1
TCGA-B6-A0X7-01A-11R-A10J-07,0.8989967160644742,1
TCGA-AQ-A04J-01A-02R-A034-07,0.5484534800174761,0
TCGA-A2-A0CQ-01A-21R-A034-07,0.8391896306981472,1
TCGA-A8-A07F-01A-11R-A00Z-07,0.8275359089874621,0
TCGA-A8-A082-01A-11R-A00Z-07,0.5773540614778616,1
TCGA-AN-A0XT-01A-11R-A109-07,0.712939580690787,0
TCGA-AR-A24X-01A-11R-A169-07,0.8883475673077741,1
TCGA-A2-A04Y-01A-21R-A034-07,0.5795049663847669,1
TCGA-A2-A1G4-01A-11R-A13Q-07,0.5848428502217419,1
TCGA-B6-A0IE-01A-11R-A034-07,0.8028228647645362,1
TCGA-A8-A079-01A-21R-A00Z-07,0.5792513753452861,1
TCGA-E2-A15E-01A-11R-A12D-07,0.8885976994626527,1
TCGA-E9-A1R3-01A-31R-A14M-07,0.8097476997053114,1
TCGA-AR-A0TT-01A-31R-A084-07,0.5783904939608713,1
TCGA-S3-AA0Z-01A-11R-A41B-07,0.32015279040378647,0
TCGA-BH-A0E1-01A-11R-A056-07,0.8491667317686594,1
TCGA-AC-A23G-01A-11R-A213-07,0.9222468570440744,1
TCGA-GM-A3XG-01A-31R-A24H-07,0.8534760234915074,0
TCGA-AR-A1AM-01A-41R-A22K-07,0.9352918405186376,1
TCGA-E9-A1N5-01A-11R-A14D-07,0.8893652479952265,1
TCGA-A2-A3XX-01A-21R-A239-07,0.4287419437805306,0
TCGA-BH-A0BQ-01A-21R-A115-07,0.9319369275887501,1
TCGA-EW-A1P7-01A-21R-A144-07,0.31967831175035055,1
TCGA-BH-A5IZ-01A-11R-A27Q-07,0.4868777159600506,1
TCGA-D8-A1X7-01A-11R-A14M-07,0.607011407253144,1
TCGA-BH-A0DP-01A-21R-A056-07,0.9396845138697157,1
TCGA-AC-A7VB-01A-11R-A352-07,0.5018303728119748,1
TCGA-A2-A0ST-01A-12R-A084-07,0.701566009449146,1
TCGA-A2-A0ES-01A-11R-A115-07,0.8754584497640776,0
TCGA-BH-A0DT-01A-21R-A12D-07,0.9524860795888972,1
TCGA-AN-A0AR-01A-11R-A00Z-07,0.2922992131471806,0
TCGA-A2-A0YJ-01A-11R-A109-07,0.4540809064436281,1
TCGA-D8-A4Z1-01A-21R-A266-07,0.9107349303878106,1
TCGA-AO-A0JC-01A-11R-A056-07,0.7628035187145968,1
TCGA-A2-A04Q-01A-21R-A034-07,0.648292454238654,1
TCGA-GM-A2DF-01A-11R-A180-07,0.6433093913579842,1
TCGA-GM-A2DI-01A-31R-A18M-07,0.8925399715314857,1
TCGA-LL-A5YO-01A-21R-A28M-07,0.5617124884825886,1
TCGA-EW-A3E8-01B-11R-A24H-07,0.917587347987105,1
TCGA-BH-A0E9-01B-11R-A115-07,0.8504550370270515,0
TCGA-AR-A1AH-01A-11R-A12D-07,0.49419325310162565,1
TCGA-E2-A10A-01A-21R-A115-07,0.8423507957705002,1
TCGA-C8-A1HF-01A-11R-A137-07,0.5534871964690302,1
TCGA-A7-A13H-01A-11R-A22K-07,0.8899068144586813,0
TCGA-A7-A13F-01A-11R-A12P-07,0.5572385797358992,1
TCGA-D8-A1XV-01A-11R-A14M-07,0.7819939367608849,1
TCGA-E2-A574-01A-11R-A29R-07,0.39163473137953303,1
TCGA-GM-A5PV-01A-11R-A28M-07,0.8967698670372178,1
TCGA-EW-A1PB-01A-11R-A144-07,0.4595715533982782,1
TCGA-E2-A1IO-01A-11R-A144-07,0.8826469121314359,1
TCGA-B6-A0RH-01A-21R-A115-07,0.5460143994450641,1
TCGA-BH-A0B7-01A-12R-A115-07,0.3752760222216821,0
TCGA-C8-A137-01A-11R-A115-07,0.29784644649537384,1
TCGA-LL-A8F5-01A-11R-A36F-07,0.4862802875884778,1
TCGA-AQ-A0Y5-01A-11R-A14M-07,0.7210157703451908,0
TCGA-D8-A13Z-01A-11R-A115-07,0.29297173353045797,1
TCGA-A2-A4RX-01A-11R-A266-07,0.5933724216419999,1
TCGA-AR-A24U-01A-11R-A169-07,0.8135451053399819,1
TCGA-E2-A105-01A-11R-A10J-07,0.8115336735283708,1
TCGA-C8-A1HN-01A-11R-A137-07,0.6185555738767494,1
TCGA-BH-A18S-01A-11R-A12D-07,0.842798647032485,1
TCGA-E2-A14Q-01A-11R-A12D-07,0.8082687494544157,0
TCGA-A7-A0DA-01A-31R-A115-07,0.5989705830456357,1
TCGA-EW-A1P4-01A-21R-A144-07,0.43030723553779426,1
TCGA-A8-A081-01A-11R-A00Z-07,0.5598704454137174,1
TCGA-BH-A0E0-01A-11R-A056-07,0.378957279689525,1
TCGA-OL-A66N-01A-12R-A31O-07,0.834754208334417,1
TCGA-E2-A2P6-01A-11R-A19W-07,0.8062283585605085,1
TCGA-BH-A0DK-01A-21R-A056-07,0.8796551396659756,1
TCGA-E9-A5UO-01A-11R-A28M-07,0.4588456385971544,1
TCGA-D8-A1JC-01A-11R-A13Q-07,0.5959579043395488,0
TCGA-C8-A134-01A-11R-A115-07,0.5860003093600057,1
TCGA-A2-A3XT-01A-11R-A22U-07,0.4540607808839212,1
TCGA-AR-A256-01A-11R-A169-07,0.365237332497898,0
TCGA-D8-A1JL-01A-11R-A13Q-07,0.5658669427428353,1
TCGA-E9-A24A-01A-11R-A169-07,0.8939791605124872,1
TCGA-A2-A3XZ-01A-42R-A239-07,0.32199858938502607,0
TCGA-BH-A0BF-01A-21R-A12P-07,0.7444339651762891,1
TCGA-D8-A27F-01A-11R-A16F-07,0.5631145099466861,1
TCGA-A2-A0CY-01A-12R-A034-07,0.39064310673559444,1
TCGA-D8-A27E-01A-11R-A16F-07,0.8141007050558331,1
TCGA-A2-A0EP-01A-52R-A22U-07,0.8693056470389838,0
TCGA-GI-A2C8-01A-11R-A16F-07,0.7329064539925287,0
TCGA-A8-A099-01A-11R-A00Z-07,0.8076893217277252,1
TCGA-A2-A04U-01A-11R-A115-07,0.3634682211312191,1
TCGA-BH-A0HP-01A-12R-A084-07,0.8601941022108782,1
TCGA-EW-A2FV-01A-11R-A17B-07,0.8177332895170393,1
TCGA-A2-A0CR-01A-11R-A22K-07,0.8781038725621139,1
TCGA-BH-A0DS-01A-11R-A056-07,0.8705968353925001,1
TCGA-D8-A1XC-01A-11R-A14D-07,0.7470832891665544,1
TCGA-E2-A14O-01A-31R-A115-07,0.5279866322491249,1
TCGA-A1-A0SF-01A-11R-A144-07,0.876106218216476,1
TCGA-A8-A06X-01A-21R-A00Z-07,0.44418785915654213,0
TCGA-BH-A0HI-01A-11R-A084-07,0.8921987938362499,0
TCGA-E2-A14U-01A-11R-A22K-07,0.8591940797089743,0
TCGA-E2-A15A-01A-11R-A12D-07,0.8600802623912214,1
TCGA-A2-A1G6-01A-11R-A13Q-07,0.5766891896440415,1
TCGA-B6-A1KC-01B-11R-A157-07,0.3957815106316304,0
TCGA-OL-A5RZ-01A-11R-A28M-07,0.2342877409630647,1
TCGA-A8-A07I-01A-11R-A00Z-07,0.3273669780240736,1
TCGA-A2-A0T0-01A-22R-A084-07,0.5776416691780852,1
TCGA-BH-A42V-01A-11R-A24H-07,0.904592895667608,1
TCGA-GM-A3XN-01A-12R-A22U-07,0.9176411786541417,0
TCGA-D8-A3Z6-01A-11R-A239-07,0.8743675028584427,1
TCGA-B6-A0IQ-01A-11R-A034-07,0.3503951290063907,0
TCGA-A8-A095-01A-11R-A00Z-07,0.7737721931360202,1
TCGA-AO-A125-01A-11R-A10J-07,0.7948764098535114,1
TCGA-EW-A6SA-01A-21R-A32P-07,0.48881420784883306,1
TCGA-BH-A0DD-01A-31R-A12P-07,0.6968721534145941,1
TCGA-AO-A0J3-01A-11R-A034-07,0.49366104953375706,1
TCGA-A2-A3XS-01A-11R-A22U-07,0.7382001592241126,1
TCGA-AC-A8OR-01A-21R-A41B-07,0.813676232499277,1
TCGA-BH-A0HK-01A-11R-A056-07,0.81549334983781,1
TCGA-E2-A1IG-01A-11R-A144-07,0.8174590918050098,0
TCGA-AO-A12B-01A-11R-A10J-07,0.7013179959865993,0
TCGA-EW-A1J5-01A-11R-A13Q-07,0.8609861807876539,1
TCGA-C8-A12Q-01A-11R-A115-07,0.7667330591178988,1
TCGA-A2-A0EQ-01A-11R-A034-07,0.6633401983199567,1
TCGA-GM-A3XL-01A-11R-A22U-07,0.48336730189078053,1
TCGA-BH-A1EU-01A-11R-A137-07,0.9033620713072824,1
TCGA-BH-A0RX-01A-21R-A084-07,0.6458295300457804,1
TCGA-E9-A1RF-01A-11R-A157-07,0.8072273395665873,1
TCGA-AC-A2QI-01A-12R-A19W-07,0.8863282592516327,1
TCGA-A8-A090-01A-11R-A00Z-07,0.8499483790063719,1
TCGA-AR-A5QQ-01A-11R-A28M-07,0.4234755647276172,1
TCGA-XX-A899-01A-11R-A36F-07,0.9107739491172374,1
TCGA-E2-A156-01A-11R-A12D-07,0.8806193100018821,1
TCGA-AN-A04C-01A-21R-A034-07,0.2815488750484555,1
TCGA-AN-A0AT-01A-11R-A034-07,0.4842361253365078,1
TCGA-UL-AAZ6-01A-11R-A41B-07,0.6717193826886855,0
TCGA-D8-A1X9-01A-12R-A157-07,0.812840276078242,1
TCGA-E9-A22E-01A-11R-A157-07,0.5750231253133757,0
TCGA-BH-A1FB-01A-11R-A13Q-07,0.917040561877784,0
TCGA-C8-A8HR-01A-11R-A36F-07,0.3736514566935056,0
TCGA-EW-A2FR-01A-11R-A21T-07,0.4076772577243038,0
TCGA-AN-A0AJ-01A-11R-A00Z-07,0.5477098668945085,1
TCGA-LD-A7W6-01A-81R-A352-07,0.9089616241032893,1
TCGA-BH-A0B6-01A-11R-A19W-07,0.8221799637846982,0
TCGA-AR-A252-01A-11R-A169-07,0.8334309083572664,1
TCGA-AR-A254-01A-21R-A169-07,0.7192408373379431,1
TCGA-AO-A03P-01A-11R-A00Z-07,0.5192966947585645,1
TCGA-A8-A07O-01A-11R-A00Z-07,0.529328580871112,1
TCGA-EW-A1PE-01A-11R-A144-07,0.8659912840323939,1
TCGA-AR-A2LL-01A-11R-A180-07,0.731755994889619,1
TCGA-A7-A26H-01A-11R-A169-07,0.9105185341949661,1
TCGA-C8-A26Z-01A-11R-A16F-07,0.8316644045647797,1
TCGA-AO-A0J9-01A-11R-A034-07,0.8796714203535582,1
TCGA-EW-A1PF-01A-11R-A144-07,0.8707837520970905,0
TCGA-A2-A25F-01A-11R-A169-07,0.6382622372370181,1
TCGA-D8-A73W-01A-22R-A352-07,0.839720778705352,1
TCGA-AR-A2LJ-01A-12R-A19W-07,0.8691600312623966,1
TCGA-A8-A07C-01A-11R-A034-07,0.4909456905796648,1
TCGA-E9-A245-01A-22R-A16F-07,0.8123783556864121,1
TCGA-B6-A408-01A-12R-A24H-07,0.8312503581373664,1
TCGA-AR-A255-01A-11R-A169-07,0.9118766451530904,1
TCGA-E2-A1L6-01A-11R-A13Q-07,0.9263571281848226,1
TCGA-E9-A295-01A-11R-A16F-07,0.8630667918354191,1
TCGA-BH-A1FE-01A-11R-A13Q-07,0.8604148929068032,1
TCGA-BH-A1FM-01A-11R-A13Q-07,0.5241706731732049,1
TCGA-OL-A5RU-01A-11R-A28M-07,0.868329912925077,1
TCGA-C8-A1HO-01A-11R-A13Q-07,0.769233353134274,1
TCGA-GM-A2DO-01A-11R-A18M-07,0.5696182040814232,1
TCGA-AN-A0FZ-01A-11R-A034-07,0.7357989450418218,0
TCGA-D8-A1JN-01A-11R-A13Q-07,0.7014436684911095,0
TCGA-OL-A6VO-01A-12R-A33J-07,0.534548502434282,1
TCGA-AN-A0FV-01A-11R-A00Z-07,0.2955334585756838,1
TCGA-D8-A1J9-01A-11R-A13Q-07,0.44291132468457356,0
TCGA-B6-A0IB-01A-11R-A034-07,0.6713638246139744,1
TCGA-A8-A06R-01A-11R-A00Z-07,0.5444584687977321,1
TCGA-AR-A24H-01A-11R-A169-07,0.5269563632376169,1
TCGA-E2-A109-01A-11R-A10J-07,0.5177961035093795,0
TCGA-AR-A5QN-01A-12R-A28M-07,0.8471393007657229,1
TCGA-A2-A0EX-01A-21R-A034-07,0.8801934276945103,1
TCGA-C8-A12N-01A-11R-A115-07,0.8710452213264436,0
TCGA-A2-A259-01A-11R-A16F-07,0.8557114617961034,1
TCGA-AO-A12A-01A-21R-A115-07,0.9331446602856113,1
TCGA-A7-A3RF-01A-11R-A22K-07,0.6961668651375672,0
TCGA-AN-A0FS-01A-11R-A034-07,0.9037389100289025,1
TCGA-C8-A26W-01A-11R-A16F-07,0.6231371887025279,1
TCGA-E9-A1RC-01A-11R-A157-07,0.8317270165940921,1
TCGA-E2-A1B0-01A-11R-A12P-07,0.6683871573709058,1
TCGA-AO-A126-01A-11R-A10J-07,0.8331791916587564,1
TCGA-AC-A4ZE-01A-11R-A41B-07,0.7766534003485283,1
TCGA-E9-A229-01A-31R-A157-07,0.935082354779205,1
TCGA-EW-A1P1-01A-31R-A14D-07,0.7123893538580749,1
TCGA-BH-AB28-01A-31R-A41B-07,0.840869131259157,1
TCGA-A8-A08P-01A-11R-A00Z-07,0.8168586383663657,1
TCGA-EW-A1IX-01A-12R-A144-07,0.9041603596513449,1
TCGA-LL-A73Z-01A-11R-A32P-07,0.7721990490681715,1
TCGA-E9-A1R7-01A-11R-A14M-07,0.47750762556075044,1
TCGA-BH-A1F2-01A-31R-A13Q-07,0.5609104762595161,1
TCGA-A8-A0A6-01A-12R-A056-07,0.8546726986883615,1
TCGA-A1-A0SE-01A-11R-A084-07,0.930935311473544,1
TCGA-E9-A1NG-01A-21R-A14M-07,0.8625446048384865,1
TCGA-B6-A1KF-01A-11R-A13Q-07,0.5185739188192925,1
TCGA-BH-A0EE-01A-11R-A034-07,0.21577932361651364,1
TCGA-BH-A0BD-01A-11R-A034-07,0.6421279373640021,1
TCGA-OL-A5RY-01A-21R-A28M-07,0.3427868896887371,1
TCGA-E9-A1RD-01A-11R-A157-07,0.9299302675099765,1
TCGA-AR-A24K-01A-11R-A169-07,0.6625442849425518,1
TCGA-BH-A0BP-01A-11R-A115-07,0.7866511865738023,0
TCGA-C8-A130-01A-31R-A115-07,0.6298313814490535,1
TCGA-B6-A0RG-01A-11R-A056-07,0.7894505335155356,1
TCGA-E9-A1NA-01A-11R-A144-07,0.44972222013130886,0
TCGA-A8-A0A2-01A-11R-A034-07,0.8787817467513561,1
TCGA-E2-A14V-01A-11R-A12D-07,0.552271009255447,1
TCGA-E2-A1LL-01A-11R-A144-07,0.3142799807357547,1
TCGA-AR-A24M-01A-11R-A169-07,0.8792010928359549,1
TCGA-A8-A0AB-01A-11R-A034-07,0.8362942251040376,1
TCGA-C8-A1HL-01A-11R-A137-07,0.6109667303063702,1
TCGA-OL-A66P-01A-11R-A31O-07,0.49602648832624235,1
TCGA-OL-A66K-01A-11R-A29R-07,0.8416906668969596,1
TCGA-BH-A0HF-01A-11R-A056-07,0.896824830265078,1
TCGA-AN-A03X-01A-21R-A00Z-07,0.7951343898959431,1
TCGA-A2-A1FV-01A-11R-A13Q-07,0.7888918383728508,1
TCGA-E9-A3HO-01A-11R-A213-07,0.5604890427854667,1
TCGA-A2-A0YE-01A-11R-A109-07,0.5257068485546349,1
TCGA-A1-A0SP-01A-11R-A084-07,0.615671889778671,1
TCGA-AO-A0J7-01A-11R-A034-07,0.5977337461147435,1
TCGA-C8-A3M7-01A-12R-A21T-07,0.8570990654297574,1
TCGA-A2-A0YG-01A-21R-A109-07,0.5442662853174348,1
TCGA-E2-A14Y-01A-21R-A12D-07,0.3313045273398117,0
TCGA-EW-A424-01A-11R-A24H-07,0.8389345659228906,0
TCGA-D8-A141-01A-11R-A115-07,0.8878441606665626,0
TCGA-C8-A1HJ-01A-11R-A13Q-07,0.36236428713549185,0
TCGA-C8-A12O-01A-11R-A115-07,0.8947982127073904,1
TCGA-LL-A442-01A-11R-A24H-07,0.7709750262563121,1
TCGA-C8-A12Z-01A-11R-A115-07,0.3345507593119295,0
TCGA-EW-A1OX-01A-11R-A144-07,0.5102149534712463,1
TCGA-E9-A1RG-01A-11R-A14D-07,0.5904248603416593,1
TCGA-AQ-A1H2-01A-11R-A13Q-07,0.7771821593404262,1
TCGA-AR-A24Q-01A-12R-A169-07,0.7607789698460078,1
TCGA-A8-A09K-01A-11R-A00Z-07,0.7388826912078336,1
TCGA-BH-A0W7-01A-11R-A115-07,0.9118539749545966,1
TCGA-BH-A0H0-01A-11R-A056-07,0.5444451299172164,1
TCGA-AO-A0JD-01A-11R-A056-07,0.5633833441090808,1
TCGA-A2-A4RW-01A-21R-A266-07,0.8102729379250633,1
TCGA-C8-A12U-01A-11R-A115-07,0.4384663008758441,0
TCGA-C8-A12V-01A-11R-A115-07,0.5232022888200711,0
TCGA-E9-A1NC-01A-21R-A26B-07,0.6020305872734303,1
TCGA-AO-A12G-01A-11R-A10J-07,0.834348483619905,1
TCGA-S3-AA11-01A-31R-A41B-07,0.8774083949807696,1
TCGA-BH-A0HQ-01A-11R-A034-07,0.8882387205665585,0
TCGA-AO-A03L-01A-41R-A056-07,0.8558117159577258,1
TCGA-C8-A1HM-01A-12R-A137-07,0.5309158574062616,1
TCGA-D8-A146-01A-31R-A115-07,0.9270905332542118,1
TCGA-A2-A0EV-01A-11R-A034-07,0.8668410009522793,1
TCGA-E2-A154-01A-11R-A115-07,0.8961846843342021,1
TCGA-E2-A1LE-01A-12R-A19W-07,0.3670541901771869,0
TCGA-E9-A1R5-01A-11R-A14M-07,0.8013616771866822,1
TCGA-AC-A3EH-01A-22R-A22K-07,0.8161430854162824,0
TCGA-C8-A12Y-01A-11R-A12D-07,0.8911293559693375,1
TCGA-BH-A0E2-01A-11R-A056-07,0.8474178050105038,1
TCGA-D8-A1XG-01A-11R-A14D-07,0.8344647723254828,1
TCGA-OL-A5DA-01A-11R-A27Q-07,0.8100640318530115,0
TCGA-AC-A3HN-01A-11R-A213-07,0.918560056919421,0
TCGA-B6-A0RP-01A-21R-A084-07,0.8893616876398098,1
TCGA-3C-AALI-01A-11R-A41B-07,0.303477670382926,0
TCGA-D8-A1Y2-01A-11R-A157-07,0.7332366464775034,1
TCGA-S3-AA15-01A-11R-A41B-07,0.6311903690971088,1
TCGA-BH-A0W5-01A-11R-A109-07,0.8928359761687128,0
TCGA-A8-A097-01A-11R-A034-07,0.7913221481845788,1
TCGA-AO-A12D-01A-11R-A115-07,0.8314372180062422,1
TCGA-AN-A04A-01A-21R-A034-07,0.8460092537472237,1
TCGA-E2-A1B4-01A-11R-A12P-07,0.8879688822062825,1
TCGA-A8-A09R-01A-11R-A00Z-07,0.6744000292833744,1
TCGA-XX-A89A-01A-11R-A36F-07,0.85487394724548,1
TCGA-AR-A24O-01A-11R-A169-07,0.9203265958818254,0
TCGA-E2-A1LG-01A-21R-A14M-07,0.3365414242471512,1
TCGA-AC-A8OS-01A-12R-A41B-07,0.9116961392005521,1
TCGA-HN-A2NL-01A-11R-A18M-07,0.4843601142865983,1
TCGA-E9-A1N6-01A-11R-A144-07,0.6253610793152008,1
TCGA-E2-A10C-01A-21R-A10J-07,0.5586685362631357,1
TCGA-BH-A0AU-01A-11R-A12P-07,0.6459871360631664,1
TCGA-A2-A0EW-01A-21R-A115-07,0.9270536420475023,1
TCGA-A8-A07B-01A-11R-A00Z-07,0.6648027342770516,0
TCGA-E2-A15K-01A-11R-A12P-07,0.6065390873027836,0
TCGA-EW-A6S9-01A-22R-A33J-07,0.7845092092470733,1
TCGA-AC-A3W5-01A-11R-A22K-07,0.7319840203340342,1
TCGA-BH-A0AV-01A-31R-A115-07,0.5486087781480132,1
TCGA-A2-A0T7-01A-21R-A084-07,0.8800202199565582,1
TCGA-AO-A03V-01A-11R-A115-07,0.7291515382990901,1
TCGA-BH-A0DZ-01A-11R-A00Z-07,0.7743307573850995,1
TCGA-AN-A041-01A-11R-A034-07,0.8119829869621232,1
TCGA-B6-A0I5-01A-11R-A034-07,0.870552282072908,1
TCGA-BH-A0BM-01A-11R-A056-07,0.8915132226635879,1
TCGA-BH-A0GZ-01A-11R-A056-07,0.8985723157526037,1
TCGA-LL-A5YN-01A-11R-A28M-07,0.8504125375503243,1
TCGA-B6-A0RM-01A-11R-A084-07,0.7890481340595943,1
TCGA-A2-A4S3-01A-21R-A266-07,0.5593049524304442,1
TCGA-BH-A201-01A-11R-A14M-07,0.8530843551047875,1
TCGA-A2-A0SV-01A-11R-A084-07,0.66588551528301,1
TCGA-A8-A07L-01A-11R-A00Z-07,0.4433644159776332,0
TCGA-AR-A2LN-01A-21R-A18M-07,0.9081503468330668,1
TCGA-C8-A278-01A-11R-A169-07,0.6848901240987723,1
TCGA-A2-A0CM-01A-31R-A034-07,0.4698597017327671,0
TCGA-C8-A1HE-01A-11R-A13Q-07,0.9185465173539311,1
TCGA-LL-A7T0-01A-31R-A352-07,0.6882716455970883,1
TCGA-B6-A0WT-01A-11R-A109-07,0.8985939082097525,1
TCGA-OL-A5D6-01A-21R-A27Q-07,0.38486268938364776,1
TCGA-E2-A14S-01A-11R-A12D-07,0.6383465571535735,1
TCGA-AQ-A1H3-01A-31R-A13Q-07,0.9305210130107456,1
TCGA-BH-A1F8-01A-11R-A13Q-07,0.4600290737084366,0
TCGA-A8-A0AD-01A-11R-A056-07,0.8254510466948052,1
TCGA-GM-A2DA-01A-11R-A18M-07,0.8155104497728503,1
TCGA-A2-A0T5-01A-21R-A084-07,0.8483136085051216,0
TCGA-A8-A09M-01A-11R-A00Z-07,0.7196420697561626,1
TCGA-B6-A0X1-01A-11R-A109-07,0.44145988033726735,1
TCGA-AN-A0XU-01A-11R-A109-07,0.40653054721798193,0
TCGA-BH-A1EV-01A-11R-A137-07,0.3359737317104378,1
TCGA-EW-A1OZ-01A-11R-A144-07,0.40969320734406606,0
TCGA-C8-A12X-01A-11R-A115-07,0.746963137608058,0
TCGA-JL-A3YX-01A-11R-A22U-07,0.8851718321226241,1
TCGA-OL-A5D7-01A-11R-A27Q-07,0.5209823469154212,1
TCGA-E2-A1IK-01A-11R-A144-07,0.8452369516139266,1
TCGA-A2-A0CW-01A-21R-A115-07,0.5365744862506532,1
TCGA-A2-A0ET-01A-31R-A034-07,0.6778580517309624,0
TCGA-B6-A400-01A-11R-A239-07,0.4684198062185681,0
