sample_id,score,y_member
TCGA-E2-A158-01A-11R-A12D-07,0.2288413609271639,1
TCGA-AO-A1KO-01A-31R-A13Q-07,0.34628242338027754,1
TCGA-AR-A0TX-01A-11R-A084-07,0.6493527577098279,0
TCGA-D8-A1XB-01A-11R-A14D-07,0.921809598359542,1
TCGA-B6-A0IG-01A-11R-A034-07,0.5868402821093007,1
TCGA-AC-A5EH-01A-11R-A28M-07,0.7140794149149322,1
TCGA-LL-A7SZ-01A-32R-A352-07,0.1876616125532883,1
TCGA-A7-A26J-01A-11R-A169-07,0.8048374790729201,1
TCGA-E9-A22H-01A-11R-A157-07,0.7226730898909305,1
TCGA-BH-A208-01A-11R-A157-07,0.6391513556889545,1
TCGA-BH-A6R9-01A-21R-A32P-07,0.5135392869686145,1
TCGA-OL-A5S0-01A-11R-A28M-07,0.5168177214677073,1
TCGA-A1-A0SD-01A-11R-A115-07,0.9068584372026789,1
TCGA-AO-A0JB-01A-11R-A32Y-07,0.39095831838410267,1
TCGA-E2-A1BD-01A-11R-A12P-07,0.8064152629244173,1
TCGA-AN-A0AS-01A-11R-A00Z-07,0.7224349709415362,1
TCGA-A7-A13G-01A-11R-A13Q-07,0.14831731144870358,1
TCGA-B6-A0RS-01A-11R-A084-07,0.6513877432831748,1
TCGA-A2-A4S0-01A-21R-A266-07,0.5461750438361209,0
TCGA-BH-A1F5-01A-12R-A13Q-07,0.36336232840300436,1
TCGA-A2-A0CX-01A-21R-A00Z-07,0.7941887340628166,1
TCGA-A7-A13D-01A-13R-A12P-07,0.6359194978492619,0
TCGA-AN-A03Y-01A-21R-A00Z-07,0.5568421543208303,1
TCGA-E9-A1ND-01A-11R-A144-07,0.7104087002565262,0
TCGA-EW-A1P5-01A-11R-A144-07,0.738431521159351,1
TCGA-EW-A423-01A-11R-A24H-07,0.3852691786043549,1
TCGA-A7-A5ZV-01A-11R-A28M-07,0.24478471882366815,1
TCGA-C8-A8HP-01A-11R-A36F-07,0.54172880771899,1
TCGA-AQ-A54O-01A-11R-A266-07,0.22110825755900237,1
TCGA-E9-A5FK-01A-11R-A27Q-07,0.4950381091810743,1
TCGA-D8-A142-01A-11R-A115-07,0.6707383348954371,1
TCGA-BH-A0BC-01A-22R-A084-07,0.8358527150246334,1
TCGA-A2-A0EY-01A-11R-A034-07,0.7057821385748623,1
TCGA-D8-A1J8-01A-11R-A13Q-07,0.32716575962871375,1
TCGA-A8-A06Y-01A-21R-A00Z-07,0.5625689730176141,0
TCGA-EW-A1J1-01A-11R-A13Q-07,0.5713107282141039,1
TCGA-BH-A0C0-01A-21R-A056-07,0.6784374560788852,0
TCGA-AC-A2FK-01A-12R-A180-07,0.7402074080519264,0
TCGA-A2-A3XV-01A-21R-A239-07,0.07349434350428809,0
TCGA-BH-A0HB-01A-11R-A056-07,0.684282588364942,1
TCGA-AN-A0XL-01A-11R-A10J-07,0.8760827706638413,1
TCGA-E2-A10B-01A-11R-A10J-07,0.8417762445790222,1
TCGA-A2-A04X-01A-21R-A034-07,0.5475365149241544,1
TCGA-AR-A1AN-01A-11R-A12P-07,0.831105525314499,1
TCGA-A2-A0EM-01A-11R-A034-07,0.8195164026723377,0
TCGA-B6-A0WS-01A-11R-A115-07,0.8565075586641573,1
TCGA-D8-A1XD-01A-11R-A14D-07,0.4635916192928168,1
TCGA-A8-A091-01A-11R-A00Z-07,0.5833155528516419,1
TCGA-E9-A2JS-01A-11R-A180-07,0.6177942673156928,0
TCGA-A2-A1G1-01A-21R-A13Q-07,0.3891832904036083,1
TCGA-E9-A22B-01A-11R-A157-07,0.6939007551547431,0
TCGA-D8-A27G-01A-11R-A16F-07,0.9013979429362081,1
TCGA-A7-A13E-01A-11R-A12P-07,0.4923721995317943,1
TCGA-BH-A0AY-01A-21R-A00Z-07,0.8540208204132511,0
TCGA-E2-A1L7-01A-11R-A144-07,0.6808620878454434,1
TCGA-AN-A046-01A-21R-A034-07,0.8025533193614166,0
TCGA-AN-A0AL-01A-11R-A00Z-07,0.5880619201659882,0
TCGA-D8-A27K-01A-11R-A16F-07,0.8288423546717776,1
TCGA-BH-A0DO-01B-11R-A12D-07,0.8793497323603513,0
TCGA-A7-A4SB-01A-21R-A266-07,0.5554004160907444,0
TCGA-EW-A6SB-01A-12R-A32P-07,0.4860036845982569,1
TCGA-D8-A1JM-01A-11R-A13Q-07,0.32000006896162414,1
TCGA-OL-A66J-01A-11R-A29R-07,0.7790778914391435,1
TCGA-D8-A13Y-01A-11R-A115-07,0.2529895905851378,1
TCGA-AR-A24N-01A-11R-A169-07,0.7011229116621359,1
TCGA-BH-A0B1-01A-12R-A056-07,0.7475713093239392,1
TCGA-B6-A0RN-01A-12R-A084-07,0.880276558639561,1
TCGA-A2-A0T1-01A-21R-A084-07,0.752056341860494,1
TCGA-AN-A0AM-01A-11R-A034-07,0.6023314640506499,1
TCGA-E2-A1LA-01A-11R-A144-07,0.674971931754096,0
TCGA-JL-A3YW-01A-12R-A239-07,0.6758111501235177,0
TCGA-BH-A0H3-01A-11R-A12P-07,0.8522528482958462,1
TCGA-E2-A1IF-01A-11R-A144-07,0.7915157676551291,1
TCGA-C8-A26X-01A-31R-A16F-07,0.6844332129871368,1
TCGA-A8-A09B-01A-11R-A00Z-07,0.9109237049018385,0
TCGA-A7-A26G-01A-21R-A169-07,0.45469049530480127,1
TCGA-AC-A2FE-01A-11R-A19W-07,0.9283214787413304,1
TCGA-A8-A08G-01A-11R-A00Z-07,0.7883356778094571,0
TCGA-AN-A0FJ-01A-11R-A00Z-07,0.415786491438577,1
TCGA-B6-A0RV-01A-11R-A084-07,0.9041834018184034,1
TCGA-B6-A0WV-01A-11R-A109-07,0.8113337166837986,1
TCGA-A8-A07P-01A-11R-A00Z-07,0.7548109280350377,1
TCGA-A8-A08H-01A-21R-A00Z-07,0.6197528433115039,1
TCGA-AR-A0TW-01A-11R-A084-07,0.4417748882717877,1
TCGA-E2-A15F-01A-11R-A115-07,0.7791866015784664,1
TCGA-B6-A0WX-01A-11R-A109-07,0.7846103650959987,1
TCGA-D8-A1Y1-01A-21R-A14M-07,0.8813955298543842,1
TCGA-E2-A14Z-01A-11R-A115-07,0.8028607239593404,0
TCGA-A2-A25A-01A-12R-A16F-07,0.9446199931489248,0
TCGA-A2-A0CT-01A-31R-A056-07,0.5271624758569821,1
TCGA-HN-A2OB-01A-21R-A27Q-07,0.9515931118424423,0
TCGA-B6-A0RT-01A-21R-A084-07,0.725628409252902,1
TCGA-AR-A24T-01A-11R-A169-07,0.7848587527950993,1
TCGA-E9-A1R0-01A-22R-A16F-07,0.9096859415845623,1
TCGA-E9-A5FL-01A-11R-A27Q-07,0.20048645656387135,1
TCGA-E2-A3DX-01A-21R-A213-07,0.8909205702666979,1
TCGA-E2-A14T-01A-11R-A115-07,0.5972120771051289,1
TCGA-A2-A4RY-01A-31R-A266-07,0.8978486583485745,1
TCGA-AR-A2LK-01A-11R-A180-07,0.8287022647146173,1
TCGA-BH-A42U-01A-12R-A24H-07,0.6710708440742972,1
TCGA-AO-A12C-01A-11R-A10J-07,0.7639637452063386,0
TCGA-A2-A3XY-01A-11R-A239-07,0.7412414295515403,1
TCGA-D8-A73X-01A-11R-A32P-07,0.9416204906395268,1
TCGA-AR-A2LO-01A-31R-A18M-07,0.9114239543636212,1
TCGA-AO-A0JJ-01A-11R-A056-07,0.8857599897797452,0
TCGA-LD-A74U-01A-13R-A33J-07,0.9389401013532971,1
TCGA-AN-A0XN-01A-21R-A109-07,0.7316861177724744,1
TCGA-E2-A107-01A-11R-A10J-07,0.6612676257854408,1
TCGA-A7-A6VV-01A-22R-A33J-07,0.6999098545461635,1
TCGA-AC-A5XS-01A-11R-A29R-07,0.6089710722260084,1
TCGA-BH-A0H6-01A-21R-A056-07,0.8194783312984891,1
TCGA-AC-A23C-01A-12R-A169-07,0.7083231640176051,1
TCGA-E9-A1NH-01A-11R-A14D-07,0.9368727233718568,1
TCGA-D8-A1XW-01A-11R-A14M-07,0.45907977773380493,1
TCGA-AO-A0JG-01A-31R-A084-07,0.6783238113379126,0
TCGA-BH-A18N-01A-11R-A12D-07,0.6849005875988089,1
TCGA-A1-A0SO-01A-22R-A084-07,0.2406918947268874,0
TCGA-BH-A0B5-01A-11R-A12P-07,0.8899677719609322,0
TCGA-A8-A09T-01A-11R-A00Z-07,0.853863179436032,1
TCGA-BH-A0BR-01A-21R-A115-07,0.703292923765539,1
TCGA-D8-A27W-01A-11R-A16F-07,0.6938437397880483,1
TCGA-BH-A0BW-01A-11R-A115-07,0.423723658391548,1
TCGA-GM-A2DB-01A-31R-A18M-07,0.34138113338410486,0
TCGA-AC-A2QH-01A-11R-A18M-07,0.062117832252832905,1
TCGA-D8-A1JB-01A-11R-A13Q-07,0.8480740817411213,1
TCGA-BH-A1ES-01A-11R-A137-07,0.6236339163952143,1
TCGA-OL-A97C-01A-32R-A41B-07,0.6901970643580257,1
TCGA-A2-A0YF-01A-21R-A109-07,0.6546519281216102,1
TCGA-D8-A1XS-01A-11R-A14M-07,0.8139942018593249,1
TCGA-D8-A140-01A-11R-A115-07,0.7173297231613828,1
TCGA-A8-A09Q-01A-11R-A00Z-07,0.7268702699597877,1
TCGA-B6-A0I1-01A-11R-A21T-07,0.2995872470860406,1
TCGA-AO-A0JE-01A-11R-A056-07,0.7777979983053049,1
TCGA-A2-A1FW-01A-11R-A13Q-07,0.30999461830496267,1
TCGA-D8-A1XY-01A-11R-A14M-07,0.71073219761978,1
TCGA-A2-A04R-01A-41R-A109-07,0.7365489899218687,0
TCGA-A2-A1FX-01A-11R-A13Q-07,0.7320152710565447,1
TCGA-A8-A07W-01A-11R-A00Z-07,0.7183905885298592,1
TCGA-D8-A1XK-01A-21R-A14M-07,0.46486933744777353,1
TCGA-D8-A3Z5-01A-41R-A24H-07,0.7543368727780221,1
TCGA-LL-A5YM-01A-11R-A28M-07,0.11196619834330074,1
TCGA-B6-A0IJ-01A-11R-A034-07,0.6318448677503312,0
TCGA-A8-A06N-01A-11R-A00Z-07,0.32961964675392424,1
TCGA-GM-A2DM-01A-11R-A180-07,0.7357744964688547,1
TCGA-E2-A15D-01A-11R-A115-07,0.8809779333092802,1
TCGA-B6-A1KI-01A-11R-A14M-07,0.8430476732233262,1
TCGA-D8-A1JS-01A-11R-A13Q-07,0.28961069565300307,1
TCGA-PE-A5DD-01A-12R-A27Q-07,0.6683027518343028,1
TCGA-BH-A0BG-01A-11R-A115-07,0.7266732443122633,1
TCGA-LL-A6FQ-01A-11R-A31O-07,0.19197804977370797,0
TCGA-E2-A1IN-01A-11R-A13Q-07,0.9153892846162083,1
TCGA-A8-A06T-01A-11R-A00Z-07,0.7145098189096477,1
TCGA-B6-A402-01A-11R-A239-07,0.5027243710455599,1
TCGA-E2-A9RU-01A-11R-A41B-07,0.2515490654193401,1
TCGA-A2-A3XW-01A-11R-A239-07,0.29485585343503007,1
TCGA-B6-A0RU-01A-11R-A084-07,0.7244845028100345,0
TCGA-A8-A086-01A-11R-A00Z-07,0.8609800564537228,1
TCGA-B6-A40C-01A-11R-A239-07,0.7286969505004318,1
TCGA-D8-A1JF-01A-11R-A13Q-07,0.29931893122094555,1
TCGA-A2-A0T6-01A-11R-A084-07,0.8764909832634766,1
TCGA-BH-A1FG-01A-11R-A13Q-07,0.6699876345246495,0
TCGA-GM-A3NY-01A-11R-A21T-07,0.4945204448952117,1
TCGA-AN-A0AK-01A-21R-A00Z-07,0.5006422429735637,1
TCGA-BH-A1FC-01A-11R-A13Q-07,0.5366671883575211,1
TCGA-E9-A227-01A-11R-A157-07,0.8790691414189327,1
TCGA-BH-A18P-01A-11R-A12D-07,0.727102280851953,1
TCGA-E2-A15R-01A-11R-A115-07,0.4238874681983538,1
TCGA-BH-A0WA-01A-11R-A109-07,0.7100574874077624,0
TCGA-BH-A42T-01A-11R-A24H-07,0.5083755913328235,1
TCGA-AC-A23H-01A-11R-A157-07,0.6897778278638694,1
TCGA-OL-A66I-01A-21R-A29R-07,0.6776659626466386,1
TCGA-S3-AA17-01A-11R-A41B-07,0.6652065874154869,1
TCGA-AR-A1AL-01A-21R-A12P-07,0.8346735443186833,0
TCGA-AC-A2B8-01A-11R-A17B-07,0.9049724808243792,1
TCGA-D8-A1XO-01A-11R-A14M-07,0.8037229487235794,1
TCGA-C8-A26Y-01A-11R-A16F-07,0.4818555362390567,1
TCGA-BH-A0DG-01A-21R-A12P-07,0.8677873404418917,1
TCGA-E9-A243-01A-21R-A169-07,0.4552810032604402,1
TCGA-A2-A04W-01A-31R-A115-07,0.5083861654087257,1
TCGA-A8-A09G-01A-21R-A00Z-07,0.5904332617824396,1
TCGA-BH-A0DI-01A-21R-A12P-07,0.8738498997793631,1
TCGA-E2-A152-01A-11R-A12D-07,0.784401091424672,1
TCGA-AQ-A7U7-01A-22R-A352-07,0.8435104178725265,1
TCGA-BH-A0BZ-01A-31R-A12P-07,0.756542620439927,1
TCGA-EW-A1OV-01A-11R-A144-07,0.6670844320251709,1
TCGA-A8-A0A7-01A-11R-A00Z-07,0.7328611350001987,1
TCGA-BH-A1EN-01A-11R-A13Q-07,0.4397337829191511,1
TCGA-E2-A1IE-01A-11R-A13Q-07,0.7608912724892769,1
TCGA-BH-A0HW-01A-11R-A034-07,0.5281733713060129,1
TCGA-BH-A0BJ-01A-11R-A056-07,0.9222277456657433,1
TCGA-AO-A03N-01B-11R-A10J-07,0.42830312207644095,1
TCGA-EW-A1P3-01A-11R-A144-07,0.7772347549852706,1
TCGA-B6-A0I2-01A-11R-A034-07,0.4409231238974374,0
TCGA-EW-A1PD-01A-11R-A144-07,0.7574919556149594,1
TCGA-B6-A0IH-01A-11R-A115-07,0.8461592410416392,0
TCGA-E2-A15M-01A-11R-A12D-07,0.6545748148681377,1
TCGA-BH-A0H9-01A-11R-A056-07,0.7837385129814686,0
TCGA-BH-A0HL-01A-11R-A10U-07,0.33774516933965104,0
TCGA-A8-A07G-01A-11R-A034-07,0.8167668299826337,1
TCGA-E2-A1IL-01A-11R-A14D-07,0.8318930199888743,1
TCGA-AR-A0U4-01A-11R-A109-07,0.5609292674201685,1
TCGA-D8-A147-01A-11R-A115-07,0.624827646191527,1
TCGA-BH-A0HY-01A-11R-A056-07,0.5986696976334229,1
TCGA-D8-A1XT-01A-11R-A14M-07,0.6081089290319511,0
TCGA-E2-A14W-01A-11R-A12D-07,0.5656163555605623,1
TCGA-E9-A1RB-01A-11R-A157-07,0.6580338101608963,1
TCGA-LL-A5YL-01A-12R-A29R-07,0.368323828275447,0
TCGA-WT-AB41-01A-11R-A41B-07,0.14533871961026862,1
TCGA-A8-A09Z-01A-11R-A00Z-07,0.3092625274196214,0
TCGA-AN-A0FX-01A-11R-A034-07,0.7249097569864058,1
TCGA-B6-A409-01A-11R-A24H-07,0.5277733936171372,1
TCGA-EW-A1PG-01A-11R-A144-07,0.6061446738306648,1
TCGA-OL-A6VR-01A-32R-A33J-07,0.6750383513913064,1
TCGA-BH-A1FN-01A-11R-A13Q-07,0.6059470593178574,1
TCGA-AR-A2LR-01A-12R-A18M-07,0.4664816804695197,1
TCGA-A7-A5ZX-01A-12R-A29R-07,0.9049677784712493,1
TCGA-LL-A73Y-01A-11R-A33J-07,0.7731205528107825,1
TCGA-A2-A25D-01A-12R-A16F-07,0.6881630479387033,0
TCGA-BH-A0C7-01B-11R-A115-07,0.7490800605339202,1
TCGA-E2-A570-01A-11R-A29R-07,0.8215975853876143,1
TCGA-BH-A1FL-01A-11R-A13Q-07,0.8450888118918071,1
TCGA-A1-A0SG-01A-11R-A144-07,0.8105318080900524,1
TCGA-A8-A07U-01A-11R-A034-07,0.7133558498440798,0
TCGA-E2-A15L-01A-11R-A12D-07,0.837559718747643,1
TCGA-E9-A1R4-01A-21R-A14D-07,0.751607558356729,0
TCGA-AR-A0TS-01A-11R-A115-07,0.6788803129023275,1
TCGA-E2-A10F-01A-11R-A10J-07,0.9625132124877659,1
TCGA-AO-A128-01A-11R-A10J-07,0.48286732532304827,1
TCGA-AR-A0U3-01A-11R-A109-07,0.6992143819074151,1
TCGA-BH-A0DL-01A-11R-A115-07,0.4821375072901207,1
TCGA-A7-A0D9-01A-31R-A056-07,0.5350314994618772,1
TCGA-AN-A0FD-01A-11R-A034-07,0.741994213985481,1
TCGA-A2-A0YK-01A-22R-A109-07,0.864373260879396,1
TCGA-BH-A1FH-01A-12R-A13Q-07,0.7102446147542515,1
TCGA-C8-A12T-01A-11R-A115-07,0.6899406843309515,1
TCGA-B6-A2IU-01A-32R-A18M-07,0.7654694325431809,1
TCGA-4H-AAAK-01A-12R-A41B-07,0.9016332279533656,1
TCGA-E2-A1IU-01A-11R-A14D-07,0.885636452707986,0
TCGA-3C-AALK-01A-11R-A41B-07,0.9041760334284378,1
TCGA-D8-A27M-01A-11R-A16F-07,0.6417994627804958,1
TCGA-E2-A56Z-01A-12R-A29R-07,0.5396134822733446,1
TCGA-AO-A1KQ-01A-11R-A13Q-07,0.7059550412927013,1
TCGA-AR-A2LE-01A-11R-A180-07,0.6299856252069966,1
TCGA-E2-A1BC-01A-11R-A12P-07,0.7692849520441017,1
TCGA-BH-A0E6-01A-11R-A034-07,0.5007896235363675,1
TCGA-AO-A0J2-01A-11R-A034-07,0.48942763115317617,1
TCGA-A7-A6VX-01A-12R-A33J-07,0.7224394470950763,0
TCGA-E2-A1LI-01A-12R-A157-07,0.6521671113476953,0
TCGA-AR-A1AT-01A-11R-A12P-07,0.7495673359923472,1
TCGA-A7-A426-01A-22R-A24H-07,0.8480050327192357,1
TCGA-A2-A25C-01A-11R-A169-07,0.653611211002298,1
TCGA-B6-A0RL-01A-11R-A084-07,0.2660487496329038,1
TCGA-OK-A5Q2-01A-11R-A27Q-07,0.9335785886563028,1
TCGA-E9-A244-01A-11R-A169-07,0.5157633049300954,1
TCGA-E9-A1R6-01A-11R-A14D-07,0.7551326836684231,1
TCGA-BH-A8G0-01A-11R-A352-07,0.9405112048563462,1
TCGA-EW-A1IZ-01A-11R-A13Q-07,0.692468012663518,0
TCGA-AO-A0J5-01A-11R-A034-07,0.7121763620820247,1
TCGA-E2-A1AZ-01A-11R-A12P-07,0.5671785230950264,1
TCGA-B6-A0RE-01A-11R-A056-07,0.8011840392337934,1
TCGA-A7-A4SE-01A-11R-A266-07,0.6630444538119135,0
TCGA-LL-A740-01A-21R-A32P-07,0.5577261632779067,1
TCGA-A8-A07R-01A-21R-A034-07,0.4514411788037822,0
TCGA-S3-AA10-01A-21R-A41B-07,0.7095143430762216,1
TCGA-A7-A4SF-01A-11R-A266-07,0.4605071956804671,0
TCGA-A7-A0CG-01A-12R-A056-07,0.8261456967948123,0
TCGA-E2-A1LS-01A-12R-A157-07,0.14945995041227428,1
TCGA-AR-A24P-01A-11R-A169-07,0.8186967697072121,0
TCGA-E9-A54Y-01A-11R-A466-07,0.07565473438183792,1
TCGA-AO-A0JA-01A-11R-A056-07,0.794090081416189,1
TCGA-A8-A08A-01A-11R-A32Y-07,0.8271886878118082,1
TCGA-AR-A24V-01A-21R-A169-07,0.7724502250521383,1
TCGA-A2-A0CO-01A-13R-A22K-07,0.8462397474287854,1
TCGA-E2-A15I-01A-21R-A137-07,0.6862173282980937,0
TCGA-A2-A0SU-01A-11R-A084-07,0.7358986759417122,0
TCGA-AC-A3OD-01A-11R-A21T-07,0.20213790234363377,1
TCGA-AC-A3YJ-01A-11R-A22U-07,0.4781875317887986,0
TCGA-AR-A0TZ-01A-12R-A084-07,0.5478138945711852,1
TCGA-A2-A0D3-01A-11R-A115-07,0.6116161742262347,1
TCGA-BH-A18L-01A-32R-A12D-07,0.5781585418226403,1
TCGA-EW-A2FW-01A-11R-A17B-07,0.6161728895770106,1
TCGA-A2-A0YL-01A-21R-A109-07,0.9039722437373823,1
TCGA-E9-A54X-01A-11R-A266-07,0.4444407229376816,1
TCGA-BH-A18F-01A-11R-A12D-07,0.8907996243109804,1
TCGA-W8-A86G-01A-21R-A36F-07,0.8087293957349981,1
TCGA-A8-A08T-01A-21R-A00Z-07,0.7824787024106616,1
TCGA-BH-A1EX-01A-11R-A13Q-07,0.7315166939105218,0
TCGA-A8-A08O-01A-21R-A056-07,0.8692796410180171,0
TCGA-AC-A6IX-01A-12R-A32P-07,0.9222187927587615,1
TCGA-C8-A27B-01A-11R-A169-07,0.437366707583466,1
TCGA-PL-A8LZ-01A-31R-A36F-07,0.7650702237091646,1
TCGA-AR-A1AQ-01A-11R-A12P-07,0.8053602952491931,1
TCGA-BH-A1FU-01A-11R-A14D-07,0.8250267619613756,1
TCGA-A2-A0SY-01A-31R-A084-07,0.9291970020344068,1
TCGA-BH-A1EW-01A-11R-A137-07,0.6918835270369941,1
TCGA-GM-A3NW-01A-21R-A22K-07,0.6758726045617672,0
TCGA-BH-A0W4-01A-11R-A109-07,0.9264567371699827,1
TCGA-AR-A1AS-01A-11R-A12P-07,0.7371585928559243,0
TCGA-EW-A1J6-01A-11R-A13Q-07,0.34080187216491986,1
TCGA-AC-A6NO-01A-12R-A33J-07,0.7548552864193903,1
TCGA-A7-A0CE-01A-11R-A00Z-07,0.6364483027787935,0
TCGA-BH-A6R8-01A-21R-A33J-07,0.47116100768161984,1
TCGA-EW-A1OY-01A-11R-A144-07,0.7870032361798021,1
TCGA-BH-A0BS-01A-11R-A12P-07,0.630021394207484,0
TCGA-A7-A6VY-01A-12R-A33J-07,0.7114072368748188,1
TCGA-A2-A0CK-01A-11R-A22K-07,0.8365015263039985,0
TCGA-AO-A12H-01A-11R-A115-07,0.6530092060477398,0
TCGA-C8-A12L-01A-11R-A115-07,0.5605018226393277,1
TCGA-A1-A0SQ-01A-21R-A144-07,0.49668049024196786,1
TCGA-A7-A56D-01A-11R-A27Q-07,0.07323447534301422,1
TCGA-A8-A09I-01A-22R-A034-07,0.7623409771793122,1
TCGA-BH-A0DH-01A-11R-A084-07,0.6196263200169059,1
TCGA-B6-A0X0-01A-21R-A115-07,0.7436292902506424,1
TCGA-S3-AA12-01A-11R-A41B-07,0.5233449594089815,1
TCGA-E2-A159-01A-11R-A115-07,0.7816859315699195,1
TCGA-D8-A27V-01A-12R-A17B-07,0.7230756795457353,1
TCGA-D8-A1JT-01A-31R-A13Q-07,0.31678070940100284,1
TCGA-C8-A138-01A-11R-A115-07,0.5792412399515382,1
TCGA-AO-A0J6-01A-11R-A034-07,0.5827451552378031,1
TCGA-AR-A24R-01A-11R-A169-07,0.7414034673527244,1
TCGA-AR-A0TY-01A-12R-A115-07,0.3978571184851886,1
TCGA-E9-A1QZ-01A-21R-A169-07,0.795145733374518,1
TCGA-AR-A24W-01A-11R-A169-07,0.6536180209823991,0
TCGA-LL-A5YP-01A-21R-A28M-07,0.7792190251225061,1
TCGA-B6-A0WY-01A-11R-A109-07,0.9117366279045229,1
TCGA-GM-A2DC-01A-11R-A18M-07,0.3263616615641324,1
TCGA-A2-A4S2-01A-12R-A266-07,0.822985590351548,1
TCGA-A8-A09X-01A-11R-A00Z-07,0.610857273236617,1
TCGA-OL-A5RV-01A-12R-A28M-07,0.9042680713112423,1
TCGA-E2-A14P-01A-31R-A12D-07,0.402519831635015,1
TCGA-C8-A8HQ-01A-11R-A36F-07,0.8068924601720655,1
TCGA-AR-A0TP-01A-11R-A084-07,0.40502784316773366,1
TCGA-A8-A09A-01A-11R-A00Z-07,0.7485553089557546,1
TCGA-A8-A08L-01A-11R-A00Z-07,0.5837736263744949,1
TCGA-A8-A08F-01A-11R-A00Z-07,0.7144053064601685,1
TCGA-GI-A2C9-01A-11R-A21T-07,0.7102437809618465,1
TCGA-A2-A0SW-01A-11R-A084-07,0.7084267339366471,1
TCGA-LD-A7W5-01A-22R-A352-07,0.630642427329465,0
TCGA-D8-A27R-01A-11R-A16F-07,0.7914073006090692,1
TCGA-AO-A0JM-01A-21R-A056-07,0.7080362200604114,1
TCGA-GM-A2D9-01A-11R-A18M-07,0.7964526248622593,1
TCGA-D8-A1XU-01A-11R-A14M-07,0.7938771823890031,1
TCGA-AO-A1KT-01A-11R-A13Q-07,0.7536994241521575,1
TCGA-C8-A12P-01A-11R-A115-07,0.62002411968659,1
TCGA-LL-A6FR-01A-12R-A31O-07,0.18712729040392462,0
TCGA-AR-A1AJ-01A-21R-A12P-07,0.7034616158784154,1
TCGA-A8-A09D-01A-11R-A00Z-07,0.718561377497555,1
TCGA-S3-A6ZF-01A-32R-A32P-07,0.8139451092725072,0
TCGA-E2-A150-01A-11R-A12D-07,0.5856586893366139,1
TCGA-BH-A18U-01A-21R-A12D-07,0.7182586572262064,1
TCGA-BH-A0GY-01A-11R-A056-07,0.7379114159878293,1
TCGA-AQ-A54N-01A-11R-A266-07,0.19343477159159925,1
TCGA-C8-A273-01A-11R-A16F-07,0.6515067014004393,1
TCGA-S3-AA14-01A-11R-A41B-07,0.7987851900095844,1
TCGA-A7-A2KD-01A-31R-A21T-07,0.6806772066704162,1
TCGA-C8-A131-01A-11R-A115-07,0.6201047260757006,1
TCGA-E2-A576-01A-11R-A31O-07,0.21408824314969918,1
TCGA-A2-A0T4-01A-31R-A084-07,0.8957389072457511,1
TCGA-A2-A04V-01A-21R-A034-07,0.8233047095023592,0
TCGA-AR-A0U0-01A-11R-A109-07,0.5761976961154661,1
TCGA-BH-A0BO-01A-23R-A12D-07,0.6539808336371917,1
TCGA-A2-A3KC-01A-11R-A213-07,0.9096756957344657,0
TCGA-BH-A18T-01A-11R-A12D-07,0.46852899087039734,0
TCGA-EW-A1J2-01A-21R-A13Q-07,0.9146397011432956,1
TCGA-A8-A084-01A-21R-A00Z-07,0.6941112429188709,1
TCGA-A8-A08X-01A-21R-A00Z-07,0.8195397036878173,1
TCGA-GM-A2DH-01A-11R-A180-07,0.6564180175143173,1
TCGA-D8-A27L-01A-11R-A16F-07,0.9397195584142504,1
TCGA-A7-A3IZ-01A-11R-A213-07,0.5435501575047605,1
TCGA-AN-A04D-01A-21R-A034-07,0.30250170458350534,1
TCGA-5L-AAT0-01A-12R-A41B-07,0.9318970665140458,1
TCGA-AR-A1AU-01A-11R-A12P-07,0.8155327450200618,1
TCGA-AC-A6IV-01A-12R-A33J-07,0.8794180818942225,1
TCGA-E2-A15C-01A-31R-A12D-07,0.868517043463013,1
TCGA-AO-A1KP-01A-11R-A13Q-07,0.4095903026371214,1
TCGA-E2-A15G-01A-11R-A12D-07,0.8694337823001428,1
TCGA-A2-A3KD-01A-12R-A213-07,0.8412219967578389,0
TCGA-D8-A1X5-01A-11R-A14D-07,0.5856974660938746,1
TCGA-AQ-A04L-01B-21R-A10J-07,0.44971207920567075,1
TCGA-A8-A096-01A-11R-A00Z-07,0.8437266911013583,1
TCGA-A2-A0YH-01A-11R-A109-07,0.7985936675367599,1
TCGA-AN-A0FW-01A-11R-A034-07,0.7009741402553326,1
TCGA-D8-A27H-01A-11R-A16F-07,0.5041715250229729,0
TCGA-OL-A6VQ-01A-12R-A41B-07,0.9180159222449722,1
TCGA-A7-A4SA-01A-11R-A266-07,0.7365530528371502,0
TCGA-C8-A274-01A-11R-A16F-07,0.6603726652677545,1
TCGA-E2-A15J-01A-11R-A12P-07,0.7090731188274869,1
TCGA-BH-A0B3-01A-11R-A056-07,0.8328961942413902,1
TCGA-E2-A153-01A-12R-A12D-07,0.9100050987480468,1
TCGA-WT-AB44-01A-11R-A41B-07,0.30349686686574295,1
TCGA-B6-A0RQ-01A-11R-A115-07,0.8631104769067397,1
TCGA-A2-A0YM-01A-11R-A109-07,0.5294267450500042,1
TCGA-C8-A1HI-01A-11R-A137-07,0.7320872659738231,1
TCGA-AC-A3TM-01A-11R-A22K-07,0.26950211599766993,1
TCGA-A7-A0CD-01A-11R-A00Z-07,0.6662271782020377,0
TCGA-D8-A145-01A-11R-A115-07,0.9084163374459978,1
TCGA-BH-A0EB-01A-11R-A034-07,0.8595942540589772,1
TCGA-AR-A0TV-01A-21R-A084-07,0.46942490196953246,1
TCGA-E2-A15P-01A-11R-A115-07,0.8327768456066649,1
TCGA-A2-A04T-01A-21R-A034-07,0.6363450926845726,1
TCGA-E9-A2JT-01A-22R-A18M-07,0.5449664389857595,1
TCGA-OL-A5RW-01A-11R-A28M-07,0.22453217269266693,0
TCGA-PL-A8LV-01A-21R-A41B-07,0.4717316940337412,1
TCGA-BH-A18M-01A-11R-A12D-07,0.9416613934471885,1
TCGA-D8-A27N-01A-11R-A16F-07,0.7664612235815664,1
TCGA-C8-A3M8-01A-11R-A213-07,0.75579746921432,1
TCGA-B6-A0WW-01A-11R-A109-07,0.7550075713438146,1
TCGA-E9-A3X8-01A-31R-A22U-07,0.1538101275232175,1
TCGA-C8-A133-01A-32R-A12D-07,0.2979575447293884,0
TCGA-D8-A1X6-01A-11R-A14M-07,0.6141322355865346,1
TCGA-A2-A04P-01A-31R-A034-07,0.39382635780322467,1
TCGA-E9-A1N3-01A-12R-A157-07,0.5860072691471544,1
TCGA-AN-A0XP-01A-11R-A109-07,0.83298809377135,1
TCGA-E2-A1LK-01A-21R-A14D-07,0.33739703107490304,0
TCGA-C8-A132-01A-31R-A115-07,0.8586605399142884,1
TCGA-PE-A5DE-01A-11R-A27Q-07,0.8456858016700052,1
TCGA-EW-A6SC-01A-12R-A32P-07,0.8674720668941283,1
TCGA-BH-A0EI-01A-11R-A115-07,0.7969948215234368,1
TCGA-A8-A08I-01A-11R-A00Z-07,0.5460700747868568,0
TCGA-AO-A124-01A-11R-A10J-07,0.4771400165759325,0
TCGA-AN-A0XR-01A-11R-A109-07,0.5811952489986866,1
TCGA-BH-A204-01A-11R-A157-07,0.2748108677218213,0
TCGA-AN-A0FF-01A-11R-A034-07,0.892182512111467,1
TCGA-A2-A0T3-01A-21R-A115-07,0.5585440176917071,1
TCGA-B6-A0RI-01A-11R-A056-07,0.8534983912978331,1
TCGA-AO-A03R-01A-21R-A034-07,0.5356411691566632,1
TCGA-E9-A1RA-01A-11R-A14D-07,0.8896639517742767,1
TCGA-AN-A0XV-01A-11R-A109-07,0.8839081640650138,1
TCGA-E9-A1RI-01A-11R-A169-07,0.8447376235283702,1
TCGA-A8-A07J-01A-11R-A00Z-07,0.8207854488253048,0
TCGA-AC-A6IW-01A-12R-A33J-07,0.5428015889282113,1
TCGA-3C-AALJ-01A-31R-A41B-07,0.4645874588935673,1
TCGA-AN-A0XS-01A-22R-A109-07,0.8652019841070474,1
TCGA-E9-A226-01A-21R-A157-07,0.4770157155154041,1
TCGA-C8-A12K-01A-21R-A115-07,0.6845356155127564,0
TCGA-BH-A202-01A-11R-A14M-07,0.6435187917393876,0
TCGA-OL-A66H-01A-11R-A29R-07,0.6643335931449746,1
TCGA-E9-A1N9-01A-11R-A14D-07,0.5724592578004528,0
TCGA-A2-A0T2-01A-11R-A084-07,0.4388547812408548,1
TCGA-BH-A18H-01A-11R-A12D-07,0.7041884475888794,1
TCGA-UU-A93S-01A-21R-A41B-07,0.2224649022605628,1
TCGA-B6-A0RO-01A-22R-A084-07,0.46045013673130863,1
TCGA-E2-A10E-01A-21R-A10J-07,0.8683550170492114,1
TCGA-A7-A4SC-01A-12R-A266-07,0.808667629203255,1
TCGA-B6-A0WZ-01A-11R-A109-07,0.7092129645890878,1
TCGA-A7-A6VW-01A-21R-A33J-07,0.34250835722728795,1
TCGA-E2-A1B5-01A-21R-A12P-07,0.6492161054727478,1
TCGA-A8-A092-01A-11R-A00Z-07,0.8173608427626774,1
TCGA-C8-A1HK-01A-21R-A13Q-07,0.47405520158747005,1
TCGA-BH-A0W3-01A-11R-A109-07,0.7029150535664829,1
TCGA-A7-A0CH-01A-21R-A00Z-07,0.8935000210014946,1
TCGA-AR-A1AX-01A-11R-A12P-07,0.8224683691301251,1
TCGA-EW-A1P0-01A-11R-A144-07,0.5915117189697635,1
TCGA-E9-A1NI-01A-11R-A14D-07,0.8725464059770554,1
TCGA-AO-A12E-01A-11R-A10J-07,0.8799074487517696,1
TCGA-D8-A1XJ-01A-11R-A14M-07,0.6182130738911484,1
TCGA-B6-A0I6-01A-11R-A034-07,0.5737794132418543,1
TCGA-E9-A1RH-01A-21R-A169-07,0.33366048293983824,1
TCGA-BH-A18Q-01A-12R-A12D-07,0.6547579054983786,1
TCGA-AO-A0JI-01A-21R-A056-07,0.5839452585532592,1
TCGA-A2-A0CL-01A-11R-A115-07,0.7231057873189954,1
TCGA-E2-A155-01A-11R-A12D-07,0.3820082869971923,1
TCGA-B6-A0I8-01A-11R-A034-07,0.5372404267650948,0
TCGA-E2-A14X-01A-11R-A115-07,0.6495118324385672,0
TCGA-AC-A3YI-01A-21R-A239-07,0.77928183940946,1
TCGA-AR-A1AI-01A-11R-A12P-07,0.5331872346881893,1
TCGA-D8-A1JK-01A-11R-A13Q-07,0.685864213018732,1
TCGA-BH-A0C3-01A-21R-A12P-07,0.799716163407877,1
TCGA-A8-A09C-01A-11R-A00Z-07,0.7989745116910383,1
TCGA-LL-A50Y-01A-11R-A266-07,0.4723700515091654,1
TCGA-BH-A0B0-01A-21R-A115-07,0.8750637697999261,0
TCGA-OL-A66L-01A-12R-A31O-07,0.27812568695467366,1
TCGA-BH-A0AW-01A-11R-A056-07,0.7757721244194135,1
TCGA-D8-A1X8-01A-11R-A14M-07,0.8658607047427805,1
TCGA-D8-A1JE-01A-11R-A13Q-07,0.5530051782179229,1
TCGA-BH-A1EO-01A-11R-A137-07,0.6763283284438504,1
TCGA-BH-A0HU-01A-11R-A034-07,0.6516359771423573,1
TCGA-BH-A0H7-01A-13R-A056-07,0.6984351005811507,1
TCGA-E9-A22D-01A-11R-A157-07,0.6939636016949613,1
TCGA-3C-AAAU-01A-11R-A41B-07,0.5005075611008967,1
TCGA-BH-A1FJ-01A-11R-A13Q-07,0.6024718790693737,1
TCGA-A8-A06P-01A-11R-A00Z-07,0.9152753971788802,1
TCGA-A2-A25B-01A-11R-A169-07,0.5938310748566442,1
TCGA-AC-A2BM-01A-11R-A21T-07,0.6881142812344694,1
TCGA-E9-A6HE-01A-11R-A31O-07,0.4068875375906612,1
TCGA-AO-A03O-01A-11R-A00Z-07,0.6116245796939448,1
TCGA-A2-A0EU-01A-22R-A056-07,0.7478408370155111,1
TCGA-A8-A06O-01A-11R-A00Z-07,0.8274110235330628,1
TCGA-BH-A0BT-01A-11R-A12P-07,0.5131715616357877,1
TCGA-A2-A0YT-01A-11R-A109-07,0.7166189527599023,1
TCGA-E2-A14R-01A-11R-A115-07,0.5365947019991743,1
TCGA-B6-A0IC-01A-11R-A034-07,0.5637202178302412,0
TCGA-AC-A5XU-01A-11R-A28M-07,0.6026881787600326,1
TCGA-AR-A250-01A-31R-A169-07,0.7813243459869402,0
TCGA-D8-A1XZ-01A-11R-A14M-07,0.5950530486349362,1
TCGA-B6-A0I9-01A-11R-A034-07,0.5984144120573746,1
TCGA-B6-A0IA-01A-11R-A034-07,0.2403044413550678,1
TCGA-E2-A14N-01A-31R-A137-07,0.5112462360287082,0
TCGA-PL-A8LY-01A-11R-A41B-07,0.747836511533292,1
TCGA-LL-A441-01A-11R-A24H-07,0.7534738928063158,1
TCGA-A8-A08S-01A-11R-A034-07,0.6816683505877792,0
TCGA-A8-A09V-01A-11R-A034-07,0.6562842306820501,1
TCGA-BH-A209-01A-11R-A157-07,0.6548058989621943,1
TCGA-GM-A5PX-01A-12R-A28M-07,0.813076366173501,1
TCGA-A8-A085-01A-11R-A00Z-07,0.489380553354749,1
TCGA-A2-A25E-01A-11R-A169-07,0.7688725649687794,0
TCGA-D8-A1JG-01B-11R-A13Q-07,0.5695339987850203,1
TCGA-AC-A2FO-01A-11R-A180-07,0.9336267363474043,1
TCGA-B6-A3ZX-01A-11R-A239-07,0.7073755440549974,1
TCGA-AN-A0FT-01A-11R-A034-07,0.44167841543883185,1
TCGA-AQ-A04H-01B-11R-A10J-07,0.5854254798577746,1
TCGA-AR-A1AR-01A-31R-A137-07,0.4588464131120293,1
TCGA-A2-A0CS-01A-11R-A115-07,0.8207593906184045,1
TCGA-A2-A1FZ-01A-51R-A14D-07,0.8889593073608647,1
TCGA-AC-A8OQ-01A-11R-A41B-07,0.6802137067438376,1
TCGA-AR-A0TR-01A-11R-A084-07,0.41150695455958924,1
TCGA-C8-A12M-01A-11R-A115-07,0.327298513843761,1
TCGA-A1-A0SM-01A-11R-A084-07,0.7111890286389502,1
TCGA-BH-A1ET-01A-11R-A137-07,0.7446431012835453,1
TCGA-A8-A0A1-01A-11R-A00Z-07,0.8906417962383171,1
TCGA-C8-A1HG-01A-11R-A137-07,0.551325293475627,1
TCGA-E9-A1NF-01A-11R-A14D-07,0.8041578213231052,1
TCGA-A2-A0D4-01A-11R-A00Z-07,0.5969260147225025,1
TCGA-BH-A2L8-01A-11R-A18M-07,0.890906518088359,1
TCGA-A8-A093-01A-11R-A00Z-07,0.8263550375594837,1
TCGA-D8-A1Y3-01A-11R-A157-07,0.26947916603657307,1
TCGA-AR-A1AY-01A-21R-A12P-07,0.576588719197163,1
TCGA-AO-A12F-01A-11R-A115-07,0.5503666234678826,1
TCGA-AN-A0FL-01A-11R-A034-07,0.1990128538097669,1
TCGA-AR-A0TQ-01A-11R-A084-07,0.6992863729721019,1
TCGA-A2-A0CP-01A-11R-A034-07,0.8920140745820336,0
TCGA-AO-A129-01A-21R-A10J-07,0.7826616854946064,1
TCGA-D8-A1JH-01A-11R-A13Q-07,0.9299267887607774,1
TCGA-BH-A18K-01A-11R-A12D-07,0.8935320968360962,1
TCGA-B6-A0IM-01A-11R-A034-07,0.6432795451977139,1
TCGA-AO-A0J4-01A-11R-A034-07,0.773917244191078,0
TCGA-AR-A1AW-01A-21R-A12P-07,0.5944925062039706,1
TCGA-AC-A62Y-01A-11R-A29R-07,0.6980609076600369,0
TCGA-A1-A0SH-01A-11R-A084-07,0.7931563136615613,1
TCGA-A8-A08C-01A-11R-A00Z-07,0.5815093374596785,1
TCGA-A2-A3XU-01A-12R-A22U-07,0.1417344611622729,1
TCGA-E2-A1LB-01A-11R-A144-07,0.4736643050254643,1
TCGA-D8-A1JJ-01A-31R-A14M-07,0.8075091415683545,1
TCGA-AN-A049-01A-21R-A00Z-07,0.8084503325455489,1
TCGA-A1-A0SN-01A-11R-A144-07,0.6915519362025194,0
TCGA-EW-A1IW-01A-11R-A13Q-07,0.8589722712381053,1
TCGA-LQ-A4E4-01A-11R-A266-07,0.5260474825894804,1
TCGA-E9-A5UP-01A-11R-A28M-07,0.2689470895525653,0
TCGA-EW-A1IY-01A-11R-A13Q-07,0.34056861525039245,1
TCGA-AN-A0XW-01A-11R-A109-07,0.8277400747379953,1
TCGA-AR-A24S-01A-11R-A169-07,0.6859756725103145,1
TCGA-AR-A2LM-01A-11R-A180-07,0.8249597508158033,1
TCGA-E9-A1NE-01A-21R-A14M-07,0.8061771958771039,1
TCGA-LL-A9Q3-01A-11R-A41B-07,0.3144960036471291,1
TCGA-AC-A8OP-01A-11R-A36F-07,0.7055457212285696,1
TCGA-E2-A572-01A-13R-A31O-07,0.08810505823152821,1
TCGA-B6-A0IP-01A-11R-A034-07,0.933858374510715,1
TCGA-C8-A135-01A-11R-A115-07,0.6781603715062977,0
TCGA-D8-A1XL-01A-11R-A14M-07,0.6245061000547111,0
TCGA-EW-A1PC-01B-11R-A21T-07,0.4772026506414956,0
TCGA-AO-A03M-01B-11R-A10J-07,0.7207922872329082,0
TCGA-AN-A0FN-01A-11R-A034-07,0.8162016781061073,1
TCGA-A7-A4SD-01A-11R-A266-07,0.7150527285172498,1
TCGA-BH-A0HN-01A-11R-A10U-07,0.35656578741428,1
TCGA-S3-A6ZH-01A-22R-A32P-07,0.5619761168918176,0
TCGA-AC-A3QP-01A-11R-A22U-07,0.6949271684777564,0
TCGA-5L-AAT1-01A-12R-A41B-07,0.8273534604944099,1
TCGA-AN-A0FY-01A-11R-A034-07,0.6296848188920044,0
TCGA-BH-A0BA-01A-11R-A056-07,0.8009776254624157,1
TCGA-A2-A0CU-01A-12R-A034-07,0.7155824978909264,1
TCGA-D8-A143-01A-11R-A115-07,0.4679914821902849,1
TCGA-BH-A0DE-01A-11R-A115-07,0.8416594856493641,1
TCGA-A2-A0EO-01A-11R-A034-07,0.914410858191953,1
TCGA-AO-A0JF-01A-11R-A056-07,0.8841954141286653,1
TCGA-A8-A09E-01A-11R-A00Z-07,0.6011079013671027,1
TCGA-BH-A0AZ-01A-21R-A12P-07,0.8724716148514134,1
TCGA-GM-A2DN-01A-11R-A180-07,0.9250602069865197,1
TCGA-E2-A15T-01A-11R-A115-07,0.6345506135182153,1
TCGA-BH-A1F6-01A-11R-A13Q-07,0.753158121114613,0
TCGA-BH-A0DX-01A-11R-A115-07,0.8700029574043108,1
TCGA-EW-A3U0-01A-11R-A22K-07,0.6506935983273143,0
TCGA-BH-A0DV-01A-21R-A12P-07,0.8772478503085576,1
TCGA-AC-A3TN-01A-11R-A22K-07,0.5121182079171956,1
TCGA-A1-A0SK-01A-12R-A084-07,0.1739836588192053,1
TCGA-B6-A0X5-01A-21R-A109-07,0.2686435053038794,1
TCGA-A2-A0YC-01A-11R-A109-07,0.8846683808694668,0
TCGA-A2-A0CZ-01A-11R-A034-07,0.880680296113535,0
TCGA-C8-A27A-01A-11R-A169-07,0.4047719609062001,1
TCGA-AR-A1AP-01A-11R-A12P-07,0.8041596855793283,1
TCGA-BH-A0B4-01A-11R-A00Z-07,0.7987085423376942,0
TCGA-BH-A0BV-01A-11R-A00Z-07,0.8168714482259015,1
TCGA-AN-A0XO-01A-11R-A109-07,0.8548388057342333,0
TCGA-AC-A2QJ-01A-12R-A19W-07,0.057948265362774025,1
TCGA-GM-A2DD-01A-11R-A180-07,0.5875423702466951,0
TCGA-AR-A1AV-01A-21R-A12P-07,0.7487802850923978,1
TCGA-D8-A1XF-01A-11R-A14D-07,0.34173548286916405,1
TCGA-LL-A6FP-01A-11R-A31O-07,0.16928286632266099,1
TCGA-D8-A1XA-01A-11R-A14D-07,0.596372217927546,1
TCGA-C8-A26V-01A-11R-A16F-07,0.7008317272389533,1
TCGA-PE-A5DC-01A-12R-A27Q-07,0.6403951667518928,0
TCGA-E2-A1LH-01A-11R-A14D-07,0.5307714015478656,1
TCGA-BH-A0B9-01A-11R-A056-07,0.5628238498406484,1
TCGA-E9-A1N8-01A-11R-A144-07,0.39595323828142215,1
TCGA-AC-A62V-01A-11R-A31O-07,0.17458516044811306,1
TCGA-EW-A1PH-01A-11R-A14M-07,0.6554306832264601,1
TCGA-AR-A5QP-01A-11R-A28M-07,0.9235349496573917,1
TCGA-BH-A5J0-01A-11R-A27Q-07,0.49063889959254164,1
TCGA-A1-A0SB-01A-11R-A144-07,0.43918440073040393,1
TCGA-B6-A0IK-01A-12R-A056-07,0.6657259801931321,1
TCGA-A8-A06Q-01A-11R-A034-07,0.3831772422794577,0
TCGA-AR-A2LH-01A-31R-A18M-07,0.9134535589209597,1
TCGA-AR-A24Z-01A-11R-A169-07,0.5298832364185064,1
TCGA-Z7-A8R5-01A-42R-A41B-07,0.6692158568593112,1
TCGA-A8-A0A9-01A-11R-A00Z-07,0.8646450064313795,0
TCGA-D8-A1JA-01A-11R-A13Q-07,0.23258268369420632,1
TCGA-AN-A0FK-01A-11R-A034-07,0.6383476926175596,1
TCGA-GM-A2DL-01A-11R-A18M-07,0.8372988826651986,1
TCGA-EW-A1P6-01A-11R-A144-07,0.7844119789922404,1
TCGA-BH-A0EA-01A-11R-A115-07,0.9147616579524233,1
TCGA-BH-A8FY-01A-11R-A36F-07,0.4883626458626088,1
TCGA-E2-A1L9-01A-11R-A13Q-07,0.8615823420200425,1
TCGA-E9-A1R2-01A-11R-A14D-07,0.779527610017298,1
TCGA-AC-A2FM-01A-11R-A19W-07,0.5655449797824983,1
TCGA-E2-A108-01A-13R-A10J-07,0.8660963196001555,1
TCGA-OL-A66O-01A-11R-A31O-07,0.26621801671577106,0
TCGA-C8-A275-01A-21R-A16F-07,0.6651531098548171,1
TCGA-B6-A0IO-01A-11R-A034-07,0.701084980433016,1
TCGA-BH-A0HO-01A-11R-A034-07,0.6674658282209531,1
TCGA-EW-A1P8-01A-11R-A144-07,0.7072360455013097,1
TCGA-A2-A0D0-01A-11R-A00Z-07,0.44912132602355714,1
TCGA-A2-A0SX-01A-12R-A084-07,0.7727162141272136,1
TCGA-D8-A27I-01A-11R-A16F-07,0.9485743158808128,0
TCGA-EW-A2FS-01A-11R-A17B-07,0.5687021417445559,0
TCGA-Z7-A8R6-01A-11R-A41B-07,0.6776548327853932,0
TCGA-E2-A15O-01A-11R-A115-07,0.6984113560191626,1
TCGA-V7-A7HQ-01A-11R-A33J-07,0.11876744361359733,1
TCGA-C8-A12W-01A-11R-A115-07,0.7827937134538058,1
TCGA-A7-A3IY-01A-21R-A21T-07,0.7743503999788545,1
TCGA-A8-A08B-01A-11R-A00Z-07,0.5890855594831089,1
TCGA-5T-A9QA-01A-11R-A41B-07,0.3025289521617259,1
TCGA-E2-A106-01A-11R-A10J-07,0.5284233968962009,1
TCGA-E2-A1B6-01A-31R-A12P-07,0.5567687641792423,1
TCGA-AC-A2FF-01A-11R-A17B-07,0.8837703600155471,0
TCGA-EW-A1PA-01A-11R-A144-07,0.6799823285942685,1
TCGA-D8-A27T-01A-11R-A16F-07,0.9344869948290725,1
TCGA-LD-A66U-01A-11R-A31O-07,0.5876086241246099,1
TCGA-A8-A07Z-01A-11R-A00Z-07,0.5558759175566014,1
TCGA-AR-A1AO-01A-11R-A12P-07,0.8534977151218094,1
TCGA-E2-A573-01A-11R-A29R-07,0.7708296832088041,1
TCGA-AC-A2FB-01A-11R-A17B-07,0.8429541571847877,1
TCGA-AN-A0G0-01A-11R-A034-07,0.4167314990914115,1
TCGA-BH-A0H5-01A-21R-A115-07,0.8483621674893281,1
TCGA-A8-A07S-01A-11R-A034-07,0.74626504920171,1
TCGA-E9-A3QA-01A-61R-A22K-07,0.6277425771245068,1
TCGA-A1-A0SI-01A-11R-A144-07,0.8759824324406369,0
TCGA-A8-A09W-01A-11R-A00Z-07,0.5688472831376203,1
TCGA-BH-A1F0-01A-11R-A137-07,0.6990616771703144,1
TCGA-A2-A0D2-01A-21R-A034-07,0.6079391480348164,1
TCGA-OL-A5D8-01A-11R-A27Q-07,0.593700221086673,1
TCGA-BH-A18G-01A-11R-A12D-07,0.5571876121373152,1
TCGA-A2-A0YI-01A-31R-A10J-07,0.8041369288012112,1
TCGA-A8-A0A4-01A-11R-A00Z-07,0.7863969409198714,1
TCGA-A7-A425-01A-11R-A24H-07,0.667557138752497,1
TCGA-E9-A22A-01A-11R-A157-07,0.7452832832278857,1
TCGA-A8-A08J-01A-11R-A00Z-07,0.7802465069864388,1
TCGA-A2-A3Y0-01A-11R-A239-07,0.41142314726220014,0
TCGA-AC-A2BK-01A-11R-A21T-07,0.22808143663496575,1
TCGA-B6-A0IN-01A-11R-A034-07,0.5765808770772841,0
TCGA-D8-A1JD-01A-11R-A13Q-07,0.851772468558187,0
TCGA-GM-A2DK-01A-21R-A180-07,0.6417307524849166,1
TCGA-OL-A5RX-01A-11R-A28M-07,0.9298660122647031,1
TCGA-A8-A08Z-01A-21R-A00Z-07,0.869485913529634,1
TCGA-A2-A0YD-01A-11R-A109-07,0.9025795908043162,1
TCGA-A7-A3J1-01A-11R-A213-07,0.8687219209085252,1
TCGA-BH-A1FD-01A-11R-A13Q-07,0.6707643650027171,1
TCGA-A2-A0D1-01A-11R-A034-07,0.28484226523245126,0
TCGA-BH-A0BL-01A-11R-A115-07,0.860677515118801,1
TCGA-E2-A1IH-01A-11R-A13Q-07,0.7361387273622082,1
TCGA-AR-A0TU-01A-31R-A109-07,0.43186794295376346,1
TCGA-AC-A2FG-01A-11R-A17B-07,0.9427725781656653,1
TCGA-GM-A4E0-01A-12R-A266-07,0.6810755183503516,0
TCGA-AC-A3W7-01A-11R-A22K-07,0.8705221068462536,1
TCGA-A8-A083-01A-21R-A00Z-07,0.6311097221177594,1
TCGA-A2-A0EN-01A-13R-A084-07,0.8971612533072899,1
TCGA-D8-A1Y0-01A-11R-A14M-07,0.803150074417127,0
TCGA-AR-A1AK-01A-21R-A12P-07,0.8647937757598644,1
TCGA-AC-A7VC-01A-11R-A352-07,0.18886468452231875,1
TCGA-A7-A0CJ-01A-21R-A00Z-07,0.528282073233322,1
TCGA-AO-A03U-01B-21R-A10J-07,0.6038804945761922,1
TCGA-E2-A2P5-01A-11R-A19W-07,0.6053163318835283,1
TCGA-E2-A15S-01A-11R-A115-07,0.4557254103971754,1
TCGA-A1-A0SJ-01A-11R-A084-07,0.6383393361590625,0
TCGA-A2-A04N-01A-11R-A115-07,0.9431945234848034,1
TCGA-B6-A401-01A-11R-A239-07,0.7091473510221256,0
TCGA-D8-A1JU-01A-11R-A13Q-07,0.8692700001092871,1
TCGA-B6-A40B-01A-11R-A239-07,0.6521210741988416,1
TCGA-LD-A9QF-01A-32R-A41B-07,0.8299360022318176,0
TCGA-AO-A03T-01A-21R-A034-07,0.4670348186063027,0
TCGA-E9-A3Q9-01A-11R-A21T-07,0.6637355150067823,0
TCGA-D8-A1JP-01A-11R-A13Q-07,0.7543191007917357,1
TCGA-BH-A18I-01A-11R-A12D-07,0.8947905072483332,1
TCGA-BH-A28Q-01A-11R-A16F-07,0.878269003008885,1
TCGA-EW-A1OW-01A-21R-A144-07,0.8163289005209585,1
TCGA-BH-A18R-01A-11R-A12D-07,0.5895484857370058,1
TCGA-AO-A0J8-01A-21R-A034-07,0.8802422743913341,0
TCGA-AC-A3BB-01A-21R-A19W-07,0.9154429957953053,0
TCGA-E9-A247-01A-11R-A169-07,0.5708028444312385,1
TCGA-D8-A73U-01A-11R-A33J-07,0.7355682776688564,0
TCGA-BH-A18V-01A-11R-A12D-07,0.503989598006503,1
TCGA-BH-A0C1-01B-11R-A12D-07,0.7983923142080908,0
TCGA-AC-A3W6-01A-12R-A22K-07,0.8338301580745171,1
TCGA-BH-A1FR-01A-11R-A13Q-07,0.74464162682571,1
TCGA-A2-A1G0-01A-11R-A13Q-07,0.7965946816114106,0
TCGA-BH-A0DQ-01A-11R-A084-07,0.9267684573787763,1
TCGA-A2-A0ER-01A-21R-A034-07,0.6128751009571015,1
TCGA-D8-A27P-01A-11R-A16F-07,0.8857119796853453,1
TCGA-B6-A1KN-01A-11R-A13Q-07,0.7032008280491733,1
TCGA-E9-A228-01A-31R-A157-07,0.5858028260769438,1
TCGA-BH-A0B2-01A-11R-A10J-07,0.8996027137200859,1
TCGA-B6-A0X4-01A-11R-A109-07,0.4577892070817832,0
TCGA-BH-A1EY-01A-11R-A13Q-07,0.6988948058315392,1
TCGA-BH-A0HX-01A-21R-A056-07,0.855005147439745,1
TCGA-A8-A094-01A-11R-A00Z-07,0.6651265095771147,1
TCGA-AO-A1KR-01A-12R-A144-07,0.2543039558972273,0
TCGA-A2-A0CV-01A-31R-A115-07,0.8505352842413026,1
TCGA-A8-A076-01A-21R-A00Z-07,0.8702347512963886,1
TCGA-E9-A1RE-01A-11R-A157-07,0.618038951455319,1
TCGA-S3-A6ZG-01A-22R-A32P-07,0.8018123868635827,1
TCGA-A8-A06Z-01A-11R-A00Z-07,0.4969253372918257,1
TCGA-BH-A8FZ-01A-11R-A352-07,0.7211093150516735,1
TCGA-LL-A440-01A-11R-A24H-07,0.8497766850550331,1
TCGA-E9-A249-01A-11R-A169-07,0.6697175312831976,1
TCGA-PL-A8LX-01A-11R-A41B-07,0.383441318807244,1
TCGA-E2-A1L8-01A-11R-A13Q-07,0.6697294851116575,1
TCGA-EW-A6SD-01A-12R-A33J-07,0.6485177409313825,1
TCGA-AO-A0JL-01A-11R-A056-07,0.30408000753740416,1
TCGA-MS-A51U-01A-31R-A266-07,0.929020505131191,1
TCGA-BH-A0E7-01A-11R-A034-07,0.6551896052108729,1
TCGA-E9-A22G-01A-11R-A157-07,0.4458028105031737,1
TCGA-A8-A08R-01A-11R-A034-07,0.6442192232114717,1
TCGA-A2-A4S1-01A-21R-A266-07,0.16210378871884637,1
TCGA-E2-A1II-01A-11R-A144-07,0.4843458987669909,1
TCGA-A7-A3J0-01A-11R-A213-07,0.6095852568575642,0
TCGA-BH-A0B8-01A-21R-A056-07,0.7317574407822758,0
TCGA-AR-A24L-01A-11R-A169-07,0.6570291732253715,1
TCGA-EW-A1J3-01A-11R-A13Q-07,0.5017144920768586,1
TCGA-AR-A5QM-01A-11R-A27Q-07,0.8602728237050231,1
TCGA-AO-A1KS-01A-11R-A13Q-07,0.297277358814741,1
TCGA-D8-A1JI-01A-11R-A13Q-07,0.46698539121138166,1
TCGA-A8-A09N-01A-11R-A00Z-07,0.685858376002806,1
TCGA-BH-A203-01A-12R-A169-07,0.6415547233144759,1
TCGA-AR-A2LQ-01A-22R-A18M-07,0.8398187625421889,1
TCGA-AR-A251-01A-12R-A169-07,0.3550280228123933,1
TCGA-BH-A18J-01A-11R-A12D-07,0.7889335846598851,1
TCGA-D8-A1XM-01A-21R-A14M-07,0.8874663826877737,1
TCGA-BH-A0HA-01A-11R-A12P-07,0.8082841456491817,1
TCGA-AR-A0U2-01A-11R-A109-07,0.45929440178395037,1
TCGA-E2-A1B1-01A-21R-A12P-07,0.6483011491652942,1
TCGA-AC-A62X-01A-11R-A29R-07,0.2973618163125316,0
TCGA-A7-A5ZW-01A-12R-A29R-07,0.9431179583103818,1
TCGA-BH-A28O-01A-11R-A22K-07,0.8775220901776435,1
TCGA-D8-A1XQ-01A-11R-A14M-07,0.6037262381838624,0
TCGA-E9-A248-01A-11R-A169-07,0.5145493602798156,1
TCGA-A8-A07E-01A-11R-A034-07,0.8713795087133948,1
TCGA-AC-A23E-01A-11R-A157-07,0.8324630057230152,1
TCGA-E9-A1N4-01A-11R-A14M-07,0.6169220128900396,1
TCGA-E2-A15H-01A-11R-A12D-07,0.7704407302670024,0
TCGA-E2-A1IJ-01A-11R-A144-07,0.9682036293684777,1
TCGA-D8-A1XR-01A-11R-A14M-07,0.6777336287271943,1
TCGA-A8-A075-01A-11R-A084-07,0.810242459748884,1
TCGA-A8-A06U-01A-11R-A00Z-07,0.7046456149301035,0
TCGA-B6-A0X7-01A-11R-A10J-07,0.9121666777713671,1
TCGA-AQ-A04J-01A-02R-A034-07,0.8300385140120896,1
TCGA-A2-A0CQ-01A-21R-A034-07,0.6160509437272802,1
TCGA-A8-A07F-01A-11R-A00Z-07,0.7231893931991794,1
TCGA-A8-A082-01A-11R-A00Z-07,0.6063154133468531,1
TCGA-AN-A0XT-01A-11R-A109-07,0.5373337928441564,1
TCGA-AR-A24X-01A-11R-A169-07,0.765659214163792,0
TCGA-A2-A04Y-01A-21R-A034-07,0.695952228133085,1
TCGA-A2-A1G4-01A-11R-A13Q-07,0.5856985568564815,1
TCGA-B6-A0IE-01A-11R-A034-07,0.41656434892507493,1
TCGA-A8-A079-01A-21R-A00Z-07,0.5818057134916335,1
TCGA-E2-A15E-01A-11R-A12D-07,0.9045896797286658,1
TCGA-E9-A1R3-01A-31R-A14M-07,0.6162035657393807,1
TCGA-AR-A0TT-01A-31R-A084-07,0.6678965046550198,0
TCGA-S3-AA0Z-01A-11R-A41B-07,0.36799790257241655,1
TCGA-BH-A0E1-01A-11R-A056-07,0.7790907263073975,1
TCGA-AC-A23G-01A-11R-A213-07,0.8890577099146644,1
TCGA-GM-A3XG-01A-31R-A24H-07,0.7466020998821348,1
TCGA-AR-A1AM-01A-41R-A22K-07,0.9404042401160018,0
TCGA-E9-A1N5-01A-11R-A14D-07,0.889290912297823,1
TCGA-A2-A3XX-01A-21R-A239-07,0.5601563280204224,1
TCGA-BH-A0BQ-01A-21R-A115-07,0.9423882010059746,1
TCGA-EW-A1P7-01A-21R-A144-07,0.8087923401421174,1
TCGA-BH-A5IZ-01A-11R-A27Q-07,0.546185205452693,1
TCGA-D8-A1X7-01A-11R-A14M-07,0.6001605772402826,0
TCGA-BH-A0DP-01A-21R-A056-07,0.9413194424714459,1
TCGA-AC-A7VB-01A-11R-A352-07,0.3845393336210687,0
TCGA-A2-A0ST-01A-12R-A084-07,0.7909901855912166,1
TCGA-A2-A0ES-01A-11R-A115-07,0.8625213466961731,1
TCGA-BH-A0DT-01A-21R-A12D-07,0.9465604611697425,1
TCGA-AN-A0AR-01A-11R-A00Z-07,0.30842282268000754,1
TCGA-A2-A0YJ-01A-11R-A109-07,0.3286520411279049,0
TCGA-D8-A4Z1-01A-21R-A266-07,0.931103151181746,0
TCGA-AO-A0JC-01A-11R-A056-07,0.35432417375223396,1
TCGA-A2-A04Q-01A-21R-A034-07,0.7883848677999292,0
TCGA-GM-A2DF-01A-11R-A180-07,0.628188302869253,1
TCGA-GM-A2DI-01A-31R-A18M-07,0.8503225509224257,1
TCGA-LL-A5YO-01A-21R-A28M-07,0.5852054334801146,0
TCGA-EW-A3E8-01B-11R-A24H-07,0.8575636309826015,0
TCGA-BH-A0E9-01B-11R-A115-07,0.8517429439661165,1
TCGA-AR-A1AH-01A-11R-A12D-07,0.35633513587532334,1
TCGA-E2-A10A-01A-21R-A115-07,0.7834209363094906,1
TCGA-C8-A1HF-01A-11R-A137-07,0.70760703637867,1
TCGA-A7-A13H-01A-11R-A22K-07,0.9231630710466808,1
TCGA-A7-A13F-01A-11R-A12P-07,0.5237103728148035,1
TCGA-D8-A1XV-01A-11R-A14M-07,0.45205321310894625,0
TCGA-E2-A574-01A-11R-A29R-07,0.21112156818505662,1
TCGA-GM-A5PV-01A-11R-A28M-07,0.8092267678708024,1
TCGA-EW-A1PB-01A-11R-A144-07,0.36113075929295635,0
TCGA-E2-A1IO-01A-11R-A144-07,0.8167607259430394,1
TCGA-B6-A0RH-01A-21R-A115-07,0.6199668041926873,1
TCGA-BH-A0B7-01A-12R-A115-07,0.7963301550595608,1
TCGA-C8-A137-01A-11R-A115-07,0.5625108079949459,0
TCGA-LL-A8F5-01A-11R-A36F-07,0.3417165717031869,1
TCGA-AQ-A0Y5-01A-11R-A14M-07,0.6232418249494533,1
TCGA-D8-A13Z-01A-11R-A115-07,0.6221752777568365,0
TCGA-A2-A4RX-01A-11R-A266-07,0.6557632266699235,1
TCGA-AR-A24U-01A-11R-A169-07,0.6646621955377784,1
TCGA-E2-A105-01A-11R-A10J-07,0.5466771945452982,1
TCGA-C8-A1HN-01A-11R-A137-07,0.6507094230281182,1
TCGA-BH-A18S-01A-11R-A12D-07,0.658475053522647,1
TCGA-E2-A14Q-01A-11R-A12D-07,0.8697801530168356,1
TCGA-A7-A0DA-01A-31R-A115-07,0.6427083911701105,1
TCGA-EW-A1P4-01A-21R-A144-07,0.585587243922738,1
TCGA-A8-A081-01A-11R-A00Z-07,0.6203289490048116,1
TCGA-BH-A0E0-01A-11R-A056-07,0.3842017619006069,1
TCGA-OL-A66N-01A-12R-A31O-07,0.420655477340338,0
TCGA-E2-A2P6-01A-11R-A19W-07,0.552687655524461,0
TCGA-BH-A0DK-01A-21R-A056-07,0.8414709358259528,1
TCGA-E9-A5UO-01A-11R-A28M-07,0.31102624376065996,1
TCGA-D8-A1JC-01A-11R-A13Q-07,0.8036542147909184,1
TCGA-C8-A134-01A-11R-A115-07,0.663782479304531,1
TCGA-A2-A3XT-01A-11R-A22U-07,0.5050197748611087,1
TCGA-AR-A256-01A-11R-A169-07,0.5019358922503926,1
TCGA-D8-A1JL-01A-11R-A13Q-07,0.6184592732595352,1
TCGA-E9-A24A-01A-11R-A169-07,0.7555786493976875,1
TCGA-A2-A3XZ-01A-42R-A239-07,0.6273548590309342,1
TCGA-BH-A0BF-01A-21R-A12P-07,0.8982931465939558,1
TCGA-D8-A27F-01A-11R-A16F-07,0.4987511239354771,1
TCGA-A2-A0CY-01A-12R-A034-07,0.25023704200433095,1
TCGA-D8-A27E-01A-11R-A16F-07,0.6341547317396625,0
TCGA-A2-A0EP-01A-52R-A22U-07,0.7537535920027582,1
TCGA-GI-A2C8-01A-11R-A16F-07,0.5782575222838656,1
TCGA-A8-A099-01A-11R-A00Z-07,0.5362689268117619,0
TCGA-A2-A04U-01A-11R-A115-07,0.20162554377226485,1
TCGA-BH-A0HP-01A-12R-A084-07,0.8840474739370194,1
TCGA-EW-A2FV-01A-11R-A17B-07,0.815013925409317,1
TCGA-A2-A0CR-01A-11R-A22K-07,0.3708041699638132,1
TCGA-BH-A0DS-01A-11R-A056-07,0.8291795851982283,1
TCGA-D8-A1XC-01A-11R-A14D-07,0.48986023028056064,1
TCGA-E2-A14O-01A-31R-A115-07,0.3861418778194208,1
TCGA-A1-A0SF-01A-11R-A144-07,0.8734753155004913,1
TCGA-A8-A06X-01A-21R-A00Z-07,0.6119864057555474,1
TCGA-BH-A0HI-01A-11R-A084-07,0.9183383089079926,1
TCGA-E2-A14U-01A-11R-A22K-07,0.8095016391845831,1
TCGA-E2-A15A-01A-11R-A12D-07,0.8904662594246212,0
TCGA-A2-A1G6-01A-11R-A13Q-07,0.6661743750619442,1
TCGA-B6-A1KC-01B-11R-A157-07,0.34695661865883237,1
TCGA-OL-A5RZ-01A-11R-A28M-07,0.24917630709818833,1
TCGA-A8-A07I-01A-11R-A00Z-07,0.659567865910572,0
TCGA-A2-A0T0-01A-22R-A084-07,0.6088848248079531,1
TCGA-BH-A42V-01A-11R-A24H-07,0.8959823506341483,1
TCGA-GM-A3XN-01A-12R-A22U-07,0.9130014678790543,1
TCGA-D8-A3Z6-01A-11R-A239-07,0.822664781420468,1
TCGA-B6-A0IQ-01A-11R-A034-07,0.43644449777933475,1
TCGA-A8-A095-01A-11R-A00Z-07,0.8423601186803615,1
TCGA-AO-A125-01A-11R-A10J-07,0.4066061765195501,1
TCGA-EW-A6SA-01A-21R-A32P-07,0.34086455999930293,0
TCGA-BH-A0DD-01A-31R-A12P-07,0.7247569440536951,1
TCGA-AO-A0J3-01A-11R-A034-07,0.3911484653683797,0
TCGA-A2-A3XS-01A-11R-A22U-07,0.685255136919807,0
TCGA-AC-A8OR-01A-21R-A41B-07,0.6570163047502177,1
TCGA-BH-A0HK-01A-11R-A056-07,0.6820951876785896,1
TCGA-E2-A1IG-01A-11R-A144-07,0.7945338956499238,1
TCGA-AO-A12B-01A-11R-A10J-07,0.4659356113386111,1
TCGA-EW-A1J5-01A-11R-A13Q-07,0.7937195498629936,1
TCGA-C8-A12Q-01A-11R-A115-07,0.7315815278039837,1
TCGA-A2-A0EQ-01A-11R-A034-07,0.6846716128434964,0
TCGA-GM-A3XL-01A-11R-A22U-07,0.4343141344484317,1
TCGA-BH-A1EU-01A-11R-A137-07,0.6190242450149746,1
TCGA-BH-A0RX-01A-21R-A084-07,0.7417084432701687,1
TCGA-E9-A1RF-01A-11R-A157-07,0.792018200598342,1
TCGA-AC-A2QI-01A-12R-A19W-07,0.9039711702015104,1
TCGA-A8-A090-01A-11R-A00Z-07,0.8046207744193601,0
TCGA-AR-A5QQ-01A-11R-A28M-07,0.3194339561421558,1
TCGA-XX-A899-01A-11R-A36F-07,0.9056670304110914,1
TCGA-E2-A156-01A-11R-A12D-07,0.7134433308986139,1
TCGA-AN-A04C-01A-21R-A034-07,0.4365777583487686,0
TCGA-AN-A0AT-01A-11R-A034-07,0.5714052029666765,1
TCGA-UL-AAZ6-01A-11R-A41B-07,0.36713590368615145,1
TCGA-D8-A1X9-01A-12R-A157-07,0.7783130265912216,1
TCGA-E9-A22E-01A-11R-A157-07,0.7063813954609043,1
TCGA-BH-A1FB-01A-11R-A13Q-07,0.8882981765752371,1
TCGA-C8-A8HR-01A-11R-A36F-07,0.8868974911688595,1
TCGA-EW-A2FR-01A-11R-A21T-07,0.8166343922751536,1
TCGA-AN-A0AJ-01A-11R-A00Z-07,0.6821014785317406,1
TCGA-LD-A7W6-01A-81R-A352-07,0.9069665903394466,1
TCGA-BH-A0B6-01A-11R-A19W-07,0.6350403803923983,1
TCGA-AR-A252-01A-11R-A169-07,0.49725416264496614,1
TCGA-AR-A254-01A-21R-A169-07,0.7218391990560564,1
TCGA-AO-A03P-01A-11R-A00Z-07,0.544109397732623,1
TCGA-A8-A07O-01A-11R-A00Z-07,0.4782928286934947,0
TCGA-EW-A1PE-01A-11R-A144-07,0.8144894804550062,0
TCGA-AR-A2LL-01A-11R-A180-07,0.8129614170690429,1
TCGA-A7-A26H-01A-11R-A169-07,0.8247593404081617,1
TCGA-C8-A26Z-01A-11R-A16F-07,0.7086930096378645,1
TCGA-AO-A0J9-01A-11R-A034-07,0.7169648637791041,1
TCGA-EW-A1PF-01A-11R-A144-07,0.859025252865092,1
TCGA-A2-A25F-01A-11R-A169-07,0.49971885637426083,1
TCGA-D8-A73W-01A-22R-A352-07,0.7513796039888617,1
TCGA-AR-A2LJ-01A-12R-A19W-07,0.5563196463632168,0
TCGA-A8-A07C-01A-11R-A034-07,0.28510677683079527,1
TCGA-E9-A245-01A-22R-A16F-07,0.6893241479073534,0
TCGA-B6-A408-01A-12R-A24H-07,0.6935857711627871,0
TCGA-AR-A255-01A-11R-A169-07,0.8756182918169582,0
TCGA-E2-A1L6-01A-11R-A13Q-07,0.9188350014610442,0
TCGA-E9-A295-01A-11R-A16F-07,0.826210623476347,1
TCGA-BH-A1FE-01A-11R-A13Q-07,0.7301098682538121,0
TCGA-BH-A1FM-01A-11R-A13Q-07,0.2146137859668331,0
TCGA-OL-A5RU-01A-11R-A28M-07,0.875270724390198,1
TCGA-C8-A1HO-01A-11R-A13Q-07,0.5660524749181428,0
TCGA-GM-A2DO-01A-11R-A18M-07,0.47551903964347264,0
TCGA-AN-A0FZ-01A-11R-A034-07,0.5953513851191258,1
TCGA-D8-A1JN-01A-11R-A13Q-07,0.39528044751998204,1
TCGA-OL-A6VO-01A-12R-A33J-07,0.520605819340942,0
TCGA-AN-A0FV-01A-11R-A00Z-07,0.5565596520968131,1
TCGA-D8-A1J9-01A-11R-A13Q-07,0.7355134266374543,1
TCGA-B6-A0IB-01A-11R-A034-07,0.585407452240613,1
TCGA-A8-A06R-01A-11R-A00Z-07,0.660945159899107,0
TCGA-AR-A24H-01A-11R-A169-07,0.5413031989974186,1
TCGA-E2-A109-01A-11R-A10J-07,0.7044034735007166,1
TCGA-AR-A5QN-01A-12R-A28M-07,0.8640956991257074,1
TCGA-A2-A0EX-01A-21R-A034-07,0.8731583869836848,1
TCGA-C8-A12N-01A-11R-A115-07,0.899829571425586,1
TCGA-A2-A259-01A-11R-A16F-07,0.7434601182202024,1
TCGA-AO-A12A-01A-21R-A115-07,0.9446151948767901,0
TCGA-A7-A3RF-01A-11R-A22K-07,0.3185922512724419,1
TCGA-AN-A0FS-01A-11R-A034-07,0.9177891580252407,1
TCGA-C8-A26W-01A-11R-A16F-07,0.80609341907523,1
TCGA-E9-A1RC-01A-11R-A157-07,0.5786569889755521,1
TCGA-E2-A1B0-01A-11R-A12P-07,0.6277203630756616,1
TCGA-AO-A126-01A-11R-A10J-07,0.6350046112135919,1
TCGA-AC-A4ZE-01A-11R-A41B-07,0.6200792481923626,0
TCGA-E9-A229-01A-31R-A157-07,0.9131879555784035,1
TCGA-EW-A1P1-01A-31R-A14D-07,0.8123545545050942,0
TCGA-BH-AB28-01A-31R-A41B-07,0.8408281963277999,1
TCGA-A8-A08P-01A-11R-A00Z-07,0.8901100174376767,0
TCGA-EW-A1IX-01A-12R-A144-07,0.912912992948261,0
TCGA-LL-A73Z-01A-11R-A32P-07,0.8746206100188876,0
TCGA-E9-A1R7-01A-11R-A14M-07,0.3094748269249837,1
TCGA-BH-A1F2-01A-31R-A13Q-07,0.3972601367257671,0
TCGA-A8-A0A6-01A-12R-A056-07,0.8427930228465007,1
TCGA-A1-A0SE-01A-11R-A084-07,0.9348415158697463,1
TCGA-E9-A1NG-01A-21R-A14M-07,0.8524681955090022,1
TCGA-B6-A1KF-01A-11R-A13Q-07,0.36475690968570534,1
TCGA-BH-A0EE-01A-11R-A034-07,0.26525148972936163,1
TCGA-BH-A0BD-01A-11R-A034-07,0.7972231674467414,1
TCGA-OL-A5RY-01A-21R-A28M-07,0.8087069485900236,1
TCGA-E9-A1RD-01A-11R-A157-07,0.8283558489964548,1
TCGA-AR-A24K-01A-11R-A169-07,0.5030458680279832,1
TCGA-BH-A0BP-01A-11R-A115-07,0.8059586961479477,1
TCGA-C8-A130-01A-31R-A115-07,0.739699697887317,1
TCGA-B6-A0RG-01A-11R-A056-07,0.6894927380839474,1
TCGA-E9-A1NA-01A-11R-A144-07,0.6282156142878135,1
TCGA-A8-A0A2-01A-11R-A034-07,0.8226711101779837,0
TCGA-E2-A14V-01A-11R-A12D-07,0.7253906520783969,0
TCGA-E2-A1LL-01A-11R-A144-07,0.28332988996358566,1
TCGA-AR-A24M-01A-11R-A169-07,0.6766127546058772,1
TCGA-A8-A0AB-01A-11R-A034-07,0.5736245275923596,1
TCGA-C8-A1HL-01A-11R-A137-07,0.7235701693082861,1
TCGA-OL-A66P-01A-11R-A31O-07,0.2211281764276031,0
TCGA-OL-A66K-01A-11R-A29R-07,0.7651507589207397,1
TCGA-BH-A0HF-01A-11R-A056-07,0.8992119036106608,1
TCGA-AN-A03X-01A-21R-A00Z-07,0.6779796187287215,1
TCGA-A2-A1FV-01A-11R-A13Q-07,0.31468400723743817,1
TCGA-E9-A3HO-01A-11R-A213-07,0.47317173684643365,1
TCGA-A2-A0YE-01A-11R-A109-07,0.43088012775793344,1
TCGA-A1-A0SP-01A-11R-A084-07,0.6865656665133814,1
TCGA-AO-A0J7-01A-11R-A034-07,0.6342250404843869,1
TCGA-C8-A3M7-01A-12R-A21T-07,0.7935326776267352,1
TCGA-A2-A0YG-01A-21R-A109-07,0.6102612962902131,1
TCGA-E2-A14Y-01A-21R-A12D-07,0.4061326121302787,1
TCGA-EW-A424-01A-11R-A24H-07,0.7323991445059802,1
TCGA-D8-A141-01A-11R-A115-07,0.9293255058573493,1
TCGA-C8-A1HJ-01A-11R-A13Q-07,0.29099309941419155,1
TCGA-C8-A12O-01A-11R-A115-07,0.8137779019716612,0
TCGA-LL-A442-01A-11R-A24H-07,0.5042265741615867,1
TCGA-C8-A12Z-01A-11R-A115-07,0.6185723018559331,1
TCGA-EW-A1OX-01A-11R-A144-07,0.36373378022750397,0
TCGA-E9-A1RG-01A-11R-A14D-07,0.3276169379969208,1
TCGA-AQ-A1H2-01A-11R-A13Q-07,0.587875778777031,0
TCGA-AR-A24Q-01A-12R-A169-07,0.6313133503657462,1
TCGA-A8-A09K-01A-11R-A00Z-07,0.5488279778490035,1
TCGA-BH-A0W7-01A-11R-A115-07,0.8984879958880492,1
TCGA-BH-A0H0-01A-11R-A056-07,0.45370226744745157,0
TCGA-AO-A0JD-01A-11R-A056-07,0.4751872125502394,1
TCGA-A2-A4RW-01A-21R-A266-07,0.7571617259581284,1
TCGA-C8-A12U-01A-11R-A115-07,0.39850873816147936,1
TCGA-C8-A12V-01A-11R-A115-07,0.7520877840276123,1
TCGA-E9-A1NC-01A-21R-A26B-07,0.6812397527416509,1
TCGA-AO-A12G-01A-11R-A10J-07,0.7433221997133633,0
TCGA-S3-AA11-01A-31R-A41B-07,0.7874082030432142,1
TCGA-BH-A0HQ-01A-11R-A034-07,0.9342721535382281,1
TCGA-AO-A03L-01A-41R-A056-07,0.7693557479266372,1
TCGA-C8-A1HM-01A-12R-A137-07,0.631522131335612,1
TCGA-D8-A146-01A-31R-A115-07,0.9391371130320106,0
TCGA-A2-A0EV-01A-11R-A034-07,0.857475068466477,1
TCGA-E2-A154-01A-11R-A115-07,0.8674217779917511,1
TCGA-E2-A1LE-01A-12R-A19W-07,0.6870613414318529,1
TCGA-E9-A1R5-01A-11R-A14M-07,0.7138037560432257,1
TCGA-AC-A3EH-01A-22R-A22K-07,0.7152070034998832,1
TCGA-C8-A12Y-01A-11R-A12D-07,0.5797243547285746,1
TCGA-BH-A0E2-01A-11R-A056-07,0.7664764824314522,0
TCGA-D8-A1XG-01A-11R-A14D-07,0.6074307005497588,1
TCGA-OL-A5DA-01A-11R-A27Q-07,0.7403364881896645,1
TCGA-AC-A3HN-01A-11R-A213-07,0.9705153171437533,1
TCGA-B6-A0RP-01A-21R-A084-07,0.8848285269793982,1
TCGA-3C-AALI-01A-11R-A41B-07,0.45278478954740886,1
TCGA-D8-A1Y2-01A-11R-A157-07,0.8178149563119437,0
TCGA-S3-AA15-01A-11R-A41B-07,0.7928694827966187,1
TCGA-BH-A0W5-01A-11R-A109-07,0.9303819458316251,1
TCGA-A8-A097-01A-11R-A034-07,0.7085691087961441,1
TCGA-AO-A12D-01A-11R-A115-07,0.7568797010416773,1
TCGA-AN-A04A-01A-21R-A034-07,0.7026434978936082,1
TCGA-E2-A1B4-01A-11R-A12P-07,0.6996405858006867,1
TCGA-A8-A09R-01A-11R-A00Z-07,0.7491294163585563,1
TCGA-XX-A89A-01A-11R-A36F-07,0.8445204840155394,1
TCGA-AR-A24O-01A-11R-A169-07,0.8352608119192855,1
TCGA-E2-A1LG-01A-21R-A14M-07,0.22531751451691043,1
TCGA-AC-A8OS-01A-12R-A41B-07,0.8470286485106773,1
TCGA-HN-A2NL-01A-11R-A18M-07,0.37899459707463773,0
TCGA-E9-A1N6-01A-11R-A144-07,0.8135550463907,0
TCGA-E2-A10C-01A-21R-A10J-07,0.5292399810265574,1
TCGA-BH-A0AU-01A-11R-A12P-07,0.7720658188429692,0
TCGA-A2-A0EW-01A-21R-A115-07,0.9244767863408058,1
TCGA-A8-A07B-01A-11R-A00Z-07,0.5118533836548131,1
TCGA-E2-A15K-01A-11R-A12P-07,0.7774932556377014,1
TCGA-EW-A6S9-01A-22R-A33J-07,0.7379125104672551,0
TCGA-AC-A3W5-01A-11R-A22K-07,0.8545221138732647,1
TCGA-BH-A0AV-01A-31R-A115-07,0.6116815551133902,1
TCGA-A2-A0T7-01A-21R-A084-07,0.8532118270475442,0
TCGA-AO-A03V-01A-11R-A115-07,0.6085797534751055,1
TCGA-BH-A0DZ-01A-11R-A00Z-07,0.5827907603962436,1
TCGA-AN-A041-01A-11R-A034-07,0.7102839295651895,0
TCGA-B6-A0I5-01A-11R-A034-07,0.5001874290948,1
TCGA-BH-A0BM-01A-11R-A056-07,0.8665539808974011,1
TCGA-BH-A0GZ-01A-11R-A056-07,0.7875441231263837,1
TCGA-LL-A5YN-01A-11R-A28M-07,0.3716957316160157,1
TCGA-B6-A0RM-01A-11R-A084-07,0.6724180076198198,0
TCGA-A2-A4S3-01A-21R-A266-07,0.6333298541579647,1
TCGA-BH-A201-01A-11R-A14M-07,0.8256683208851098,1
TCGA-A2-A0SV-01A-11R-A084-07,0.7163466091236126,0
TCGA-A8-A07L-01A-11R-A00Z-07,0.6538266704195465,1
TCGA-AR-A2LN-01A-21R-A18M-07,0.8667326017759255,0
TCGA-C8-A278-01A-11R-A169-07,0.713070266141313,1
TCGA-A2-A0CM-01A-31R-A034-07,0.7709630249232693,1
TCGA-C8-A1HE-01A-11R-A13Q-07,0.8684659579423586,1
TCGA-LL-A7T0-01A-31R-A352-07,0.5371144567143198,0
TCGA-B6-A0WT-01A-11R-A109-07,0.8321270066324492,1
TCGA-OL-A5D6-01A-21R-A27Q-07,0.7050425086440624,1
TCGA-E2-A14S-01A-11R-A12D-07,0.692259400120288,0
TCGA-AQ-A1H3-01A-31R-A13Q-07,0.8779283737272787,1
TCGA-BH-A1F8-01A-11R-A13Q-07,0.3125403764968875,1
TCGA-A8-A0AD-01A-11R-A056-07,0.7163227413600943,1
TCGA-GM-A2DA-01A-11R-A18M-07,0.6504258996457815,1
TCGA-A2-A0T5-01A-21R-A084-07,0.8581627968916803,1
TCGA-A8-A09M-01A-11R-A00Z-07,0.8131321788110115,1
TCGA-B6-A0X1-01A-11R-A109-07,0.4371644058621236,0
TCGA-AN-A0XU-01A-11R-A109-07,0.6015642260068326,1
TCGA-BH-A1EV-01A-11R-A137-07,0.6078807158420716,1
TCGA-EW-A1OZ-01A-11R-A144-07,0.5572993186505654,1
TCGA-C8-A12X-01A-11R-A115-07,0.5621481354244724,1
TCGA-JL-A3YX-01A-11R-A22U-07,0.6705665180009025,1
TCGA-OL-A5D7-01A-11R-A27Q-07,0.2598372640469688,1
TCGA-E2-A1IK-01A-11R-A144-07,0.6788036453560414,0
TCGA-A2-A0CW-01A-21R-A115-07,0.5445325117191459,0
TCGA-A2-A0ET-01A-31R-A034-07,0.40754233565961234,1
TCGA-B6-A400-01A-11R-A239-07,0.7214986145301456,1
