sample_id,score,y_member
TCGA-E2-A158-01A-11R-A12D-07,0.40408205324041685,1
TCGA-AO-A1KO-01A-31R-A13Q-07,0.7813062607879124,1
TCGA-AR-A0TX-01A-11R-A084-07,0.3905685235858107,0
TCGA-D8-A1XB-01A-11R-A14D-07,0.9275371540153251,1
TCGA-B6-A0IG-01A-11R-A034-07,0.8935990680191179,1
TCGA-AC-A5EH-01A-11R-A28M-07,0.6663241106773365,1
TCGA-LL-A7SZ-01A-32R-A352-07,0.3708178818216472,1
TCGA-A7-A26J-01A-11R-A169-07,0.9178285274081494,1
TCGA-E9-A22H-01A-11R-A157-07,0.9491349015877343,1
TCGA-BH-A208-01A-11R-A157-07,0.6030065290533916,1
TCGA-BH-A6R9-01A-21R-A32P-07,0.9610771123395209,1
TCGA-OL-A5S0-01A-11R-A28M-07,0.9547071389638774,1
TCGA-A1-A0SD-01A-11R-A115-07,0.9339345319257455,1
TCGA-AO-A0JB-01A-11R-A32Y-07,0.8766392826848572,1
TCGA-E2-A1BD-01A-11R-A12P-07,0.9044613759391078,1
TCGA-AN-A0AS-01A-11R-A00Z-07,0.7387743178484841,1
TCGA-A7-A13G-01A-11R-A13Q-07,0.4506145241333941,1
TCGA-B6-A0RS-01A-11R-A084-07,0.5760006106819706,1
TCGA-A2-A4S0-01A-21R-A266-07,0.7908138139125781,0
TCGA-BH-A1F5-01A-12R-A13Q-07,0.8308472498010137,1
TCGA-A2-A0CX-01A-21R-A00Z-07,0.9592570971363317,1
TCGA-A7-A13D-01A-13R-A12P-07,0.2439255374604402,0
TCGA-AN-A03Y-01A-21R-A00Z-07,0.9484607595157801,1
TCGA-E9-A1ND-01A-11R-A144-07,0.7093281356379042,0
TCGA-EW-A1P5-01A-11R-A144-07,0.9353008677351484,1
TCGA-EW-A423-01A-11R-A24H-07,0.7232271041367642,1
TCGA-A7-A5ZV-01A-11R-A28M-07,0.5186892981712983,1
TCGA-C8-A8HP-01A-11R-A36F-07,0.920104962262329,1
TCGA-AQ-A54O-01A-11R-A266-07,0.8259877667991748,1
TCGA-E9-A5FK-01A-11R-A27Q-07,0.8033784733725731,1
TCGA-D8-A142-01A-11R-A115-07,0.7936651757227762,1
TCGA-BH-A0BC-01A-22R-A084-07,0.40069681075603947,1
TCGA-A2-A0EY-01A-11R-A034-07,0.8264224189833489,1
TCGA-D8-A1J8-01A-11R-A13Q-07,0.9337847495083775,1
TCGA-A8-A06Y-01A-21R-A00Z-07,0.7143082867000307,0
TCGA-EW-A1J1-01A-11R-A13Q-07,0.9043688624091526,1
TCGA-BH-A0C0-01A-21R-A056-07,0.2034154301421067,0
TCGA-AC-A2FK-01A-12R-A180-07,0.5222548106506696,0
TCGA-A2-A3XV-01A-21R-A239-07,0.5571436358695225,0
TCGA-BH-A0HB-01A-11R-A056-07,0.5083122994645175,1
TCGA-AN-A0XL-01A-11R-A10J-07,0.6716925804475061,1
TCGA-E2-A10B-01A-11R-A10J-07,0.6857344919671409,1
TCGA-A2-A04X-01A-21R-A034-07,0.7662469139043875,1
TCGA-AR-A1AN-01A-11R-A12P-07,0.5603502611802885,1
TCGA-A2-A0EM-01A-11R-A034-07,0.32814171648814366,0
TCGA-B6-A0WS-01A-11R-A115-07,0.8932350760407515,1
TCGA-D8-A1XD-01A-11R-A14D-07,0.6700565935716196,1
TCGA-A8-A091-01A-11R-A00Z-07,0.8259276880680563,1
TCGA-E9-A2JS-01A-11R-A180-07,0.5749845799050258,0
TCGA-A2-A1G1-01A-21R-A13Q-07,0.8658316113066225,1
TCGA-E9-A22B-01A-11R-A157-07,0.636342494866041,0
TCGA-D8-A27G-01A-11R-A16F-07,0.7753353943610012,1
TCGA-A7-A13E-01A-11R-A12P-07,0.7000812368751691,1
TCGA-BH-A0AY-01A-21R-A00Z-07,0.3201386796480462,0
TCGA-E2-A1L7-01A-11R-A144-07,0.9025295930747073,1
TCGA-AN-A046-01A-21R-A034-07,0.30450982466366133,0
TCGA-AN-A0AL-01A-11R-A00Z-07,0.2195439123482487,0
TCGA-D8-A27K-01A-11R-A16F-07,0.8332371583412842,1
TCGA-BH-A0DO-01B-11R-A12D-07,0.30475520908900566,0
TCGA-A7-A4SB-01A-21R-A266-07,0.5018223490172903,0
TCGA-EW-A6SB-01A-12R-A32P-07,0.8785356583673443,1
TCGA-D8-A1JM-01A-11R-A13Q-07,0.5098125059171135,1
TCGA-OL-A66J-01A-11R-A29R-07,0.7080681646314396,1
TCGA-D8-A13Y-01A-11R-A115-07,0.6944760010852096,1
TCGA-AR-A24N-01A-11R-A169-07,0.8908190111342947,1
TCGA-BH-A0B1-01A-12R-A056-07,0.914242559369062,1
TCGA-B6-A0RN-01A-12R-A084-07,0.8032292155409739,1
TCGA-A2-A0T1-01A-21R-A084-07,0.9245280769975038,1
TCGA-AN-A0AM-01A-11R-A034-07,0.5099004809494355,1
TCGA-E2-A1LA-01A-11R-A144-07,0.43825887804165964,0
TCGA-JL-A3YW-01A-12R-A239-07,0.32384784059717836,0
TCGA-BH-A0H3-01A-11R-A12P-07,0.8747782634623726,1
TCGA-E2-A1IF-01A-11R-A144-07,0.844569013854959,1
TCGA-C8-A26X-01A-31R-A16F-07,0.6968789049302081,1
TCGA-A8-A09B-01A-11R-A00Z-07,0.802018383172987,0
TCGA-A7-A26G-01A-21R-A169-07,0.6480527693579019,1
TCGA-AC-A2FE-01A-11R-A19W-07,0.8931960167604781,1
TCGA-A8-A08G-01A-11R-A00Z-07,0.38073459262073694,0
TCGA-AN-A0FJ-01A-11R-A00Z-07,0.6189926964151249,1
TCGA-B6-A0RV-01A-11R-A084-07,0.6849024129504614,1
TCGA-B6-A0WV-01A-11R-A109-07,0.9494226162928978,1
TCGA-A8-A07P-01A-11R-A00Z-07,0.7307001611993595,1
TCGA-A8-A08H-01A-21R-A00Z-07,0.7462301729211124,1
TCGA-AR-A0TW-01A-11R-A084-07,0.842673602590137,1
TCGA-E2-A15F-01A-11R-A115-07,0.8319788714801555,1
TCGA-B6-A0WX-01A-11R-A109-07,0.7569269925864305,1
TCGA-D8-A1Y1-01A-21R-A14M-07,0.9596098672105028,1
TCGA-E2-A14Z-01A-11R-A115-07,0.296235718428079,0
TCGA-A2-A25A-01A-12R-A16F-07,0.4020952352626196,0
TCGA-A2-A0CT-01A-31R-A056-07,0.9259984303893605,1
TCGA-HN-A2OB-01A-21R-A27Q-07,0.8136441754965881,0
TCGA-B6-A0RT-01A-21R-A084-07,0.8972221755202834,1
TCGA-AR-A24T-01A-11R-A169-07,0.8902341118230144,1
TCGA-E9-A1R0-01A-22R-A16F-07,0.633566415788862,1
TCGA-E9-A5FL-01A-11R-A27Q-07,0.5415704777507636,1
TCGA-E2-A3DX-01A-21R-A213-07,0.5865059848936969,1
TCGA-E2-A14T-01A-11R-A115-07,0.9071655523842743,1
TCGA-A2-A4RY-01A-31R-A266-07,0.9366356511434729,1
TCGA-AR-A2LK-01A-11R-A180-07,0.9029517144242651,1
TCGA-BH-A42U-01A-12R-A24H-07,0.953688527999682,1
TCGA-AO-A12C-01A-11R-A10J-07,0.4057487230003478,0
TCGA-A2-A3XY-01A-11R-A239-07,0.6151226231279364,1
TCGA-D8-A73X-01A-11R-A32P-07,0.9215359373886014,1
TCGA-AR-A2LO-01A-31R-A18M-07,0.6504573147588214,1
TCGA-AO-A0JJ-01A-11R-A056-07,0.5442335591302432,0
TCGA-LD-A74U-01A-13R-A33J-07,0.7437370293209211,1
TCGA-AN-A0XN-01A-21R-A109-07,0.2984711500717364,1
TCGA-E2-A107-01A-11R-A10J-07,0.914902515062983,1
TCGA-A7-A6VV-01A-22R-A33J-07,0.8092465138917233,1
TCGA-AC-A5XS-01A-11R-A29R-07,0.6390347023662226,1
TCGA-BH-A0H6-01A-21R-A056-07,0.9301423332303269,1
TCGA-AC-A23C-01A-12R-A169-07,0.4591128216151056,1
TCGA-E9-A1NH-01A-11R-A14D-07,0.4760089775170035,1
TCGA-D8-A1XW-01A-11R-A14M-07,0.2072540791370439,1
TCGA-AO-A0JG-01A-31R-A084-07,0.5315088789721618,0
TCGA-BH-A18N-01A-11R-A12D-07,0.8896856424339497,1
TCGA-A1-A0SO-01A-22R-A084-07,0.5783920941601018,0
TCGA-BH-A0B5-01A-11R-A12P-07,0.5422423885094643,0
TCGA-A8-A09T-01A-11R-A00Z-07,0.8894000561605501,1
TCGA-BH-A0BR-01A-21R-A115-07,0.6518303319490363,1
TCGA-D8-A27W-01A-11R-A16F-07,0.804132582476922,1
TCGA-BH-A0BW-01A-11R-A115-07,0.8647169419417068,1
TCGA-GM-A2DB-01A-31R-A18M-07,0.7484207395367698,0
TCGA-AC-A2QH-01A-11R-A18M-07,0.7415790291110419,1
TCGA-D8-A1JB-01A-11R-A13Q-07,0.7678031940918545,1
TCGA-BH-A1ES-01A-11R-A137-07,0.77295532265515,1
TCGA-OL-A97C-01A-32R-A41B-07,0.5223723020625818,1
TCGA-A2-A0YF-01A-21R-A109-07,0.8734759534952828,1
TCGA-D8-A1XS-01A-11R-A14M-07,0.9654934868975471,1
TCGA-D8-A140-01A-11R-A115-07,0.7229911218990154,1
TCGA-A8-A09Q-01A-11R-A00Z-07,0.9157530852528466,1
TCGA-B6-A0I1-01A-11R-A21T-07,0.6437542583954511,1
TCGA-AO-A0JE-01A-11R-A056-07,0.9442455056866226,1
TCGA-A2-A1FW-01A-11R-A13Q-07,0.530279139555828,1
TCGA-D8-A1XY-01A-11R-A14M-07,0.7183019694395681,1
TCGA-A2-A04R-01A-41R-A109-07,0.6503661800055431,0
TCGA-A2-A1FX-01A-11R-A13Q-07,0.8479494730842627,1
TCGA-A8-A07W-01A-11R-A00Z-07,0.9248576933645085,1
TCGA-D8-A1XK-01A-21R-A14M-07,0.8703062308302626,1
TCGA-D8-A3Z5-01A-41R-A24H-07,0.5675308358354454,1
TCGA-LL-A5YM-01A-11R-A28M-07,0.6506033649862966,1
TCGA-B6-A0IJ-01A-11R-A034-07,0.1664174624263789,0
TCGA-A8-A06N-01A-11R-A00Z-07,0.8458283477212947,1
TCGA-GM-A2DM-01A-11R-A180-07,0.7848843674230038,1
TCGA-E2-A15D-01A-11R-A115-07,0.9308995967763111,1
TCGA-B6-A1KI-01A-11R-A14M-07,0.34396785954216913,1
TCGA-D8-A1JS-01A-11R-A13Q-07,0.24560055211613252,1
TCGA-PE-A5DD-01A-12R-A27Q-07,0.5634332314916819,1
TCGA-BH-A0BG-01A-11R-A115-07,0.9257094342928096,1
TCGA-LL-A6FQ-01A-11R-A31O-07,0.336677616550906,0
TCGA-E2-A1IN-01A-11R-A13Q-07,0.9522779598353666,1
TCGA-A8-A06T-01A-11R-A00Z-07,0.864551491924637,1
TCGA-B6-A402-01A-11R-A239-07,0.9060133848985285,1
TCGA-E2-A9RU-01A-11R-A41B-07,0.5801551468250425,1
TCGA-A2-A3XW-01A-11R-A239-07,0.8595078075639918,1
TCGA-B6-A0RU-01A-11R-A084-07,0.4799437524778596,0
TCGA-A8-A086-01A-11R-A00Z-07,0.8881857161411665,1
TCGA-B6-A40C-01A-11R-A239-07,0.603209604040001,1
TCGA-D8-A1JF-01A-11R-A13Q-07,0.9044942944489944,1
TCGA-A2-A0T6-01A-11R-A084-07,0.6996249607273508,1
TCGA-BH-A1FG-01A-11R-A13Q-07,0.6454042020063626,0
TCGA-GM-A3NY-01A-11R-A21T-07,0.7280682666503873,1
TCGA-AN-A0AK-01A-21R-A00Z-07,0.9290194392909155,1
TCGA-BH-A1FC-01A-11R-A13Q-07,0.9450000812607229,1
TCGA-E9-A227-01A-11R-A157-07,0.5227903166298262,1
TCGA-BH-A18P-01A-11R-A12D-07,0.8809892672967864,1
TCGA-E2-A15R-01A-11R-A115-07,0.8837316237838825,1
TCGA-BH-A0WA-01A-11R-A109-07,0.42703550737378915,0
TCGA-BH-A42T-01A-11R-A24H-07,0.9300975692855993,1
TCGA-AC-A23H-01A-11R-A157-07,0.7261888317565615,1
TCGA-OL-A66I-01A-21R-A29R-07,0.8657092662361691,1
TCGA-S3-AA17-01A-11R-A41B-07,0.9184835487110868,1
TCGA-AR-A1AL-01A-21R-A12P-07,0.29693674234764467,0
TCGA-AC-A2B8-01A-11R-A17B-07,0.7044099068981435,1
TCGA-D8-A1XO-01A-11R-A14M-07,0.6208281652786252,1
TCGA-C8-A26Y-01A-11R-A16F-07,0.9087991582170634,1
TCGA-BH-A0DG-01A-21R-A12P-07,0.725634966437646,1
TCGA-E9-A243-01A-21R-A169-07,0.49762622172515886,1
TCGA-A2-A04W-01A-31R-A115-07,0.36493921387422135,1
TCGA-A8-A09G-01A-21R-A00Z-07,0.5297079561326234,1
TCGA-BH-A0DI-01A-21R-A12P-07,0.4739959016013572,1
TCGA-E2-A152-01A-11R-A12D-07,0.9622123201718814,1
TCGA-AQ-A7U7-01A-22R-A352-07,0.35398169606685687,1
TCGA-BH-A0BZ-01A-31R-A12P-07,0.638849760515078,1
TCGA-EW-A1OV-01A-11R-A144-07,0.6522513044352611,1
TCGA-A8-A0A7-01A-11R-A00Z-07,0.9500146394469959,1
TCGA-BH-A1EN-01A-11R-A13Q-07,0.7936356557134926,1
TCGA-E2-A1IE-01A-11R-A13Q-07,0.6173521779665709,1
TCGA-BH-A0HW-01A-11R-A034-07,0.7464661583952161,1
TCGA-BH-A0BJ-01A-11R-A056-07,0.9276821325788834,1
TCGA-AO-A03N-01B-11R-A10J-07,0.5368567746457595,1
TCGA-EW-A1P3-01A-11R-A144-07,0.9181474472178642,1
TCGA-B6-A0I2-01A-11R-A034-07,0.1805730786722328,0
TCGA-EW-A1PD-01A-11R-A144-07,0.8625078593685696,1
TCGA-B6-A0IH-01A-11R-A115-07,0.5836621527005353,0
TCGA-E2-A15M-01A-11R-A12D-07,0.5949594065436521,1
TCGA-BH-A0H9-01A-11R-A056-07,0.6091548964125086,0
TCGA-BH-A0HL-01A-11R-A10U-07,0.6325472759890148,0
TCGA-A8-A07G-01A-11R-A034-07,0.6725036243876219,1
TCGA-E2-A1IL-01A-11R-A14D-07,0.558743664003072,1
TCGA-AR-A0U4-01A-11R-A109-07,0.825786301013535,1
TCGA-D8-A147-01A-11R-A115-07,0.9023229129459192,1
TCGA-BH-A0HY-01A-11R-A056-07,0.592947458573809,1
TCGA-D8-A1XT-01A-11R-A14M-07,0.3005359703153566,0
TCGA-E2-A14W-01A-11R-A12D-07,0.8996176780931724,1
TCGA-E9-A1RB-01A-11R-A157-07,0.8218551115074408,1
TCGA-LL-A5YL-01A-12R-A29R-07,0.7972875414072791,0
TCGA-WT-AB41-01A-11R-A41B-07,0.7664308699233882,1
TCGA-A8-A09Z-01A-11R-A00Z-07,0.46093639702654565,0
TCGA-AN-A0FX-01A-11R-A034-07,0.503730621414457,1
TCGA-B6-A409-01A-11R-A24H-07,0.8896470553106894,1
TCGA-EW-A1PG-01A-11R-A144-07,0.9445757304701194,1
TCGA-OL-A6VR-01A-32R-A33J-07,0.8093047158955846,1
TCGA-BH-A1FN-01A-11R-A13Q-07,0.8259114005761605,1
TCGA-AR-A2LR-01A-12R-A18M-07,0.8921633821478505,1
TCGA-A7-A5ZX-01A-12R-A29R-07,0.8331668957970455,1
TCGA-LL-A73Y-01A-11R-A33J-07,0.4966453007239766,1
TCGA-A2-A25D-01A-12R-A16F-07,0.3331211674262479,0
TCGA-BH-A0C7-01B-11R-A115-07,0.9251750292574903,1
TCGA-E2-A570-01A-11R-A29R-07,0.8987727627980177,1
TCGA-BH-A1FL-01A-11R-A13Q-07,0.867092554688919,1
TCGA-A1-A0SG-01A-11R-A144-07,0.5790793044870969,1
TCGA-A8-A07U-01A-11R-A034-07,0.22476771884096083,0
TCGA-E2-A15L-01A-11R-A12D-07,0.3359233824943815,1
TCGA-E9-A1R4-01A-21R-A14D-07,0.5226404450124377,0
TCGA-AR-A0TS-01A-11R-A115-07,0.8868059713690748,1
TCGA-E2-A10F-01A-11R-A10J-07,0.9620362374223091,1
TCGA-AO-A128-01A-11R-A10J-07,0.9405621374793269,1
TCGA-AR-A0U3-01A-11R-A109-07,0.6232899067231543,1
TCGA-BH-A0DL-01A-11R-A115-07,0.8796771571467977,1
TCGA-A7-A0D9-01A-31R-A056-07,0.6448811586088876,1
TCGA-AN-A0FD-01A-11R-A034-07,0.9368704217468802,1
TCGA-A2-A0YK-01A-22R-A109-07,0.9194113780438833,1
TCGA-BH-A1FH-01A-12R-A13Q-07,0.41818935469865215,1
TCGA-C8-A12T-01A-11R-A115-07,0.7625339053876647,1
TCGA-B6-A2IU-01A-32R-A18M-07,0.8198893256602775,1
TCGA-4H-AAAK-01A-12R-A41B-07,0.6939816251460543,1
TCGA-E2-A1IU-01A-11R-A14D-07,0.5653991260141004,0
TCGA-3C-AALK-01A-11R-A41B-07,0.7635868486871082,1
TCGA-D8-A27M-01A-11R-A16F-07,0.8357423326243067,1
TCGA-E2-A56Z-01A-12R-A29R-07,0.9275016337071866,1
TCGA-AO-A1KQ-01A-11R-A13Q-07,0.7978477314865031,1
TCGA-AR-A2LE-01A-11R-A180-07,0.4111266620867271,1
TCGA-E2-A1BC-01A-11R-A12P-07,0.47068885310584363,1
TCGA-BH-A0E6-01A-11R-A034-07,0.9046729220597073,1
TCGA-AO-A0J2-01A-11R-A034-07,0.8807425095163777,1
TCGA-A7-A6VX-01A-12R-A33J-07,0.33148030857231753,0
TCGA-E2-A1LI-01A-12R-A157-07,0.27463587441446313,0
TCGA-AR-A1AT-01A-11R-A12P-07,0.4446517999799541,1
TCGA-A7-A426-01A-22R-A24H-07,0.8890698771449296,1
TCGA-A2-A25C-01A-11R-A169-07,0.9455377092204262,1
TCGA-B6-A0RL-01A-11R-A084-07,0.49084210745689594,1
TCGA-OK-A5Q2-01A-11R-A27Q-07,0.3838881689149001,1
TCGA-E9-A244-01A-11R-A169-07,0.5926247388629896,1
TCGA-E9-A1R6-01A-11R-A14D-07,0.9416222831884419,1
TCGA-BH-A8G0-01A-11R-A352-07,0.6017261196879109,1
TCGA-EW-A1IZ-01A-11R-A13Q-07,0.6077859865529631,0
TCGA-AO-A0J5-01A-11R-A034-07,0.6846702377594943,1
TCGA-E2-A1AZ-01A-11R-A12P-07,0.766408586008433,1
TCGA-B6-A0RE-01A-11R-A056-07,0.9430184725415488,1
TCGA-A7-A4SE-01A-11R-A266-07,0.2274514190401573,0
TCGA-LL-A740-01A-21R-A32P-07,0.4467051408347407,1
TCGA-A8-A07R-01A-21R-A034-07,0.4060826103493472,0
TCGA-S3-AA10-01A-21R-A41B-07,0.8198659983051745,1
TCGA-A7-A4SF-01A-11R-A266-07,0.26046982357498344,0
TCGA-A7-A0CG-01A-12R-A056-07,0.3074783814980314,0
TCGA-E2-A1LS-01A-12R-A157-07,0.7711355643912099,1
TCGA-AR-A24P-01A-11R-A169-07,0.37723051529367296,0
TCGA-E9-A54Y-01A-11R-A466-07,0.7462576305582896,1
TCGA-AO-A0JA-01A-11R-A056-07,0.897950488988482,1
TCGA-A8-A08A-01A-11R-A32Y-07,0.8328402998912846,1
TCGA-AR-A24V-01A-21R-A169-07,0.8396971628449587,1
TCGA-A2-A0CO-01A-13R-A22K-07,0.5617693678303018,1
TCGA-E2-A15I-01A-21R-A137-07,0.7260592341563253,0
TCGA-A2-A0SU-01A-11R-A084-07,0.4870640859507977,0
TCGA-AC-A3OD-01A-11R-A21T-07,0.3746249362572743,1
TCGA-AC-A3YJ-01A-11R-A22U-07,0.6638115580734452,0
TCGA-AR-A0TZ-01A-12R-A084-07,0.9044045895008261,1
TCGA-A2-A0D3-01A-11R-A115-07,0.8974190514896606,1
TCGA-BH-A18L-01A-32R-A12D-07,0.6742894521560165,1
TCGA-EW-A2FW-01A-11R-A17B-07,0.8789439984029902,1
TCGA-A2-A0YL-01A-21R-A109-07,0.7599033420559986,1
TCGA-E9-A54X-01A-11R-A266-07,0.9455120538799481,1
TCGA-BH-A18F-01A-11R-A12D-07,0.7773239693365482,1
TCGA-W8-A86G-01A-21R-A36F-07,0.8819369287292655,1
TCGA-A8-A08T-01A-21R-A00Z-07,0.4252360730653044,1
TCGA-BH-A1EX-01A-11R-A13Q-07,0.8637624456912024,0
TCGA-A8-A08O-01A-21R-A056-07,0.29989911089683663,0
TCGA-AC-A6IX-01A-12R-A32P-07,0.360006625692684,1
TCGA-C8-A27B-01A-11R-A169-07,0.9040202014148728,1
TCGA-PL-A8LZ-01A-31R-A36F-07,0.9144497072273821,1
TCGA-AR-A1AQ-01A-11R-A12P-07,0.8916752234793914,1
TCGA-BH-A1FU-01A-11R-A14D-07,0.5667628580924964,1
TCGA-A2-A0SY-01A-31R-A084-07,0.810720385787507,1
TCGA-BH-A1EW-01A-11R-A137-07,0.9295081708325504,1
TCGA-GM-A3NW-01A-21R-A22K-07,0.6076814824676966,0
TCGA-BH-A0W4-01A-11R-A109-07,0.9407027475706314,1
TCGA-AR-A1AS-01A-11R-A12P-07,0.8815589748337767,0
TCGA-EW-A1J6-01A-11R-A13Q-07,0.838777582323637,1
TCGA-AC-A6NO-01A-12R-A33J-07,0.9130114629398266,1
TCGA-A7-A0CE-01A-11R-A00Z-07,0.25186281433524915,0
TCGA-BH-A6R8-01A-21R-A33J-07,0.9015255995778015,1
TCGA-EW-A1OY-01A-11R-A144-07,0.9484257108931458,1
TCGA-BH-A0BS-01A-11R-A12P-07,0.2977425416064285,0
TCGA-A7-A6VY-01A-12R-A33J-07,0.9674816079066331,1
TCGA-A2-A0CK-01A-11R-A22K-07,0.29647114765597915,0
TCGA-AO-A12H-01A-11R-A115-07,0.4225371919438782,0
TCGA-C8-A12L-01A-11R-A115-07,0.8770989089897352,1
TCGA-A1-A0SQ-01A-21R-A144-07,0.491818426657406,1
TCGA-A7-A56D-01A-11R-A27Q-07,0.6253140946421709,1
TCGA-A8-A09I-01A-22R-A034-07,0.951806100137102,1
TCGA-BH-A0DH-01A-11R-A084-07,0.7610664351881162,1
TCGA-B6-A0X0-01A-21R-A115-07,0.8457184151115398,1
TCGA-S3-AA12-01A-11R-A41B-07,0.8117523283934691,1
TCGA-E2-A159-01A-11R-A115-07,0.9384351419408825,1
TCGA-D8-A27V-01A-12R-A17B-07,0.7046607651189091,1
TCGA-D8-A1JT-01A-31R-A13Q-07,0.9388322688961784,1
TCGA-C8-A138-01A-11R-A115-07,0.672814530764938,1
TCGA-AO-A0J6-01A-11R-A034-07,0.9389282285069207,1
TCGA-AR-A24R-01A-11R-A169-07,0.9293812501978055,1
TCGA-AR-A0TY-01A-12R-A115-07,0.6172669864863096,1
TCGA-E9-A1QZ-01A-21R-A169-07,0.8528498662263436,1
TCGA-AR-A24W-01A-11R-A169-07,0.6801558959775039,0
TCGA-LL-A5YP-01A-21R-A28M-07,0.8650484475439835,1
TCGA-B6-A0WY-01A-11R-A109-07,0.741279873065751,1
TCGA-GM-A2DC-01A-11R-A18M-07,0.9391024094332312,1
TCGA-A2-A4S2-01A-12R-A266-07,0.8468163123503667,1
TCGA-A8-A09X-01A-11R-A00Z-07,0.8838098642878859,1
TCGA-OL-A5RV-01A-12R-A28M-07,0.8831265310656169,1
TCGA-E2-A14P-01A-31R-A12D-07,0.7102156678159343,1
TCGA-C8-A8HQ-01A-11R-A36F-07,0.46528782479891995,1
TCGA-AR-A0TP-01A-11R-A084-07,0.720592218640893,1
TCGA-A8-A09A-01A-11R-A00Z-07,0.33523304421577116,1
TCGA-A8-A08L-01A-11R-A00Z-07,0.921473471693441,1
TCGA-A8-A08F-01A-11R-A00Z-07,0.6102925463849492,1
TCGA-GI-A2C9-01A-11R-A21T-07,0.8333564608462296,1
TCGA-A2-A0SW-01A-11R-A084-07,0.8142338553742497,1
TCGA-LD-A7W5-01A-22R-A352-07,0.2607969372670331,0
TCGA-D8-A27R-01A-11R-A16F-07,0.5273353130581278,1
TCGA-AO-A0JM-01A-21R-A056-07,0.8625964576488321,1
TCGA-GM-A2D9-01A-11R-A18M-07,0.6142759174210277,1
TCGA-D8-A1XU-01A-11R-A14M-07,0.9222715466713393,1
TCGA-AO-A1KT-01A-11R-A13Q-07,0.8218605191521434,1
TCGA-C8-A12P-01A-11R-A115-07,0.6393446831779991,1
TCGA-LL-A6FR-01A-12R-A31O-07,0.766684848015481,0
TCGA-AR-A1AJ-01A-21R-A12P-07,0.9498945925328072,1
TCGA-A8-A09D-01A-11R-A00Z-07,0.48653469930269655,1
TCGA-S3-A6ZF-01A-32R-A32P-07,0.2316733931744132,0
TCGA-E2-A150-01A-11R-A12D-07,0.6946118783634309,1
TCGA-BH-A18U-01A-21R-A12D-07,0.40107872459782457,1
TCGA-BH-A0GY-01A-11R-A056-07,0.9126326968793051,1
TCGA-AQ-A54N-01A-11R-A266-07,0.8404715894774009,1
TCGA-C8-A273-01A-11R-A16F-07,0.7852629275167786,1
TCGA-S3-AA14-01A-11R-A41B-07,0.4925069216534697,1
TCGA-A7-A2KD-01A-31R-A21T-07,0.8999263507336859,1
TCGA-C8-A131-01A-11R-A115-07,0.750381373313571,1
TCGA-E2-A576-01A-11R-A31O-07,0.7963940115380375,1
TCGA-A2-A0T4-01A-31R-A084-07,0.927224578276069,1
TCGA-A2-A04V-01A-21R-A034-07,0.6368076500140555,0
TCGA-AR-A0U0-01A-11R-A109-07,0.944796324929127,1
TCGA-BH-A0BO-01A-23R-A12D-07,0.9258246162389062,1
TCGA-A2-A3KC-01A-11R-A213-07,0.36218253982046805,0
TCGA-BH-A18T-01A-11R-A12D-07,0.40302366226025327,0
TCGA-EW-A1J2-01A-21R-A13Q-07,0.94206276236935,1
TCGA-A8-A084-01A-21R-A00Z-07,0.9127064957685341,1
TCGA-A8-A08X-01A-21R-A00Z-07,0.6626596963265323,1
TCGA-GM-A2DH-01A-11R-A180-07,0.8606729148416208,1
TCGA-D8-A27L-01A-11R-A16F-07,0.9467746446075537,1
TCGA-A7-A3IZ-01A-11R-A213-07,0.8827179500237368,1
TCGA-AN-A04D-01A-21R-A034-07,0.5278123927896048,1
TCGA-5L-AAT0-01A-12R-A41B-07,0.5771148086893695,1
TCGA-AR-A1AU-01A-11R-A12P-07,0.4624391974093691,1
TCGA-AC-A6IV-01A-12R-A33J-07,0.5311607123377553,1
TCGA-E2-A15C-01A-31R-A12D-07,0.9102902214546363,1
TCGA-AO-A1KP-01A-11R-A13Q-07,0.944906999960524,1
TCGA-E2-A15G-01A-11R-A12D-07,0.937337987895436,1
TCGA-A2-A3KD-01A-12R-A213-07,0.7682337918212859,0
TCGA-D8-A1X5-01A-11R-A14D-07,0.8871385069033245,1
TCGA-AQ-A04L-01B-21R-A10J-07,0.5408507485188816,1
TCGA-A8-A096-01A-11R-A00Z-07,0.8754441495885752,1
TCGA-A2-A0YH-01A-11R-A109-07,0.8561036834209877,1
TCGA-AN-A0FW-01A-11R-A034-07,0.8440568754165104,1
TCGA-D8-A27H-01A-11R-A16F-07,0.25271952875535675,0
TCGA-OL-A6VQ-01A-12R-A41B-07,0.9359125152575849,1
TCGA-A7-A4SA-01A-11R-A266-07,0.26034917903851323,0
TCGA-C8-A274-01A-11R-A16F-07,0.9301512459105054,1
TCGA-E2-A15J-01A-11R-A12P-07,0.8152268019475191,1
TCGA-BH-A0B3-01A-11R-A056-07,0.9293703592010865,1
TCGA-E2-A153-01A-12R-A12D-07,0.8361744277566531,1
TCGA-WT-AB44-01A-11R-A41B-07,0.8540738498965259,1
TCGA-B6-A0RQ-01A-11R-A115-07,0.8950112130510611,1
TCGA-A2-A0YM-01A-11R-A109-07,0.7867503536819622,1
TCGA-C8-A1HI-01A-11R-A137-07,0.8259625905648007,1
TCGA-AC-A3TM-01A-11R-A22K-07,0.7501575137610531,1
TCGA-A7-A0CD-01A-11R-A00Z-07,0.5509716259168208,0
TCGA-D8-A145-01A-11R-A115-07,0.8867176235311303,1
TCGA-BH-A0EB-01A-11R-A034-07,0.8867087365995879,1
TCGA-AR-A0TV-01A-21R-A084-07,0.9202095999862104,1
TCGA-E2-A15P-01A-11R-A115-07,0.6437060607967443,1
TCGA-A2-A04T-01A-21R-A034-07,0.9069045576036553,1
TCGA-E9-A2JT-01A-22R-A18M-07,0.9507482103760831,1
TCGA-OL-A5RW-01A-11R-A28M-07,0.42438546105397995,0
TCGA-PL-A8LV-01A-21R-A41B-07,0.7316283847620134,1
TCGA-BH-A18M-01A-11R-A12D-07,0.9031254469976739,1
TCGA-D8-A27N-01A-11R-A16F-07,0.5284404142708765,1
TCGA-C8-A3M8-01A-11R-A213-07,0.9484075663692343,1
TCGA-B6-A0WW-01A-11R-A109-07,0.9605191631187349,1
TCGA-E9-A3X8-01A-31R-A22U-07,0.659881328563827,1
TCGA-C8-A133-01A-32R-A12D-07,0.5845280426954236,0
TCGA-D8-A1X6-01A-11R-A14M-07,0.9535527609560308,1
TCGA-A2-A04P-01A-31R-A034-07,0.8899387910488328,1
TCGA-E9-A1N3-01A-12R-A157-07,0.9429405590764317,1
TCGA-AN-A0XP-01A-11R-A109-07,0.602525833861492,1
TCGA-E2-A1LK-01A-21R-A14D-07,0.6125294151201331,0
TCGA-C8-A132-01A-31R-A115-07,0.6455560077121723,1
TCGA-PE-A5DE-01A-11R-A27Q-07,0.8867884412972158,1
TCGA-EW-A6SC-01A-12R-A32P-07,0.7489187330353968,1
TCGA-BH-A0EI-01A-11R-A115-07,0.6715392005206853,1
TCGA-A8-A08I-01A-11R-A00Z-07,0.6159516301418961,0
TCGA-AO-A124-01A-11R-A10J-07,0.5187691425378446,0
TCGA-AN-A0XR-01A-11R-A109-07,0.8186274815277539,1
TCGA-BH-A204-01A-11R-A157-07,0.1896166215022642,0
TCGA-AN-A0FF-01A-11R-A034-07,0.9533295806879569,1
TCGA-A2-A0T3-01A-21R-A115-07,0.8754779753864996,1
TCGA-B6-A0RI-01A-11R-A056-07,0.49598823791310703,1
TCGA-AO-A03R-01A-21R-A034-07,0.9017743299210144,1
TCGA-E9-A1RA-01A-11R-A14D-07,0.9095876408637242,1
TCGA-AN-A0XV-01A-11R-A109-07,0.8638990208389786,1
TCGA-E9-A1RI-01A-11R-A169-07,0.9520330089442262,1
TCGA-A8-A07J-01A-11R-A00Z-07,0.767366024813972,0
TCGA-AC-A6IW-01A-12R-A33J-07,0.7083271290894841,1
TCGA-3C-AALJ-01A-31R-A41B-07,0.7835268410361493,1
TCGA-AN-A0XS-01A-22R-A109-07,0.7261545873579315,1
TCGA-E9-A226-01A-21R-A157-07,0.7926142396685809,1
TCGA-C8-A12K-01A-21R-A115-07,0.42339686388094155,0
TCGA-BH-A202-01A-11R-A14M-07,0.6601492028440201,0
TCGA-OL-A66H-01A-11R-A29R-07,0.8165613627859238,1
TCGA-E9-A1N9-01A-11R-A14D-07,0.23420968891691935,0
TCGA-A2-A0T2-01A-11R-A084-07,0.8704967443853697,1
TCGA-BH-A18H-01A-11R-A12D-07,0.9310739856821401,1
TCGA-UU-A93S-01A-21R-A41B-07,0.7753332459884913,1
TCGA-B6-A0RO-01A-22R-A084-07,0.8883257424957038,1
TCGA-E2-A10E-01A-21R-A10J-07,0.9065185270977183,1
TCGA-A7-A4SC-01A-12R-A266-07,0.505957940114669,1
TCGA-B6-A0WZ-01A-11R-A109-07,0.8140543831858928,1
TCGA-A7-A6VW-01A-21R-A33J-07,0.9014078395130953,1
TCGA-E2-A1B5-01A-21R-A12P-07,0.883079225843241,1
TCGA-A8-A092-01A-11R-A00Z-07,0.9541585400739754,1
TCGA-C8-A1HK-01A-21R-A13Q-07,0.8869041440962839,1
TCGA-BH-A0W3-01A-11R-A109-07,0.9588064132725378,1
TCGA-A7-A0CH-01A-21R-A00Z-07,0.9286006015263798,1
TCGA-AR-A1AX-01A-11R-A12P-07,0.5943257575592636,1
TCGA-EW-A1P0-01A-11R-A144-07,0.5241129822093938,1
TCGA-E9-A1NI-01A-11R-A14D-07,0.9363331128475415,1
TCGA-AO-A12E-01A-11R-A10J-07,0.697514471588726,1
TCGA-D8-A1XJ-01A-11R-A14M-07,0.686538567184595,1
TCGA-B6-A0I6-01A-11R-A034-07,0.7992356674481247,1
TCGA-E9-A1RH-01A-21R-A169-07,0.8339863270073885,1
TCGA-BH-A18Q-01A-12R-A12D-07,0.6314355044494737,1
TCGA-AO-A0JI-01A-21R-A056-07,0.8413013588369073,1
TCGA-A2-A0CL-01A-11R-A115-07,0.6306630437150346,1
TCGA-E2-A155-01A-11R-A12D-07,0.9516781339897515,1
TCGA-B6-A0I8-01A-11R-A034-07,0.5876608467821656,0
TCGA-E2-A14X-01A-11R-A115-07,0.34198534845300316,0
TCGA-AC-A3YI-01A-21R-A239-07,0.9491525226040899,1
TCGA-AR-A1AI-01A-11R-A12P-07,0.9069147986295463,1
TCGA-D8-A1JK-01A-11R-A13Q-07,0.8679852393238348,1
TCGA-BH-A0C3-01A-21R-A12P-07,0.9375927339267581,1
TCGA-A8-A09C-01A-11R-A00Z-07,0.9587403030563729,1
TCGA-LL-A50Y-01A-11R-A266-07,0.6823895994199248,1
TCGA-BH-A0B0-01A-21R-A115-07,0.4870565602804927,0
TCGA-OL-A66L-01A-12R-A31O-07,0.6489600121888914,1
TCGA-BH-A0AW-01A-11R-A056-07,0.9526422184945205,1
TCGA-D8-A1X8-01A-11R-A14M-07,0.8206415474686681,1
TCGA-D8-A1JE-01A-11R-A13Q-07,0.9168673307792997,1
TCGA-BH-A1EO-01A-11R-A137-07,0.5675377737790088,1
TCGA-BH-A0HU-01A-11R-A034-07,0.9199288560810988,1
TCGA-BH-A0H7-01A-13R-A056-07,0.8275223894467029,1
TCGA-E9-A22D-01A-11R-A157-07,0.947462778954639,1
TCGA-3C-AAAU-01A-11R-A41B-07,0.6890907313567018,1
TCGA-BH-A1FJ-01A-11R-A13Q-07,0.9149003344087707,1
TCGA-A8-A06P-01A-11R-A00Z-07,0.8953997546313128,1
TCGA-A2-A25B-01A-11R-A169-07,0.8481498295376161,1
TCGA-AC-A2BM-01A-11R-A21T-07,0.9492074631384242,1
TCGA-E9-A6HE-01A-11R-A31O-07,0.7085179556582053,1
TCGA-AO-A03O-01A-11R-A00Z-07,0.8845097973629465,1
TCGA-A2-A0EU-01A-22R-A056-07,0.9529776607250966,1
TCGA-A8-A06O-01A-11R-A00Z-07,0.9314827486180621,1
TCGA-BH-A0BT-01A-11R-A12P-07,0.9164049854175982,1
TCGA-A2-A0YT-01A-11R-A109-07,0.867847477523767,1
TCGA-E2-A14R-01A-11R-A115-07,0.8968141000290342,1
TCGA-B6-A0IC-01A-11R-A034-07,0.4387149778412288,0
TCGA-AC-A5XU-01A-11R-A28M-07,0.4522017853487561,1
TCGA-AR-A250-01A-31R-A169-07,0.3165228804705314,0
TCGA-D8-A1XZ-01A-11R-A14M-07,0.7712333230875905,1
TCGA-B6-A0I9-01A-11R-A034-07,0.4223079263439559,1
TCGA-B6-A0IA-01A-11R-A034-07,0.6852555339572054,1
TCGA-E2-A14N-01A-31R-A137-07,0.21097783108693186,0
TCGA-PL-A8LY-01A-11R-A41B-07,0.9031381263862093,1
TCGA-LL-A441-01A-11R-A24H-07,0.8254343058806942,1
TCGA-A8-A08S-01A-11R-A034-07,0.7914175696220606,0
TCGA-A8-A09V-01A-11R-A034-07,0.6024110528098785,1
TCGA-BH-A209-01A-11R-A157-07,0.6519467011820567,1
TCGA-GM-A5PX-01A-12R-A28M-07,0.7537093840789237,1
TCGA-A8-A085-01A-11R-A00Z-07,0.8010112074383776,1
TCGA-A2-A25E-01A-11R-A169-07,0.2676586804346023,0
TCGA-D8-A1JG-01B-11R-A13Q-07,0.9622011530344516,1
TCGA-AC-A2FO-01A-11R-A180-07,0.735506526276327,1
TCGA-B6-A3ZX-01A-11R-A239-07,0.7810087887866162,1
TCGA-AN-A0FT-01A-11R-A034-07,0.5536192477816513,1
TCGA-AQ-A04H-01B-11R-A10J-07,0.9243829868328453,1
TCGA-AR-A1AR-01A-31R-A137-07,0.8291169130962777,1
TCGA-A2-A0CS-01A-11R-A115-07,0.8830900850950694,1
TCGA-A2-A1FZ-01A-51R-A14D-07,0.735983190064512,1
TCGA-AC-A8OQ-01A-11R-A41B-07,0.6747346226911579,1
TCGA-AR-A0TR-01A-11R-A084-07,0.7594269315264379,1
TCGA-C8-A12M-01A-11R-A115-07,0.6804402001788352,1
TCGA-A1-A0SM-01A-11R-A084-07,0.8475111491830268,1
TCGA-BH-A1ET-01A-11R-A137-07,0.6876199735374844,1
TCGA-A8-A0A1-01A-11R-A00Z-07,0.5032610983542122,1
TCGA-C8-A1HG-01A-11R-A137-07,0.75420751975782,1
TCGA-E9-A1NF-01A-11R-A14D-07,0.4454572609279022,1
TCGA-A2-A0D4-01A-11R-A00Z-07,0.9278150469656343,1
TCGA-BH-A2L8-01A-11R-A18M-07,0.6480610379957861,1
TCGA-A8-A093-01A-11R-A00Z-07,0.7509684229503025,1
TCGA-D8-A1Y3-01A-11R-A157-07,0.7233343257075008,1
TCGA-AR-A1AY-01A-21R-A12P-07,0.8327990720696573,1
TCGA-AO-A12F-01A-11R-A115-07,0.5077875151697824,1
TCGA-AN-A0FL-01A-11R-A034-07,0.4577181557850553,1
TCGA-AR-A0TQ-01A-11R-A084-07,0.909729263491164,1
TCGA-A2-A0CP-01A-11R-A034-07,0.40993884829490557,0
TCGA-AO-A129-01A-21R-A10J-07,0.9596209392042928,1
TCGA-D8-A1JH-01A-11R-A13Q-07,0.9162121486620307,1
TCGA-BH-A18K-01A-11R-A12D-07,0.7953359945786809,1
TCGA-B6-A0IM-01A-11R-A034-07,0.8812064172330492,1
TCGA-AO-A0J4-01A-11R-A034-07,0.22420419113303328,0
TCGA-AR-A1AW-01A-21R-A12P-07,0.8942691368353644,1
TCGA-AC-A62Y-01A-11R-A29R-07,0.352403568572888,0
TCGA-A1-A0SH-01A-11R-A084-07,0.7287755107231345,1
TCGA-A8-A08C-01A-11R-A00Z-07,0.8886016505534436,1
TCGA-A2-A3XU-01A-12R-A22U-07,0.7450673794428326,1
TCGA-E2-A1LB-01A-11R-A144-07,0.7966877291718508,1
TCGA-D8-A1JJ-01A-31R-A14M-07,0.96153930854903,1
TCGA-AN-A049-01A-21R-A00Z-07,0.8210188323082634,1
TCGA-A1-A0SN-01A-11R-A144-07,0.411723828611076,0
TCGA-EW-A1IW-01A-11R-A13Q-07,0.492907646460378,1
TCGA-LQ-A4E4-01A-11R-A266-07,0.5712714864431414,1
TCGA-E9-A5UP-01A-11R-A28M-07,0.7687012486550344,0
TCGA-EW-A1IY-01A-11R-A13Q-07,0.5815273586660179,1
TCGA-AN-A0XW-01A-11R-A109-07,0.3072088011298728,1
TCGA-AR-A24S-01A-11R-A169-07,0.8690629405315999,1
TCGA-AR-A2LM-01A-11R-A180-07,0.5319399767960543,1
TCGA-E9-A1NE-01A-21R-A14M-07,0.8360435943873008,1
TCGA-LL-A9Q3-01A-11R-A41B-07,0.7128314311147854,1
TCGA-AC-A8OP-01A-11R-A36F-07,0.7315429289634918,1
TCGA-E2-A572-01A-13R-A31O-07,0.35925342836217083,1
TCGA-B6-A0IP-01A-11R-A034-07,0.7085938076146961,1
TCGA-C8-A135-01A-11R-A115-07,0.20181278907616032,0
TCGA-D8-A1XL-01A-11R-A14M-07,0.4336637228370279,0
TCGA-EW-A1PC-01B-11R-A21T-07,0.3622169206135643,0
TCGA-AO-A03M-01B-11R-A10J-07,0.6519977129616323,0
TCGA-AN-A0FN-01A-11R-A034-07,0.6522521832748823,1
TCGA-A7-A4SD-01A-11R-A266-07,0.9313068936779385,1
TCGA-BH-A0HN-01A-11R-A10U-07,0.9139151803664287,1
TCGA-S3-A6ZH-01A-22R-A32P-07,0.7576775157901462,0
TCGA-AC-A3QP-01A-11R-A22U-07,0.4311351365771652,0
TCGA-5L-AAT1-01A-12R-A41B-07,0.42774741902741015,1
TCGA-AN-A0FY-01A-11R-A034-07,0.6319902601837213,0
TCGA-BH-A0BA-01A-11R-A056-07,0.6993156047201508,1
TCGA-A2-A0CU-01A-12R-A034-07,0.5170183859467443,1
TCGA-D8-A143-01A-11R-A115-07,0.9193474721662427,1
TCGA-BH-A0DE-01A-11R-A115-07,0.7664871136488401,1
TCGA-A2-A0EO-01A-11R-A034-07,0.6141691490654821,1
TCGA-AO-A0JF-01A-11R-A056-07,0.8137652841308209,1
TCGA-A8-A09E-01A-11R-A00Z-07,0.9243093178788835,1
TCGA-BH-A0AZ-01A-21R-A12P-07,0.6922435735764918,1
TCGA-GM-A2DN-01A-11R-A180-07,0.6113064517661715,1
TCGA-E2-A15T-01A-11R-A115-07,0.8542821641455558,1
TCGA-BH-A1F6-01A-11R-A13Q-07,0.35944644488696587,0
TCGA-BH-A0DX-01A-11R-A115-07,0.5928124711621315,1
TCGA-EW-A3U0-01A-11R-A22K-07,0.15739963470122878,0
TCGA-BH-A0DV-01A-21R-A12P-07,0.6056265798698015,1
TCGA-AC-A3TN-01A-11R-A22K-07,0.7395751011709781,1
TCGA-A1-A0SK-01A-12R-A084-07,0.8502700649021515,1
TCGA-B6-A0X5-01A-21R-A109-07,0.6946410592742445,1
TCGA-A2-A0YC-01A-11R-A109-07,0.4493715196978488,0
TCGA-A2-A0CZ-01A-11R-A034-07,0.3336026969887749,0
TCGA-C8-A27A-01A-11R-A169-07,0.923860315912453,1
TCGA-AR-A1AP-01A-11R-A12P-07,0.8508114040213977,1
TCGA-BH-A0B4-01A-11R-A00Z-07,0.3224496849369889,0
TCGA-BH-A0BV-01A-11R-A00Z-07,0.8617533779741406,1
TCGA-AN-A0XO-01A-11R-A109-07,0.5826275337878177,0
TCGA-AC-A2QJ-01A-12R-A19W-07,0.499781591831948,1
TCGA-GM-A2DD-01A-11R-A180-07,0.19036779453997513,0
TCGA-AR-A1AV-01A-21R-A12P-07,0.9133895809538056,1
TCGA-D8-A1XF-01A-11R-A14D-07,0.937693945328975,1
TCGA-LL-A6FP-01A-11R-A31O-07,0.8381876506099855,1
TCGA-D8-A1XA-01A-11R-A14D-07,0.8903938539244216,1
TCGA-C8-A26V-01A-11R-A16F-07,0.9091123216583854,1
TCGA-PE-A5DC-01A-12R-A27Q-07,0.23110053417244086,0
TCGA-E2-A1LH-01A-11R-A14D-07,0.936114558139245,1
TCGA-BH-A0B9-01A-11R-A056-07,0.8643516690696906,1
TCGA-E9-A1N8-01A-11R-A144-07,0.9310660274377835,1
TCGA-AC-A62V-01A-11R-A31O-07,0.8862917991065941,1
TCGA-EW-A1PH-01A-11R-A14M-07,0.7544123164881369,1
TCGA-AR-A5QP-01A-11R-A28M-07,0.47019803024378903,1
TCGA-BH-A5J0-01A-11R-A27Q-07,0.4334139595784783,1
TCGA-A1-A0SB-01A-11R-A144-07,0.5831269349993526,1
TCGA-B6-A0IK-01A-12R-A056-07,0.9249414740111397,1
TCGA-A8-A06Q-01A-11R-A034-07,0.17277928419666974,0
TCGA-AR-A2LH-01A-31R-A18M-07,0.9547480036350797,1
TCGA-AR-A24Z-01A-11R-A169-07,0.9298150673990997,1
TCGA-Z7-A8R5-01A-42R-A41B-07,0.5729657163735076,1
TCGA-A8-A0A9-01A-11R-A00Z-07,0.49830469538282696,0
TCGA-D8-A1JA-01A-11R-A13Q-07,0.915992304398967,1
TCGA-AN-A0FK-01A-11R-A034-07,0.8324095543991767,1
TCGA-GM-A2DL-01A-11R-A18M-07,0.4660759087670388,1
TCGA-EW-A1P6-01A-11R-A144-07,0.8887621693994492,1
TCGA-BH-A0EA-01A-11R-A115-07,0.8413802517602288,1
TCGA-BH-A8FY-01A-11R-A36F-07,0.8845883325844893,1
TCGA-E2-A1L9-01A-11R-A13Q-07,0.6717634942274149,1
TCGA-E9-A1R2-01A-11R-A14D-07,0.9150529796473866,1
TCGA-AC-A2FM-01A-11R-A19W-07,0.8139489300345859,1
TCGA-E2-A108-01A-13R-A10J-07,0.9362287690771702,1
TCGA-OL-A66O-01A-11R-A31O-07,0.36853929487242426,0
TCGA-C8-A275-01A-21R-A16F-07,0.9239357884018198,1
TCGA-B6-A0IO-01A-11R-A034-07,0.8024393437052257,1
TCGA-BH-A0HO-01A-11R-A034-07,0.8945749575665105,1
TCGA-EW-A1P8-01A-11R-A144-07,0.877838653265386,1
TCGA-A2-A0D0-01A-11R-A00Z-07,0.44701961230337056,1
TCGA-A2-A0SX-01A-12R-A084-07,0.7453035166131118,1
TCGA-D8-A27I-01A-11R-A16F-07,0.7739260974249675,0
TCGA-EW-A2FS-01A-11R-A17B-07,0.539472969771671,0
TCGA-Z7-A8R6-01A-11R-A41B-07,0.6818433421022129,0
TCGA-E2-A15O-01A-11R-A115-07,0.8099494441313336,1
TCGA-V7-A7HQ-01A-11R-A33J-07,0.7254895848943843,1
TCGA-C8-A12W-01A-11R-A115-07,0.915749657329586,1
TCGA-A7-A3IY-01A-21R-A21T-07,0.6536032837580723,1
TCGA-A8-A08B-01A-11R-A00Z-07,0.4655327489474286,1
TCGA-5T-A9QA-01A-11R-A41B-07,0.5711925327855325,1
TCGA-E2-A106-01A-11R-A10J-07,0.8689370725038187,1
TCGA-E2-A1B6-01A-31R-A12P-07,0.8668623725900155,1
TCGA-AC-A2FF-01A-11R-A17B-07,0.2844910035973475,0
TCGA-EW-A1PA-01A-11R-A144-07,0.8607042685573428,1
TCGA-D8-A27T-01A-11R-A16F-07,0.660688597625945,1
TCGA-LD-A66U-01A-11R-A31O-07,0.759578174250922,1
TCGA-A8-A07Z-01A-11R-A00Z-07,0.8937014593324268,1
TCGA-AR-A1AO-01A-11R-A12P-07,0.6791550567683449,1
TCGA-E2-A573-01A-11R-A29R-07,0.9294960942014573,1
TCGA-AC-A2FB-01A-11R-A17B-07,0.39017234098607095,1
TCGA-AN-A0G0-01A-11R-A034-07,0.872527927623191,1
TCGA-BH-A0H5-01A-21R-A115-07,0.8472023277452176,1
TCGA-A8-A07S-01A-11R-A034-07,0.8149424364655276,1
TCGA-E9-A3QA-01A-61R-A22K-07,0.9350053794736397,1
TCGA-A1-A0SI-01A-11R-A144-07,0.4807048833735855,0
TCGA-A8-A09W-01A-11R-A00Z-07,0.9207874200289532,1
TCGA-BH-A1F0-01A-11R-A137-07,0.6408637507616359,1
TCGA-A2-A0D2-01A-21R-A034-07,0.3121788445143152,1
TCGA-OL-A5D8-01A-11R-A27Q-07,0.39160803631550833,1
TCGA-BH-A18G-01A-11R-A12D-07,0.8434549499992019,1
TCGA-A2-A0YI-01A-31R-A10J-07,0.7814984560865541,1
TCGA-A8-A0A4-01A-11R-A00Z-07,0.3922459960968573,1
TCGA-A7-A425-01A-11R-A24H-07,0.5311102715799695,1
TCGA-E9-A22A-01A-11R-A157-07,0.825960309890523,1
TCGA-A8-A08J-01A-11R-A00Z-07,0.5301262193829135,1
TCGA-A2-A3Y0-01A-11R-A239-07,0.37214847848480614,0
TCGA-AC-A2BK-01A-11R-A21T-07,0.4511328356361465,1
TCGA-B6-A0IN-01A-11R-A034-07,0.18667856895299698,0
TCGA-D8-A1JD-01A-11R-A13Q-07,0.2562404881647844,0
TCGA-GM-A2DK-01A-21R-A180-07,0.8789815160385872,1
TCGA-OL-A5RX-01A-11R-A28M-07,0.511333500565152,1
TCGA-A8-A08Z-01A-21R-A00Z-07,0.7169175095484515,1
TCGA-A2-A0YD-01A-11R-A109-07,0.7269174443095375,1
TCGA-A7-A3J1-01A-11R-A213-07,0.39487833551650636,1
TCGA-BH-A1FD-01A-11R-A13Q-07,0.9365522252301487,1
TCGA-A2-A0D1-01A-11R-A034-07,0.3849909959062313,0
TCGA-BH-A0BL-01A-11R-A115-07,0.8961702374861793,1
TCGA-E2-A1IH-01A-11R-A13Q-07,0.507098029904552,1
TCGA-AR-A0TU-01A-31R-A109-07,0.5090413360146971,1
TCGA-AC-A2FG-01A-11R-A17B-07,0.780919672555274,1
TCGA-GM-A4E0-01A-12R-A266-07,0.3413445790233767,0
TCGA-AC-A3W7-01A-11R-A22K-07,0.8527555206755421,1
TCGA-A8-A083-01A-21R-A00Z-07,0.8355253158763833,1
TCGA-A2-A0EN-01A-13R-A084-07,0.7950973710655839,1
TCGA-D8-A1Y0-01A-11R-A14M-07,0.48620260233290125,0
TCGA-AR-A1AK-01A-21R-A12P-07,0.6101701699149036,1
TCGA-AC-A7VC-01A-11R-A352-07,0.8361709708704437,1
TCGA-A7-A0CJ-01A-21R-A00Z-07,0.6939177109743635,1
TCGA-AO-A03U-01B-21R-A10J-07,0.31057911060488275,1
TCGA-E2-A2P5-01A-11R-A19W-07,0.8100184170452503,1
TCGA-E2-A15S-01A-11R-A115-07,0.9023777627207857,1
TCGA-A1-A0SJ-01A-11R-A084-07,0.8016906342972648,0
TCGA-A2-A04N-01A-11R-A115-07,0.959822737670224,1
TCGA-B6-A401-01A-11R-A239-07,0.4644110377729045,0
TCGA-D8-A1JU-01A-11R-A13Q-07,0.3741390722362169,1
TCGA-B6-A40B-01A-11R-A239-07,0.8846435973435813,1
TCGA-LD-A9QF-01A-32R-A41B-07,0.4369162778595333,0
TCGA-AO-A03T-01A-21R-A034-07,0.5973319610211015,0
TCGA-E9-A3Q9-01A-11R-A21T-07,0.344634801564582,0
TCGA-D8-A1JP-01A-11R-A13Q-07,0.6095925131954834,1
TCGA-BH-A18I-01A-11R-A12D-07,0.3910213037715423,1
TCGA-BH-A28Q-01A-11R-A16F-07,0.871704482850594,1
TCGA-EW-A1OW-01A-21R-A144-07,0.9006721157491567,1
TCGA-BH-A18R-01A-11R-A12D-07,0.6381672991133401,1
TCGA-AO-A0J8-01A-21R-A034-07,0.7486788715215724,0
TCGA-AC-A3BB-01A-21R-A19W-07,0.47203820502082594,0
TCGA-E9-A247-01A-11R-A169-07,0.531346915662182,1
TCGA-D8-A73U-01A-11R-A33J-07,0.39866347185852535,0
TCGA-BH-A18V-01A-11R-A12D-07,0.8591676194840536,1
TCGA-BH-A0C1-01B-11R-A12D-07,0.5316698848509052,0
TCGA-AC-A3W6-01A-12R-A22K-07,0.8806970424207884,1
TCGA-BH-A1FR-01A-11R-A13Q-07,0.8553184037505243,1
TCGA-A2-A1G0-01A-11R-A13Q-07,0.569494282696831,0
TCGA-BH-A0DQ-01A-11R-A084-07,0.951853950277257,1
TCGA-A2-A0ER-01A-21R-A034-07,0.7182092431287447,1
TCGA-D8-A27P-01A-11R-A16F-07,0.5985842850552228,1
TCGA-B6-A1KN-01A-11R-A13Q-07,0.6861377460408481,1
TCGA-E9-A228-01A-31R-A157-07,0.91073442344354,1
TCGA-BH-A0B2-01A-11R-A10J-07,0.8692156831827251,1
TCGA-B6-A0X4-01A-11R-A109-07,0.859552720941378,0
TCGA-BH-A1EY-01A-11R-A13Q-07,0.28904356499686484,1
TCGA-BH-A0HX-01A-21R-A056-07,0.7003499249232482,1
TCGA-A8-A094-01A-11R-A00Z-07,0.7937047495867364,1
TCGA-AO-A1KR-01A-12R-A144-07,0.3659127174759683,0
TCGA-A2-A0CV-01A-31R-A115-07,0.7845188738800366,1
TCGA-A8-A076-01A-21R-A00Z-07,0.893387650020952,1
TCGA-E9-A1RE-01A-11R-A157-07,0.8834834299399674,1
TCGA-S3-A6ZG-01A-22R-A32P-07,0.854631452586946,1
TCGA-A8-A06Z-01A-11R-A00Z-07,0.9381860326891457,1
TCGA-BH-A8FZ-01A-11R-A352-07,0.9283550508268513,1
TCGA-LL-A440-01A-11R-A24H-07,0.49317012566359164,1
TCGA-E9-A249-01A-11R-A169-07,0.9486760094672937,1
TCGA-PL-A8LX-01A-11R-A41B-07,0.809450785170272,1
TCGA-E2-A1L8-01A-11R-A13Q-07,0.8289947892398019,1
TCGA-EW-A6SD-01A-12R-A33J-07,0.9263401200553075,1
TCGA-AO-A0JL-01A-11R-A056-07,0.8918594799599816,1
TCGA-MS-A51U-01A-31R-A266-07,0.614345387870861,1
TCGA-BH-A0E7-01A-11R-A034-07,0.786896594377398,1
TCGA-E9-A22G-01A-11R-A157-07,0.8573105876460677,1
TCGA-A8-A08R-01A-11R-A034-07,0.9135592102668699,1
TCGA-A2-A4S1-01A-21R-A266-07,0.606067200943737,1
TCGA-E2-A1II-01A-11R-A144-07,0.9280606170949891,1
TCGA-A7-A3J0-01A-11R-A213-07,0.7877939545806338,0
TCGA-BH-A0B8-01A-21R-A056-07,0.6755620810748297,0
TCGA-AR-A24L-01A-11R-A169-07,0.8987501655703282,1
TCGA-EW-A1J3-01A-11R-A13Q-07,0.9080657805026024,1
TCGA-AR-A5QM-01A-11R-A27Q-07,0.9297715051470675,1
TCGA-AO-A1KS-01A-11R-A13Q-07,0.9067440729494063,1
TCGA-D8-A1JI-01A-11R-A13Q-07,0.7815722164247166,1
TCGA-A8-A09N-01A-11R-A00Z-07,0.888114688023998,1
TCGA-BH-A203-01A-12R-A169-07,0.29972282937970973,1
TCGA-AR-A2LQ-01A-22R-A18M-07,0.9523517603228472,1
TCGA-AR-A251-01A-12R-A169-07,0.8818473645655,1
TCGA-BH-A18J-01A-11R-A12D-07,0.6782553030730671,1
TCGA-D8-A1XM-01A-21R-A14M-07,0.9323404198288854,1
TCGA-BH-A0HA-01A-11R-A12P-07,0.6525613112873387,1
TCGA-AR-A0U2-01A-11R-A109-07,0.9262833992125944,1
TCGA-E2-A1B1-01A-21R-A12P-07,0.3123602348679277,1
TCGA-AC-A62X-01A-11R-A29R-07,0.362227792572811,0
TCGA-A7-A5ZW-01A-12R-A29R-07,0.9090166770860666,1
TCGA-BH-A28O-01A-11R-A22K-07,0.9522485298487816,1
TCGA-D8-A1XQ-01A-11R-A14M-07,0.21970076157451907,0
TCGA-E9-A248-01A-11R-A169-07,0.8655488519370315,1
TCGA-A8-A07E-01A-11R-A034-07,0.8214812502389117,1
TCGA-AC-A23E-01A-11R-A157-07,0.9215554008289184,1
TCGA-E9-A1N4-01A-11R-A14M-07,0.23399685595433345,1
TCGA-E2-A15H-01A-11R-A12D-07,0.5623401665768784,0
TCGA-E2-A1IJ-01A-11R-A144-07,0.6323198537632368,1
TCGA-D8-A1XR-01A-11R-A14M-07,0.9334213078558145,1
TCGA-A8-A075-01A-11R-A084-07,0.860615123005491,1
TCGA-A8-A06U-01A-11R-A00Z-07,0.3231631711172686,0
TCGA-B6-A0X7-01A-11R-A10J-07,0.388827766306032,1
TCGA-AQ-A04J-01A-02R-A034-07,0.8904940245117114,1
TCGA-A2-A0CQ-01A-21R-A034-07,0.6570686803196013,1
TCGA-A8-A07F-01A-11R-A00Z-07,0.8891098638845235,1
TCGA-A8-A082-01A-11R-A00Z-07,0.9188489247091599,1
TCGA-AN-A0XT-01A-11R-A109-07,0.883921654057744,1
TCGA-AR-A24X-01A-11R-A169-07,0.591810754524663,0
TCGA-A2-A04Y-01A-21R-A034-07,0.46717791346103044,1
TCGA-A2-A1G4-01A-11R-A13Q-07,0.8565970129179721,1
TCGA-B6-A0IE-01A-11R-A034-07,0.910153142552449,1
TCGA-A8-A079-01A-21R-A00Z-07,0.913181530270619,1
TCGA-E2-A15E-01A-11R-A12D-07,0.5533356940045575,1
TCGA-E9-A1R3-01A-31R-A14M-07,0.6850935920488348,1
TCGA-AR-A0TT-01A-31R-A084-07,0.3035690673534703,0
TCGA-S3-AA0Z-01A-11R-A41B-07,0.8359084893793324,1
TCGA-BH-A0E1-01A-11R-A056-07,0.6484282923113351,1
TCGA-AC-A23G-01A-11R-A213-07,0.5064574228956278,1
TCGA-GM-A3XG-01A-31R-A24H-07,0.762488996497105,1
TCGA-AR-A1AM-01A-41R-A22K-07,0.2486661777449182,0
TCGA-E9-A1N5-01A-11R-A14D-07,0.6429180363936187,1
TCGA-A2-A3XX-01A-21R-A239-07,0.951894216202141,1
TCGA-BH-A0BQ-01A-21R-A115-07,0.9320532163756576,1
TCGA-EW-A1P7-01A-21R-A144-07,0.5491771224781045,1
TCGA-BH-A5IZ-01A-11R-A27Q-07,0.9224662632225801,1
TCGA-D8-A1X7-01A-11R-A14M-07,0.6090367596500021,0
TCGA-BH-A0DP-01A-21R-A056-07,0.7697348459272318,1
TCGA-AC-A7VB-01A-11R-A352-07,0.26394470166502054,0
TCGA-A2-A0ST-01A-12R-A084-07,0.9096353589692533,1
TCGA-A2-A0ES-01A-11R-A115-07,0.5402105771064268,1
TCGA-BH-A0DT-01A-21R-A12D-07,0.9432595416644921,1
TCGA-AN-A0AR-01A-11R-A00Z-07,0.792348440853065,1
TCGA-A2-A0YJ-01A-11R-A109-07,0.6241685533715793,0
TCGA-D8-A4Z1-01A-21R-A266-07,0.4591111570490636,0
TCGA-AO-A0JC-01A-11R-A056-07,0.8748532109581169,1
TCGA-A2-A04Q-01A-21R-A034-07,0.25083143588606577,0
TCGA-GM-A2DF-01A-11R-A180-07,0.9355466198454351,1
TCGA-GM-A2DI-01A-31R-A18M-07,0.8543682599430348,1
TCGA-LL-A5YO-01A-21R-A28M-07,0.3624710516941262,0
TCGA-EW-A3E8-01B-11R-A24H-07,0.2912133705988121,0
TCGA-BH-A0E9-01B-11R-A115-07,0.8106225158064185,1
TCGA-AR-A1AH-01A-11R-A12D-07,0.8746761817865033,1
TCGA-E2-A10A-01A-21R-A115-07,0.8591695497532739,1
TCGA-C8-A1HF-01A-11R-A137-07,0.8494194338347366,1
TCGA-A7-A13H-01A-11R-A22K-07,0.85904023389301,1
TCGA-A7-A13F-01A-11R-A12P-07,0.9115858414807412,1
TCGA-D8-A1XV-01A-11R-A14M-07,0.5108094191643091,0
TCGA-E2-A574-01A-11R-A29R-07,0.8215297192312772,1
TCGA-GM-A5PV-01A-11R-A28M-07,0.6600346271779511,1
TCGA-EW-A1PB-01A-11R-A144-07,0.28965853707606276,0
TCGA-E2-A1IO-01A-11R-A144-07,0.7342183768796077,1
TCGA-B6-A0RH-01A-21R-A115-07,0.8059177453587693,1
TCGA-BH-A0B7-01A-12R-A115-07,0.5445063157804335,1
TCGA-C8-A137-01A-11R-A115-07,0.40440093604441407,0
TCGA-LL-A8F5-01A-11R-A36F-07,0.9186514612914807,1
TCGA-AQ-A0Y5-01A-11R-A14M-07,0.7485519611577499,1
TCGA-D8-A13Z-01A-11R-A115-07,0.20594773184383522,0
TCGA-A2-A4RX-01A-11R-A266-07,0.6342002620594356,1
TCGA-AR-A24U-01A-11R-A169-07,0.19507555387324435,1
TCGA-E2-A105-01A-11R-A10J-07,0.5806734575822048,1
TCGA-C8-A1HN-01A-11R-A137-07,0.749302423670753,1
TCGA-BH-A18S-01A-11R-A12D-07,0.8623801571777774,1
TCGA-E2-A14Q-01A-11R-A12D-07,0.7449107625771334,1
TCGA-A7-A0DA-01A-31R-A115-07,0.8275391454927284,1
TCGA-EW-A1P4-01A-21R-A144-07,0.7786789402174116,1
TCGA-A8-A081-01A-11R-A00Z-07,0.9211856345659362,1
TCGA-BH-A0E0-01A-11R-A056-07,0.7432373599688444,1
TCGA-OL-A66N-01A-12R-A31O-07,0.633170877150945,0
TCGA-E2-A2P6-01A-11R-A19W-07,0.31148113656302845,0
TCGA-BH-A0DK-01A-21R-A056-07,0.8773429890537049,1
TCGA-E9-A5UO-01A-11R-A28M-07,0.7918170466222367,1
TCGA-D8-A1JC-01A-11R-A13Q-07,0.955495663354223,1
TCGA-C8-A134-01A-11R-A115-07,0.7878187766131779,1
TCGA-A2-A3XT-01A-11R-A22U-07,0.7067868229033708,1
TCGA-AR-A256-01A-11R-A169-07,0.8061660659155732,1
TCGA-D8-A1JL-01A-11R-A13Q-07,0.9148069552105,1
TCGA-E9-A24A-01A-11R-A169-07,0.8415966211171547,1
TCGA-A2-A3XZ-01A-42R-A239-07,0.9639499228575119,1
TCGA-BH-A0BF-01A-21R-A12P-07,0.9409288913599837,1
TCGA-D8-A27F-01A-11R-A16F-07,0.9017829471954283,1
TCGA-A2-A0CY-01A-12R-A034-07,0.48951045217310934,1
TCGA-D8-A27E-01A-11R-A16F-07,0.7604001985256377,0
TCGA-A2-A0EP-01A-52R-A22U-07,0.4375850405277828,1
TCGA-GI-A2C8-01A-11R-A16F-07,0.7483838444306785,1
TCGA-A8-A099-01A-11R-A00Z-07,0.49754120011629405,0
TCGA-A2-A04U-01A-11R-A115-07,0.5331906346202164,1
TCGA-BH-A0HP-01A-12R-A084-07,0.43533289436939404,1
TCGA-EW-A2FV-01A-11R-A17B-07,0.6475157699771295,1
TCGA-A2-A0CR-01A-11R-A22K-07,0.6902678282848032,1
TCGA-BH-A0DS-01A-11R-A056-07,0.8041366977117644,1
TCGA-D8-A1XC-01A-11R-A14D-07,0.9181333696333587,1
TCGA-E2-A14O-01A-31R-A115-07,0.7487726384383953,1
TCGA-A1-A0SF-01A-11R-A144-07,0.49167281764665094,1
TCGA-A8-A06X-01A-21R-A00Z-07,0.9386279420055952,1
TCGA-BH-A0HI-01A-11R-A084-07,0.8484870914495445,1
TCGA-E2-A14U-01A-11R-A22K-07,0.7509906198962435,1
TCGA-E2-A15A-01A-11R-A12D-07,0.3147278615294003,0
TCGA-A2-A1G6-01A-11R-A13Q-07,0.9219964118265691,1
TCGA-B6-A1KC-01B-11R-A157-07,0.881329931531427,1
TCGA-OL-A5RZ-01A-11R-A28M-07,0.735595107481159,1
TCGA-A8-A07I-01A-11R-A00Z-07,0.25221576091782394,0
TCGA-A2-A0T0-01A-22R-A084-07,0.8951084382931376,1
TCGA-BH-A42V-01A-11R-A24H-07,0.3995396381488173,1
TCGA-GM-A3XN-01A-12R-A22U-07,0.8409786474320767,1
TCGA-D8-A3Z6-01A-11R-A239-07,0.3419604459891583,1
TCGA-B6-A0IQ-01A-11R-A034-07,0.7885715842291998,1
TCGA-A8-A095-01A-11R-A00Z-07,0.8865932181269349,1
TCGA-AO-A125-01A-11R-A10J-07,0.7893541868404638,1
TCGA-EW-A6SA-01A-21R-A32P-07,0.22923057921762272,0
TCGA-BH-A0DD-01A-31R-A12P-07,0.9452045574885917,1
TCGA-AO-A0J3-01A-11R-A034-07,0.5821212518591651,0
TCGA-A2-A3XS-01A-11R-A22U-07,0.2925567083039683,0
TCGA-AC-A8OR-01A-21R-A41B-07,0.8932953445341815,1
TCGA-BH-A0HK-01A-11R-A056-07,0.42613338240406967,1
TCGA-E2-A1IG-01A-11R-A144-07,0.6747856337101367,1
TCGA-AO-A12B-01A-11R-A10J-07,0.8578689344621078,1
TCGA-EW-A1J5-01A-11R-A13Q-07,0.7573357638347422,1
TCGA-C8-A12Q-01A-11R-A115-07,0.8261714297106032,1
TCGA-A2-A0EQ-01A-11R-A034-07,0.6429002587565061,0
TCGA-GM-A3XL-01A-11R-A22U-07,0.8871472037020189,1
TCGA-BH-A1EU-01A-11R-A137-07,0.28195082840680696,1
TCGA-BH-A0RX-01A-21R-A084-07,0.8009887142250183,1
TCGA-E9-A1RF-01A-11R-A157-07,0.6010534978675799,1
TCGA-AC-A2QI-01A-12R-A19W-07,0.6747507456632282,1
TCGA-A8-A090-01A-11R-A00Z-07,0.5537039263041769,0
TCGA-AR-A5QQ-01A-11R-A28M-07,0.900817923370522,1
TCGA-XX-A899-01A-11R-A36F-07,0.34484652682729455,1
TCGA-E2-A156-01A-11R-A12D-07,0.9358896098915428,1
TCGA-AN-A04C-01A-21R-A034-07,0.2544723101514518,0
TCGA-AN-A0AT-01A-11R-A034-07,0.8576492808351615,1
TCGA-UL-AAZ6-01A-11R-A41B-07,0.5384900496465351,1
TCGA-D8-A1X9-01A-12R-A157-07,0.885310673422868,1
TCGA-E9-A22E-01A-11R-A157-07,0.7703218752738549,1
TCGA-BH-A1FB-01A-11R-A13Q-07,0.9441559030975925,1
TCGA-C8-A8HR-01A-11R-A36F-07,0.9618169838872851,1
TCGA-EW-A2FR-01A-11R-A21T-07,0.5754916791747601,1
TCGA-AN-A0AJ-01A-11R-A00Z-07,0.7814849738017489,1
TCGA-LD-A7W6-01A-81R-A352-07,0.5998643264613507,1
TCGA-BH-A0B6-01A-11R-A19W-07,0.9176681751735684,1
TCGA-AR-A252-01A-11R-A169-07,0.6072535485117666,1
TCGA-AR-A254-01A-21R-A169-07,0.7257247459920164,1
TCGA-AO-A03P-01A-11R-A00Z-07,0.5691738575631672,1
TCGA-A8-A07O-01A-11R-A00Z-07,0.8380056551564172,0
TCGA-EW-A1PE-01A-11R-A144-07,0.49195022766805996,0
TCGA-AR-A2LL-01A-11R-A180-07,0.932396007956444,1
TCGA-A7-A26H-01A-11R-A169-07,0.899223358513251,1
TCGA-C8-A26Z-01A-11R-A16F-07,0.7641270650449052,1
TCGA-AO-A0J9-01A-11R-A034-07,0.6342512561547052,1
TCGA-EW-A1PF-01A-11R-A144-07,0.9512523991351742,1
TCGA-A2-A25F-01A-11R-A169-07,0.7324753761835134,1
TCGA-D8-A73W-01A-22R-A352-07,0.8529708224111778,1
TCGA-AR-A2LJ-01A-12R-A19W-07,0.47430337730906413,0
TCGA-A8-A07C-01A-11R-A034-07,0.41178384141158264,1
TCGA-E9-A245-01A-22R-A16F-07,0.5373028854521851,0
TCGA-B6-A408-01A-12R-A24H-07,0.5144200810544186,0
TCGA-AR-A255-01A-11R-A169-07,0.32658160187197516,0
TCGA-E2-A1L6-01A-11R-A13Q-07,0.2598806383904994,0
TCGA-E9-A295-01A-11R-A16F-07,0.8054056800734772,1
TCGA-BH-A1FE-01A-11R-A13Q-07,0.29848530432510473,0
TCGA-BH-A1FM-01A-11R-A13Q-07,0.313154305822081,0
TCGA-OL-A5RU-01A-11R-A28M-07,0.8379192216361696,1
TCGA-C8-A1HO-01A-11R-A13Q-07,0.879722607407874,0
TCGA-GM-A2DO-01A-11R-A18M-07,0.6015022978224212,0
TCGA-AN-A0FZ-01A-11R-A034-07,0.9087308153346199,1
TCGA-D8-A1JN-01A-11R-A13Q-07,0.3054609057610411,1
TCGA-OL-A6VO-01A-12R-A33J-07,0.6636232221275076,0
TCGA-AN-A0FV-01A-11R-A00Z-07,0.6607807669147762,1
TCGA-D8-A1J9-01A-11R-A13Q-07,0.5344573482263649,1
TCGA-B6-A0IB-01A-11R-A034-07,0.9328209579571869,1
TCGA-A8-A06R-01A-11R-A00Z-07,0.3014113021182388,0
TCGA-AR-A24H-01A-11R-A169-07,0.8484521074370024,1
TCGA-E2-A109-01A-11R-A10J-07,0.845324153357836,1
TCGA-AR-A5QN-01A-12R-A28M-07,0.8288771690680127,1
TCGA-A2-A0EX-01A-21R-A034-07,0.5534210318181795,1
TCGA-C8-A12N-01A-11R-A115-07,0.8977298547688581,1
TCGA-A2-A259-01A-11R-A16F-07,0.9343318337863135,1
TCGA-AO-A12A-01A-21R-A115-07,0.35144467785911737,0
TCGA-A7-A3RF-01A-11R-A22K-07,0.9011311640569281,1
TCGA-AN-A0FS-01A-11R-A034-07,0.4681793339411856,1
TCGA-C8-A26W-01A-11R-A16F-07,0.6690405842714244,1
TCGA-E9-A1RC-01A-11R-A157-07,0.8739508369546393,1
TCGA-E2-A1B0-01A-11R-A12P-07,0.956537487268921,1
TCGA-AO-A126-01A-11R-A10J-07,0.3783262927521669,1
TCGA-AC-A4ZE-01A-11R-A41B-07,0.19770676400191833,0
TCGA-E9-A229-01A-31R-A157-07,0.925326986341348,1
TCGA-EW-A1P1-01A-31R-A14D-07,0.5225475784398705,0
TCGA-BH-AB28-01A-31R-A41B-07,0.5093007789156611,1
TCGA-A8-A08P-01A-11R-A00Z-07,0.22123444110341636,0
TCGA-EW-A1IX-01A-12R-A144-07,0.44620523193969286,0
TCGA-LL-A73Z-01A-11R-A32P-07,0.5237089440420115,0
TCGA-E9-A1R7-01A-11R-A14M-07,0.9249762785793391,1
TCGA-BH-A1F2-01A-31R-A13Q-07,0.39952539540350346,0
TCGA-A8-A0A6-01A-12R-A056-07,0.8245673622658648,1
TCGA-A1-A0SE-01A-11R-A084-07,0.9484601709343388,1
TCGA-E9-A1NG-01A-21R-A14M-07,0.8173664347713951,1
TCGA-B6-A1KF-01A-11R-A13Q-07,0.8318650286336824,1
TCGA-BH-A0EE-01A-11R-A034-07,0.5829737080035633,1
TCGA-BH-A0BD-01A-11R-A034-07,0.7347250152918992,1
TCGA-OL-A5RY-01A-21R-A28M-07,0.6482003335601065,1
TCGA-E9-A1RD-01A-11R-A157-07,0.9563101974239394,1
TCGA-AR-A24K-01A-11R-A169-07,0.8199637764589445,1
TCGA-BH-A0BP-01A-11R-A115-07,0.7899896300674001,1
TCGA-C8-A130-01A-31R-A115-07,0.8231061539919906,1
TCGA-B6-A0RG-01A-11R-A056-07,0.9006338055005608,1
TCGA-E9-A1NA-01A-11R-A144-07,0.8410160899214945,1
TCGA-A8-A0A2-01A-11R-A034-07,0.23383054768913641,0
TCGA-E2-A14V-01A-11R-A12D-07,0.2048365906078856,0
TCGA-E2-A1LL-01A-11R-A144-07,0.776735373857599,1
TCGA-AR-A24M-01A-11R-A169-07,0.6642538282526567,1
TCGA-A8-A0AB-01A-11R-A034-07,0.901099682760631,1
TCGA-C8-A1HL-01A-11R-A137-07,0.9260208838634665,1
TCGA-OL-A66P-01A-11R-A31O-07,0.3664641976696041,0
TCGA-OL-A66K-01A-11R-A29R-07,0.9203967260531603,1
TCGA-BH-A0HF-01A-11R-A056-07,0.7745758152736264,1
TCGA-AN-A03X-01A-21R-A00Z-07,0.6832675325639915,1
TCGA-A2-A1FV-01A-11R-A13Q-07,0.6292917447046844,1
TCGA-E9-A3HO-01A-11R-A213-07,0.5711008198770836,1
TCGA-A2-A0YE-01A-11R-A109-07,0.8615381481222206,1
TCGA-A1-A0SP-01A-11R-A084-07,0.9278110065378665,1
TCGA-AO-A0J7-01A-11R-A034-07,0.9459602501224696,1
TCGA-C8-A3M7-01A-12R-A21T-07,0.4760570279292843,1
TCGA-A2-A0YG-01A-21R-A109-07,0.8144879016615856,1
TCGA-E2-A14Y-01A-21R-A12D-07,0.8247064287101022,1
TCGA-EW-A424-01A-11R-A24H-07,0.5976129553977596,1
TCGA-D8-A141-01A-11R-A115-07,0.7244040163757886,1
TCGA-C8-A1HJ-01A-11R-A13Q-07,0.7951371679787741,1
TCGA-C8-A12O-01A-11R-A115-07,0.39966858084715395,0
TCGA-LL-A442-01A-11R-A24H-07,0.6956982243109835,1
TCGA-C8-A12Z-01A-11R-A115-07,0.6730028626515715,1
TCGA-EW-A1OX-01A-11R-A144-07,0.558210713093565,0
TCGA-E9-A1RG-01A-11R-A14D-07,0.4144999420996909,1
TCGA-AQ-A1H2-01A-11R-A13Q-07,0.8571957633625737,0
TCGA-AR-A24Q-01A-12R-A169-07,0.7050607642411767,1
TCGA-A8-A09K-01A-11R-A00Z-07,0.9039269561141353,1
TCGA-BH-A0W7-01A-11R-A115-07,0.847776346701546,1
TCGA-BH-A0H0-01A-11R-A056-07,0.37585558325643026,0
TCGA-AO-A0JD-01A-11R-A056-07,0.9274073932237432,1
TCGA-A2-A4RW-01A-21R-A266-07,0.5830300956719054,1
TCGA-C8-A12U-01A-11R-A115-07,0.9402967388560433,1
TCGA-C8-A12V-01A-11R-A115-07,0.9019493209253826,1
TCGA-E9-A1NC-01A-21R-A26B-07,0.9276241386215134,1
TCGA-AO-A12G-01A-11R-A10J-07,0.3167160134905266,0
TCGA-S3-AA11-01A-31R-A41B-07,0.4391610243086216,1
TCGA-BH-A0HQ-01A-11R-A034-07,0.7769654829230656,1
TCGA-AO-A03L-01A-41R-A056-07,0.9021624915977158,1
TCGA-C8-A1HM-01A-12R-A137-07,0.8820797898021753,1
TCGA-D8-A146-01A-31R-A115-07,0.6870415914179607,0
TCGA-A2-A0EV-01A-11R-A034-07,0.8297074317516395,1
TCGA-E2-A154-01A-11R-A115-07,0.6483261331554926,1
TCGA-E2-A1LE-01A-12R-A19W-07,0.9633992023021181,1
TCGA-E9-A1R5-01A-11R-A14M-07,0.7596366777027537,1
TCGA-AC-A3EH-01A-22R-A22K-07,0.7200356029902356,1
TCGA-C8-A12Y-01A-11R-A12D-07,0.7151191918260963,1
TCGA-BH-A0E2-01A-11R-A056-07,0.6333543628781486,0
TCGA-D8-A1XG-01A-11R-A14D-07,0.9527738161832526,1
TCGA-OL-A5DA-01A-11R-A27Q-07,0.5143477922474199,1
TCGA-AC-A3HN-01A-11R-A213-07,0.9373942699948291,1
TCGA-B6-A0RP-01A-21R-A084-07,0.6755040765268983,1
TCGA-3C-AALI-01A-11R-A41B-07,0.8477811565996349,1
TCGA-D8-A1Y2-01A-11R-A157-07,0.578097877119562,0
TCGA-S3-AA15-01A-11R-A41B-07,0.7845471284637754,1
TCGA-BH-A0W5-01A-11R-A109-07,0.916599750301335,1
TCGA-A8-A097-01A-11R-A034-07,0.7080374310914145,1
TCGA-AO-A12D-01A-11R-A115-07,0.25126442950868605,1
TCGA-AN-A04A-01A-21R-A034-07,0.7811282135345652,1
TCGA-E2-A1B4-01A-11R-A12P-07,0.7260061458020319,1
TCGA-A8-A09R-01A-11R-A00Z-07,0.9303873485525445,1
TCGA-XX-A89A-01A-11R-A36F-07,0.4708873717397278,1
TCGA-AR-A24O-01A-11R-A169-07,0.9030600344304945,1
TCGA-E2-A1LG-01A-21R-A14M-07,0.8153477883341791,1
TCGA-AC-A8OS-01A-12R-A41B-07,0.7889965628321356,1
TCGA-HN-A2NL-01A-11R-A18M-07,0.6158349998395821,0
TCGA-E9-A1N6-01A-11R-A144-07,0.2686314520406081,0
TCGA-E2-A10C-01A-21R-A10J-07,0.719308238732882,1
TCGA-BH-A0AU-01A-11R-A12P-07,0.31738398461856987,0
TCGA-A2-A0EW-01A-21R-A115-07,0.8208986072490985,1
TCGA-A8-A07B-01A-11R-A00Z-07,0.6657858493567063,1
TCGA-E2-A15K-01A-11R-A12P-07,0.9299895288038178,1
TCGA-EW-A6S9-01A-22R-A33J-07,0.29799283011932126,0
TCGA-AC-A3W5-01A-11R-A22K-07,0.9508655818699155,1
TCGA-BH-A0AV-01A-31R-A115-07,0.9099334534729654,1
TCGA-A2-A0T7-01A-21R-A084-07,0.40999605824802815,0
TCGA-AO-A03V-01A-11R-A115-07,0.44166868863459274,1
TCGA-BH-A0DZ-01A-11R-A00Z-07,0.9091067183673256,1
TCGA-AN-A041-01A-11R-A034-07,0.38147486633910227,0
TCGA-B6-A0I5-01A-11R-A034-07,0.8808253327084471,1
TCGA-BH-A0BM-01A-11R-A056-07,0.8034082252339935,1
TCGA-BH-A0GZ-01A-11R-A056-07,0.5944940608187733,1
TCGA-LL-A5YN-01A-11R-A28M-07,0.4852214567324044,1
TCGA-B6-A0RM-01A-11R-A084-07,0.5661481785958409,0
TCGA-A2-A4S3-01A-21R-A266-07,0.8998320389591216,1
TCGA-BH-A201-01A-11R-A14M-07,0.6927139311438852,1
TCGA-A2-A0SV-01A-11R-A084-07,0.5323292609816349,0
TCGA-A8-A07L-01A-11R-A00Z-07,0.8463487848498892,1
TCGA-AR-A2LN-01A-21R-A18M-07,0.2916255305124979,0
TCGA-C8-A278-01A-11R-A169-07,0.9274615851487849,1
TCGA-A2-A0CM-01A-31R-A034-07,0.9552780744178676,1
TCGA-C8-A1HE-01A-11R-A13Q-07,0.9148225846229631,1
TCGA-LL-A7T0-01A-31R-A352-07,0.34200251060147235,0
TCGA-B6-A0WT-01A-11R-A109-07,0.9375659023267853,1
TCGA-OL-A5D6-01A-21R-A27Q-07,0.6308564843049029,1
TCGA-E2-A14S-01A-11R-A12D-07,0.2686596084340815,0
TCGA-AQ-A1H3-01A-31R-A13Q-07,0.8534588958521864,1
TCGA-BH-A1F8-01A-11R-A13Q-07,0.8329347525030619,1
TCGA-A8-A0AD-01A-11R-A056-07,0.759374187837973,1
TCGA-GM-A2DA-01A-11R-A18M-07,0.337077340701714,1
TCGA-A2-A0T5-01A-21R-A084-07,0.6713311419614215,1
TCGA-A8-A09M-01A-11R-A00Z-07,0.9284155435894581,1
TCGA-B6-A0X1-01A-11R-A109-07,0.6188912548819282,0
TCGA-AN-A0XU-01A-11R-A109-07,0.9591349376438657,1
TCGA-BH-A1EV-01A-11R-A137-07,0.7652173608126784,1
TCGA-EW-A1OZ-01A-11R-A144-07,0.9244993353166417,1
TCGA-C8-A12X-01A-11R-A115-07,0.7076387532130919,1
TCGA-JL-A3YX-01A-11R-A22U-07,0.7711242951113413,1
TCGA-OL-A5D7-01A-11R-A27Q-07,0.8828119469956833,1
TCGA-E2-A1IK-01A-11R-A144-07,0.7530808574383027,0
TCGA-A2-A0CW-01A-21R-A115-07,0.3571636738042736,0
TCGA-A2-A0ET-01A-31R-A034-07,0.9357038923623355,1
TCGA-B6-A400-01A-11R-A239-07,0.7621396978770903,1
