sample_id,score,y_member
TCGA-E2-A158-01A-11R-A12D-07,-0.2032493651672469,1
TCGA-AO-A1KO-01A-31R-A13Q-07,-9.367945195160006,1
TCGA-AR-A0TX-01A-11R-A084-07,-0.8612872584958473,1
TCGA-D8-A1XB-01A-11R-A14D-07,-0.6735651955716149,1
TCGA-B6-A0IG-01A-11R-A034-07,-0.3334553751910184,1
TCGA-AC-A5EH-01A-11R-A28M-07,-0.8493499203254846,1
TCGA-LL-A7SZ-01A-32R-A352-07,-0.016214311091944725,1
TCGA-A7-A26J-01A-11R-A169-07,-0.4717598178869867,1
TCGA-E9-A22H-01A-11R-A157-07,-0.4063299447721673,1
TCGA-BH-A208-01A-11R-A157-07,-9.449716098000023,0
TCGA-BH-A6R9-01A-21R-A32P-07,-9.4552603220359,1
TCGA-OL-A5S0-01A-11R-A28M-07,-0.3096480168816695,1
TCGA-A1-A0SD-01A-11R-A115-07,-0.7680934706731,1
TCGA-AO-A0JB-01A-11R-A32Y-07,-9.298559895560164,0
TCGA-E2-A1BD-01A-11R-A12P-07,-0.4787387791448633,1
TCGA-AN-A0AS-01A-11R-A00Z-07,-0.5081613458244403,1
TCGA-A7-A13G-01A-11R-A13Q-07,0.023947612486512386,0
TCGA-B6-A0RS-01A-11R-A084-07,-0.8111680154566245,1
TCGA-A2-A4S0-01A-21R-A266-07,-0.3823531901272952,1
TCGA-BH-A1F5-01A-12R-A13Q-07,-0.14593454682697213,1
TCGA-A2-A0CX-01A-21R-A00Z-07,-0.8426100990596532,1
TCGA-A7-A13D-01A-13R-A12P-07,-0.38306491784474617,1
TCGA-AN-A03Y-01A-21R-A00Z-07,-0.44389480224725786,1
TCGA-E9-A1ND-01A-11R-A144-07,-0.44470291099879317,1
TCGA-EW-A1P5-01A-11R-A144-07,-0.5590708657991087,1
TCGA-EW-A423-01A-11R-A24H-07,-0.20953223071844823,1
TCGA-A7-A5ZV-01A-11R-A28M-07,-0.2248334116592829,0
TCGA-C8-A8HP-01A-11R-A36F-07,-0.6179555808956839,1
TCGA-AQ-A54O-01A-11R-A266-07,-0.1265083153277207,1
TCGA-E9-A5FK-01A-11R-A27Q-07,-0.2563100872576729,1
TCGA-D8-A142-01A-11R-A115-07,-0.5221929740256338,1
TCGA-BH-A0BC-01A-22R-A084-07,-0.6216418778675321,1
TCGA-A2-A0EY-01A-11R-A034-07,-0.5138838662477909,1
TCGA-D8-A1J8-01A-11R-A13Q-07,-0.14420799041560223,1
TCGA-A8-A06Y-01A-21R-A00Z-07,-0.4365829024313073,1
TCGA-EW-A1J1-01A-11R-A13Q-07,-0.3367744421319928,1
TCGA-BH-A0C0-01A-21R-A056-07,-0.48231095785045786,1
TCGA-AC-A2FK-01A-12R-A180-07,-9.491386544678862,1
TCGA-A2-A3XV-01A-21R-A239-07,-0.21069173211964506,1
TCGA-BH-A0HB-01A-11R-A056-07,-0.36052621715239475,0
TCGA-AN-A0XL-01A-11R-A10J-07,-0.6749707332720011,1
TCGA-E2-A10B-01A-11R-A10J-07,-0.6181378043818405,1
TCGA-A2-A04X-01A-21R-A034-07,-0.7038181478526349,1
TCGA-AR-A1AN-01A-11R-A12P-07,-0.6162727953605664,0
TCGA-A2-A0EM-01A-11R-A034-07,-0.6453914713132464,1
TCGA-B6-A0WS-01A-11R-A115-07,-0.7492918987584578,1
TCGA-D8-A1XD-01A-11R-A14D-07,-0.42031119487063523,1
TCGA-A8-A091-01A-11R-A00Z-07,-0.37405563671178477,1
TCGA-E9-A2JS-01A-11R-A180-07,-0.3932153015933626,1
TCGA-A2-A1G1-01A-21R-A13Q-07,-0.2579669471140745,0
TCGA-E9-A22B-01A-11R-A157-07,-0.4819771226100029,1
TCGA-D8-A27G-01A-11R-A16F-07,-0.7528203762055536,0
TCGA-A7-A13E-01A-11R-A12P-07,-0.34253237705569295,1
TCGA-BH-A0AY-01A-21R-A00Z-07,-0.6369450681799519,1
TCGA-E2-A1L7-01A-11R-A144-07,-0.4083064585106328,1
TCGA-AN-A046-01A-21R-A034-07,-0.629034576001016,1
TCGA-AN-A0AL-01A-11R-A00Z-07,-0.3685023265997407,1
TCGA-D8-A27K-01A-11R-A16F-07,-0.5140303969337743,1
TCGA-BH-A0DO-01B-11R-A12D-07,-0.6431885240737278,1
TCGA-A7-A4SB-01A-21R-A266-07,-0.40315261839454397,1
TCGA-EW-A6SB-01A-12R-A32P-07,-0.34473885390999365,1
TCGA-D8-A1JM-01A-11R-A13Q-07,-0.18182008900042376,0
TCGA-OL-A66J-01A-11R-A29R-07,-0.479692721728529,1
TCGA-D8-A13Y-01A-11R-A115-07,-0.16347844074952914,0
TCGA-AR-A24N-01A-11R-A169-07,-0.47405343717731313,0
TCGA-BH-A0B1-01A-12R-A056-07,-0.5208151802790718,1
TCGA-B6-A0RN-01A-12R-A084-07,-0.6868061728755503,1
TCGA-A2-A0T1-01A-21R-A084-07,-0.8680687102244753,0
TCGA-AN-A0AM-01A-11R-A034-07,-0.4435805488048356,1
TCGA-E2-A1LA-01A-11R-A144-07,-0.5324705068042545,1
TCGA-JL-A3YW-01A-12R-A239-07,-0.6750124194878667,1
TCGA-BH-A0H3-01A-11R-A12P-07,-0.6255618742498901,1
TCGA-E2-A1IF-01A-11R-A144-07,-0.4979735793672899,1
TCGA-C8-A26X-01A-31R-A16F-07,-0.8190027832677041,1
TCGA-A8-A09B-01A-11R-A00Z-07,-0.6993151654292149,1
TCGA-A7-A26G-01A-21R-A169-07,-0.3012771492151089,1
TCGA-AC-A2FE-01A-11R-A19W-07,-0.7673115935117547,1
TCGA-A8-A08G-01A-11R-A00Z-07,-0.5777530523605026,1
TCGA-AN-A0FJ-01A-11R-A00Z-07,-0.31288980757963847,0
TCGA-B6-A0RV-01A-11R-A084-07,-0.7384115538513673,1
TCGA-B6-A0WV-01A-11R-A109-07,-0.5501018663780172,1
TCGA-A8-A07P-01A-11R-A00Z-07,-0.3808884739519893,1
TCGA-A8-A08H-01A-21R-A00Z-07,-9.52156317379486,1
TCGA-AR-A0TW-01A-11R-A084-07,-0.18880475438694966,1
TCGA-E2-A15F-01A-11R-A115-07,-0.5109901470934326,0
TCGA-B6-A0WX-01A-11R-A109-07,-0.4554239328497449,1
TCGA-D8-A1Y1-01A-21R-A14M-07,-0.7559531325984599,0
TCGA-E2-A14Z-01A-11R-A115-07,-0.6042238503322871,1
TCGA-A2-A25A-01A-12R-A16F-07,-9.619156322603784,1
TCGA-A2-A0CT-01A-31R-A056-07,-0.2944635702899024,1
TCGA-HN-A2OB-01A-21R-A27Q-07,-0.62629074797681,1
TCGA-B6-A0RT-01A-21R-A084-07,-0.530712793902479,0
TCGA-AR-A24T-01A-11R-A169-07,-0.4580977333498233,1
TCGA-E9-A1R0-01A-22R-A16F-07,-0.6851391287756607,0
TCGA-E9-A5FL-01A-11R-A27Q-07,-0.17361334046122315,0
TCGA-E2-A3DX-01A-21R-A213-07,-0.5600382367354138,1
TCGA-E2-A14T-01A-11R-A115-07,-0.42184680847550143,0
TCGA-A2-A4RY-01A-31R-A266-07,-9.493418484451412,1
TCGA-AR-A2LK-01A-11R-A180-07,-0.4952834869408397,0
TCGA-BH-A42U-01A-12R-A24H-07,-9.41955934069106,1
TCGA-AO-A12C-01A-11R-A10J-07,-0.5431971369408257,1
TCGA-A2-A3XY-01A-11R-A239-07,-0.4281999028349238,1
TCGA-D8-A73X-01A-11R-A32P-07,-0.717213292929107,1
TCGA-AR-A2LO-01A-31R-A18M-07,-0.6664003440049332,1
TCGA-AO-A0JJ-01A-11R-A056-07,-0.7367052391252364,1
TCGA-LD-A74U-01A-13R-A33J-07,-0.5959252834753733,1
TCGA-AN-A0XN-01A-21R-A109-07,-0.4606047424749002,1
TCGA-E2-A107-01A-11R-A10J-07,-0.3526353211436257,1
TCGA-A7-A6VV-01A-22R-A33J-07,-0.4207423594098057,1
TCGA-AC-A5XS-01A-11R-A29R-07,-0.4147526981864991,1
TCGA-BH-A0H6-01A-21R-A056-07,-0.6178574050473041,1
TCGA-AC-A23C-01A-12R-A169-07,-0.5059802701285683,0
TCGA-E9-A1NH-01A-11R-A14D-07,-0.671942105312899,1
TCGA-D8-A1XW-01A-11R-A14M-07,-9.33635016396916,0
TCGA-AO-A0JG-01A-31R-A084-07,-0.4848362967661685,1
TCGA-BH-A18N-01A-11R-A12D-07,-0.43529391071823237,1
TCGA-A1-A0SO-01A-22R-A084-07,-0.19479435465692718,1
TCGA-BH-A0B5-01A-11R-A12P-07,-0.6459225221115379,1
TCGA-A8-A09T-01A-11R-A00Z-07,-0.6146759639487436,1
TCGA-BH-A0BR-01A-21R-A115-07,-0.49934423329439687,0
TCGA-D8-A27W-01A-11R-A16F-07,-0.38597480176231724,1
TCGA-BH-A0BW-01A-11R-A115-07,-0.2614727051931349,1
TCGA-GM-A2DB-01A-31R-A18M-07,-0.49339963901522715,1
TCGA-AC-A2QH-01A-11R-A18M-07,-0.03955270648392928,0
TCGA-D8-A1JB-01A-11R-A13Q-07,-0.5739013537249179,0
TCGA-BH-A1ES-01A-11R-A137-07,-0.44720969630191515,1
TCGA-OL-A97C-01A-32R-A41B-07,-9.47409403000333,0
TCGA-A2-A0YF-01A-21R-A109-07,-0.2899114842610374,1
TCGA-D8-A1XS-01A-11R-A14M-07,-0.5082815095493517,1
TCGA-D8-A140-01A-11R-A115-07,-0.4350139853892915,1
TCGA-A8-A09Q-01A-11R-A00Z-07,-0.5088112765349677,0
TCGA-B6-A0I1-01A-11R-A21T-07,-0.23472879425219825,1
TCGA-AO-A0JE-01A-11R-A056-07,-0.86187859317034,0
TCGA-A2-A1FW-01A-11R-A13Q-07,-0.23213803708578817,1
TCGA-D8-A1XY-01A-11R-A14M-07,-0.4693704291351594,1
TCGA-A2-A04R-01A-41R-A109-07,-0.42538357326204335,1
TCGA-A2-A1FX-01A-11R-A13Q-07,-0.6140727248919954,1
TCGA-A8-A07W-01A-11R-A00Z-07,-0.561028434953251,1
TCGA-D8-A1XK-01A-21R-A14M-07,-0.326388251620919,1
TCGA-D8-A3Z5-01A-41R-A24H-07,-0.2904437031711177,1
TCGA-LL-A5YM-01A-11R-A28M-07,-0.028652461539255967,1
TCGA-B6-A0IJ-01A-11R-A034-07,-0.3744274588016205,1
TCGA-A8-A06N-01A-11R-A00Z-07,-0.2606470298262899,1
TCGA-GM-A2DM-01A-11R-A180-07,-0.5729975104622639,0
TCGA-E2-A15D-01A-11R-A115-07,-0.6466466639766271,1
TCGA-B6-A1KI-01A-11R-A14M-07,-0.6682259419114098,1
TCGA-D8-A1JS-01A-11R-A13Q-07,-0.20453210106449035,0
TCGA-PE-A5DD-01A-12R-A27Q-07,-0.3735998864648226,0
TCGA-BH-A0BG-01A-11R-A115-07,-0.43888043275874977,0
TCGA-LL-A6FQ-01A-11R-A31O-07,-0.07188454763715323,1
TCGA-E2-A1IN-01A-11R-A13Q-07,-0.7515304108685334,1
TCGA-A8-A06T-01A-11R-A00Z-07,-0.38466172874813337,0
TCGA-B6-A402-01A-11R-A239-07,-0.31408393253052186,1
TCGA-E2-A9RU-01A-11R-A41B-07,-0.18256188224057793,1
TCGA-A2-A3XW-01A-11R-A239-07,-9.25913416208871,0
TCGA-B6-A0RU-01A-11R-A084-07,-0.44981695258868587,1
TCGA-A8-A086-01A-11R-A00Z-07,-0.6966513608356585,1
TCGA-B6-A40C-01A-11R-A239-07,-0.45073590355052334,1
TCGA-D8-A1JF-01A-11R-A13Q-07,-0.45255350438893904,1
TCGA-A2-A0T6-01A-11R-A084-07,-0.6315938229220516,1
TCGA-BH-A1FG-01A-11R-A13Q-07,-0.37554053957729905,1
TCGA-GM-A3NY-01A-11R-A21T-07,-0.2849641787734192,0
TCGA-AN-A0AK-01A-21R-A00Z-07,-0.23803463443870246,0
TCGA-BH-A1FC-01A-11R-A13Q-07,-0.306084936196836,1
TCGA-E9-A227-01A-11R-A157-07,-0.7499522764390465,1
TCGA-BH-A18P-01A-11R-A12D-07,-0.82194489014022,1
TCGA-E2-A15R-01A-11R-A115-07,-0.2231194466341917,1
TCGA-BH-A0WA-01A-11R-A109-07,-0.44698499938685665,1
TCGA-BH-A42T-01A-11R-A24H-07,-0.28658915077243424,1
TCGA-AC-A23H-01A-11R-A157-07,-0.7033102270718989,1
TCGA-OL-A66I-01A-21R-A29R-07,-0.41844883617094003,1
TCGA-S3-AA17-01A-11R-A41B-07,-0.47630416729742836,1
TCGA-AR-A1AL-01A-21R-A12P-07,-0.5188691655466104,1
TCGA-AC-A2B8-01A-11R-A17B-07,-0.6404387286903794,1
TCGA-D8-A1XO-01A-11R-A14M-07,-0.5186700134074311,1
TCGA-C8-A26Y-01A-11R-A16F-07,-0.6378542327596108,1
TCGA-BH-A0DG-01A-21R-A12P-07,-0.6629902408245941,1
TCGA-E9-A243-01A-21R-A169-07,-0.29346442215035795,1
TCGA-A2-A04W-01A-31R-A115-07,-0.5086165277575634,0
TCGA-A8-A09G-01A-21R-A00Z-07,-0.7847880283281669,1
TCGA-BH-A0DI-01A-21R-A12P-07,-0.7339474977424104,1
TCGA-E2-A152-01A-11R-A12D-07,-0.9460963548200448,1
TCGA-AQ-A7U7-01A-22R-A352-07,-0.46080144244265614,1
TCGA-BH-A0BZ-01A-31R-A12P-07,-0.6092412482768492,0
TCGA-EW-A1OV-01A-11R-A144-07,-0.9432250568788845,1
TCGA-A8-A0A7-01A-11R-A00Z-07,-0.8972849785567669,1
TCGA-BH-A1EN-01A-11R-A13Q-07,-0.5679965336022699,0
TCGA-E2-A1IE-01A-11R-A13Q-07,-0.4508472025576805,1
TCGA-BH-A0HW-01A-11R-A034-07,-0.3608412050599769,1
TCGA-BH-A0BJ-01A-11R-A056-07,-0.7091763012725592,1
TCGA-AO-A03N-01B-11R-A10J-07,-0.21338822940425406,0
TCGA-EW-A1P3-01A-11R-A144-07,-0.524419684583539,0
TCGA-B6-A0I2-01A-11R-A034-07,-0.29563447947156724,1
TCGA-EW-A1PD-01A-11R-A144-07,-0.5001551638707948,1
TCGA-B6-A0IH-01A-11R-A115-07,-0.5141668872801007,1
TCGA-E2-A15M-01A-11R-A12D-07,-0.3995613462546585,1
TCGA-BH-A0H9-01A-11R-A056-07,-0.543763408204018,1
TCGA-BH-A0HL-01A-11R-A10U-07,-0.3205841205175714,1
TCGA-A8-A07G-01A-11R-A034-07,-0.5161717306919361,0
TCGA-E2-A1IL-01A-11R-A14D-07,-0.5586643501861953,1
TCGA-AR-A0U4-01A-11R-A109-07,-0.32352244672698693,1
TCGA-D8-A147-01A-11R-A115-07,-0.3453433434709387,1
TCGA-BH-A0HY-01A-11R-A056-07,-0.42573429667218243,1
TCGA-D8-A1XT-01A-11R-A14M-07,-0.6509696173985516,1
TCGA-E2-A14W-01A-11R-A12D-07,-0.3988855618878099,1
TCGA-E9-A1RB-01A-11R-A157-07,-0.32272690872938675,0
TCGA-LL-A5YL-01A-12R-A29R-07,-0.25659138360258,1
TCGA-WT-AB41-01A-11R-A41B-07,-0.023271552353705205,0
TCGA-A8-A09Z-01A-11R-A00Z-07,-0.2945278871764917,1
TCGA-AN-A0FX-01A-11R-A034-07,-0.45454907587386295,1
TCGA-B6-A409-01A-11R-A24H-07,-0.288818511280232,1
TCGA-EW-A1PG-01A-11R-A144-07,-9.428407347865758,1
TCGA-OL-A6VR-01A-32R-A33J-07,-0.41532230001081255,0
TCGA-BH-A1FN-01A-11R-A13Q-07,-0.342041496731777,0
TCGA-AR-A2LR-01A-12R-A18M-07,-0.3293546324682161,0
TCGA-A7-A5ZX-01A-12R-A29R-07,-0.5997341373168027,1
TCGA-LL-A73Y-01A-11R-A33J-07,-0.46575280949695397,1
TCGA-A2-A25D-01A-12R-A16F-07,-0.5314441488853421,1
TCGA-BH-A0C7-01B-11R-A115-07,-0.5718018436907025,1
TCGA-E2-A570-01A-11R-A29R-07,-0.5483040130444696,1
TCGA-BH-A1FL-01A-11R-A13Q-07,-0.5524622683273732,0
TCGA-A1-A0SG-01A-11R-A144-07,-0.6286705649975736,1
TCGA-A8-A07U-01A-11R-A034-07,-0.46720691083401256,1
TCGA-E2-A15L-01A-11R-A12D-07,-0.6618768110065777,1
TCGA-E9-A1R4-01A-21R-A14D-07,-0.5471952476112207,1
TCGA-AR-A0TS-01A-11R-A115-07,-0.3783865685477286,1
TCGA-E2-A10F-01A-11R-A10J-07,-0.8570817025490364,1
TCGA-AO-A128-01A-11R-A10J-07,-0.43670985480154206,1
TCGA-AR-A0U3-01A-11R-A109-07,-0.2963604902529646,1
TCGA-BH-A0DL-01A-11R-A115-07,-0.4239274044162199,0
TCGA-A7-A0D9-01A-31R-A056-07,-0.40073300625495495,1
TCGA-AN-A0FD-01A-11R-A034-07,-0.5240373315104662,1
TCGA-A2-A0YK-01A-22R-A109-07,-9.538385932597116,1
TCGA-BH-A1FH-01A-12R-A13Q-07,-0.4297155025604331,0
TCGA-C8-A12T-01A-11R-A115-07,-0.8826077383398486,0
TCGA-B6-A2IU-01A-32R-A18M-07,-0.4683421911088444,1
TCGA-4H-AAAK-01A-12R-A41B-07,-0.7522627207485053,1
TCGA-E2-A1IU-01A-11R-A14D-07,-0.618574640344089,1
TCGA-3C-AALK-01A-11R-A41B-07,-0.6611480829487895,0
TCGA-D8-A27M-01A-11R-A16F-07,-0.36440932053949354,1
TCGA-E2-A56Z-01A-12R-A29R-07,-0.39491901144975344,1
TCGA-AO-A1KQ-01A-11R-A13Q-07,-0.44498583536020436,1
TCGA-AR-A2LE-01A-11R-A180-07,-0.43280135205150827,0
TCGA-E2-A1BC-01A-11R-A12P-07,-0.46753574610199383,1
TCGA-BH-A0E6-01A-11R-A034-07,-0.2795081836821638,0
TCGA-AO-A0J2-01A-11R-A034-07,-0.5303529496932705,0
TCGA-A7-A6VX-01A-12R-A33J-07,-0.551269516748413,1
TCGA-E2-A1LI-01A-12R-A157-07,-0.40398999214118053,1
TCGA-AR-A1AT-01A-11R-A12P-07,-0.9500717842804627,1
TCGA-A7-A426-01A-22R-A24H-07,-0.4344449220091638,1
TCGA-A2-A25C-01A-11R-A169-07,-0.3735109835154061,1
TCGA-B6-A0RL-01A-11R-A084-07,-0.3788433604871063,1
TCGA-OK-A5Q2-01A-11R-A27Q-07,-0.7721789683326579,1
TCGA-E9-A244-01A-11R-A169-07,-0.31012324054124873,1
TCGA-E9-A1R6-01A-11R-A14D-07,-0.36883816167121874,0
TCGA-BH-A8G0-01A-11R-A352-07,-0.5272160385852772,1
TCGA-EW-A1IZ-01A-11R-A13Q-07,-0.48307144348360415,1
TCGA-AO-A0J5-01A-11R-A034-07,-0.5127390230669113,1
TCGA-E2-A1AZ-01A-11R-A12P-07,-0.4004926907136844,1
TCGA-B6-A0RE-01A-11R-A056-07,-0.3861022033837363,0
TCGA-A7-A4SE-01A-11R-A266-07,-0.3866084689928983,1
TCGA-LL-A740-01A-21R-A32P-07,-0.37543453297188806,1
TCGA-A8-A07R-01A-21R-A034-07,-0.21616707749620634,1
TCGA-S3-AA10-01A-21R-A41B-07,-0.42485606918306756,0
TCGA-A7-A4SF-01A-11R-A266-07,-0.5775769819295594,1
TCGA-A7-A0CG-01A-12R-A056-07,-0.6014559135920621,1
TCGA-E2-A1LS-01A-12R-A157-07,-0.10978666713935088,1
TCGA-AR-A24P-01A-11R-A169-07,-0.5772514465827449,1
TCGA-E9-A54Y-01A-11R-A466-07,0.00019031526618793477,1
TCGA-AO-A0JA-01A-11R-A056-07,-0.5219762892498648,1
TCGA-A8-A08A-01A-11R-A32Y-07,-0.6018261845249477,1
TCGA-AR-A24V-01A-21R-A169-07,-0.4971106154974946,1
TCGA-A2-A0CO-01A-13R-A22K-07,-0.40980974463486924,0
TCGA-E2-A15I-01A-21R-A137-07,-0.37870971251808194,1
TCGA-A2-A0SU-01A-11R-A084-07,-0.6111595438429966,1
TCGA-AC-A3OD-01A-11R-A21T-07,-0.07424973427935798,1
TCGA-AC-A3YJ-01A-11R-A22U-07,-0.25948294197247695,1
TCGA-AR-A0TZ-01A-12R-A084-07,-0.30315106197241726,1
TCGA-A2-A0D3-01A-11R-A115-07,-0.4206032915017342,1
TCGA-BH-A18L-01A-32R-A12D-07,-0.32237444364505036,1
TCGA-EW-A2FW-01A-11R-A17B-07,-0.3838846471616134,1
TCGA-A2-A0YL-01A-21R-A109-07,-0.6569506575642701,1
TCGA-E9-A54X-01A-11R-A266-07,-0.4220701065269901,1
TCGA-BH-A18F-01A-11R-A12D-07,-0.6680457541858024,0
TCGA-W8-A86G-01A-21R-A36F-07,-0.3958830953791732,1
TCGA-A8-A08T-01A-21R-A00Z-07,-0.6344145492010843,1
TCGA-BH-A1EX-01A-11R-A13Q-07,-0.5279037390095617,1
TCGA-A8-A08O-01A-21R-A056-07,-0.6086742065708007,1
TCGA-AC-A6IX-01A-12R-A32P-07,-0.7522439638476788,1
TCGA-C8-A27B-01A-11R-A169-07,-0.28594883195755705,1
TCGA-PL-A8LZ-01A-31R-A36F-07,-0.47739429135579775,1
TCGA-AR-A1AQ-01A-11R-A12P-07,-0.4780696934843706,1
TCGA-BH-A1FU-01A-11R-A14D-07,-9.44473018369345,0
TCGA-A2-A0SY-01A-31R-A084-07,-0.8298658244826422,1
TCGA-BH-A1EW-01A-11R-A137-07,-0.4415011780674846,1
TCGA-GM-A3NW-01A-21R-A22K-07,-0.48216759661506386,1
TCGA-BH-A0W4-01A-11R-A109-07,-0.7672549865239753,1
TCGA-AR-A1AS-01A-11R-A12P-07,-0.590754256190112,1
TCGA-EW-A1J6-01A-11R-A13Q-07,-0.1962070266696686,0
TCGA-AC-A6NO-01A-12R-A33J-07,-0.4922860545298434,1
TCGA-A7-A0CE-01A-11R-A00Z-07,-0.44126110595070117,1
TCGA-BH-A6R8-01A-21R-A33J-07,-0.27738257500408664,1
TCGA-EW-A1OY-01A-11R-A144-07,-0.5349580957650859,1
TCGA-BH-A0BS-01A-11R-A12P-07,-0.31980056844170346,1
TCGA-A7-A6VY-01A-12R-A33J-07,-0.3529638358008073,0
TCGA-A2-A0CK-01A-11R-A22K-07,-0.5503793622482199,1
TCGA-AO-A12H-01A-11R-A115-07,-0.4792689159274187,1
TCGA-C8-A12L-01A-11R-A115-07,-0.6281775893168938,1
TCGA-A1-A0SQ-01A-21R-A144-07,-0.43666684492893804,0
TCGA-A7-A56D-01A-11R-A27Q-07,0.03687443905579298,1
TCGA-A8-A09I-01A-22R-A034-07,-0.3878256993238517,1
TCGA-BH-A0DH-01A-11R-A084-07,-0.3745128029934135,1
TCGA-B6-A0X0-01A-21R-A115-07,-0.5417087332402719,1
TCGA-S3-AA12-01A-11R-A41B-07,-0.3236274695862404,0
TCGA-E2-A159-01A-11R-A115-07,-0.4513073913476586,1
TCGA-D8-A27V-01A-12R-A17B-07,-0.4615275635745632,1
TCGA-D8-A1JT-01A-31R-A13Q-07,-0.17147355165895575,0
TCGA-C8-A138-01A-11R-A115-07,-0.6672607382416027,1
TCGA-AO-A0J6-01A-11R-A034-07,-0.36734653386057176,1
TCGA-AR-A24R-01A-11R-A169-07,-0.5271218474073283,1
TCGA-AR-A0TY-01A-12R-A115-07,-0.2559043329972484,1
TCGA-E9-A1QZ-01A-21R-A169-07,-0.6316794574841887,1
TCGA-AR-A24W-01A-11R-A169-07,-0.4004604722223978,1
TCGA-LL-A5YP-01A-21R-A28M-07,-0.42423145725550376,1
TCGA-B6-A0WY-01A-11R-A109-07,-0.7793842692606487,1
TCGA-GM-A2DC-01A-11R-A18M-07,-0.1468233164296151,1
TCGA-A2-A4S2-01A-12R-A266-07,-0.5477153370102069,1
TCGA-A8-A09X-01A-11R-A00Z-07,-0.7010055168756252,1
TCGA-OL-A5RV-01A-12R-A28M-07,-0.6210420943440249,0
TCGA-E2-A14P-01A-31R-A12D-07,-0.5948569383505933,0
TCGA-C8-A8HQ-01A-11R-A36F-07,-0.5806158546912056,0
TCGA-AR-A0TP-01A-11R-A084-07,-0.3169541785469604,1
TCGA-A8-A09A-01A-11R-A00Z-07,-0.4732906832835772,1
TCGA-A8-A08L-01A-11R-A00Z-07,-0.6343057000846751,1
TCGA-A8-A08F-01A-11R-A00Z-07,-0.4844538149810355,1
TCGA-GI-A2C9-01A-11R-A21T-07,-0.4767694390574316,1
TCGA-A2-A0SW-01A-11R-A084-07,-0.5393519435331725,1
TCGA-LD-A7W5-01A-22R-A352-07,-0.3866693655833674,1
TCGA-D8-A27R-01A-11R-A16F-07,-0.481054793400262,1
TCGA-AO-A0JM-01A-21R-A056-07,-0.481830742548332,1
TCGA-GM-A2D9-01A-11R-A18M-07,-0.44917592324518624,1
TCGA-D8-A1XU-01A-11R-A14M-07,-0.518774555401786,1
TCGA-AO-A1KT-01A-11R-A13Q-07,-0.5013465349656178,0
TCGA-C8-A12P-01A-11R-A115-07,-0.7088158566867299,1
TCGA-LL-A6FR-01A-12R-A31O-07,-0.1626471496961019,1
TCGA-AR-A1AJ-01A-21R-A12P-07,-0.428073243031397,1
TCGA-A8-A09D-01A-11R-A00Z-07,-0.5382000200963272,1
TCGA-S3-A6ZF-01A-32R-A32P-07,-0.6246271716989106,1
TCGA-E2-A150-01A-11R-A12D-07,-0.36869028081795835,0
TCGA-BH-A18U-01A-21R-A12D-07,-0.5198064766957948,1
TCGA-BH-A0GY-01A-11R-A056-07,-0.4794165920850695,1
TCGA-AQ-A54N-01A-11R-A266-07,-0.16166185512874479,1
TCGA-C8-A273-01A-11R-A16F-07,-0.5156334104352014,0
TCGA-S3-AA14-01A-11R-A41B-07,-0.5531652788488887,1
TCGA-A7-A2KD-01A-31R-A21T-07,-0.46844125052710006,1
TCGA-C8-A131-01A-11R-A115-07,-0.445346019041714,1
TCGA-E2-A576-01A-11R-A31O-07,-0.10751391844195983,1
TCGA-A2-A0T4-01A-31R-A084-07,-0.8125379259308111,1
TCGA-A2-A04V-01A-21R-A034-07,-0.633821740507466,1
TCGA-AR-A0U0-01A-11R-A109-07,-0.384871048217701,1
TCGA-BH-A0BO-01A-23R-A12D-07,-0.5007150664995719,1
TCGA-A2-A3KC-01A-11R-A213-07,-0.6795396894484851,1
TCGA-BH-A18T-01A-11R-A12D-07,-0.24267747453261113,1
TCGA-EW-A1J2-01A-21R-A13Q-07,-0.6051590124413768,1
TCGA-A8-A084-01A-21R-A00Z-07,-0.5780054536083467,1
TCGA-A8-A08X-01A-21R-A00Z-07,-0.8927607001024899,0
TCGA-GM-A2DH-01A-11R-A180-07,-0.6753257897124868,0
TCGA-D8-A27L-01A-11R-A16F-07,-0.7400342026830342,1
TCGA-A7-A3IZ-01A-11R-A213-07,-0.4586142149202955,1
TCGA-AN-A04D-01A-21R-A034-07,-0.2199543379687625,1
TCGA-5L-AAT0-01A-12R-A41B-07,-0.6463277204048653,1
TCGA-AR-A1AU-01A-11R-A12P-07,-0.6309321401606945,1
TCGA-AC-A6IV-01A-12R-A33J-07,-0.5498685100875031,1
TCGA-E2-A15C-01A-31R-A12D-07,-0.606761213368679,1
TCGA-AO-A1KP-01A-11R-A13Q-07,-0.2413331511540588,1
TCGA-E2-A15G-01A-11R-A12D-07,-0.6352174040332761,1
TCGA-A2-A3KD-01A-12R-A213-07,-0.5867518210669187,1
TCGA-D8-A1X5-01A-11R-A14D-07,-0.40355630789112495,1
TCGA-AQ-A04L-01B-21R-A10J-07,-0.3314359814394044,1
TCGA-A8-A096-01A-11R-A00Z-07,-0.5696037273686294,1
TCGA-A2-A0YH-01A-11R-A109-07,-0.6451337924034471,1
TCGA-AN-A0FW-01A-11R-A034-07,-0.40626597714704826,0
TCGA-D8-A27H-01A-11R-A16F-07,-0.35572629125342425,1
TCGA-OL-A6VQ-01A-12R-A41B-07,-0.7809511359322592,1
TCGA-A7-A4SA-01A-11R-A266-07,-0.4990971495573797,1
TCGA-C8-A274-01A-11R-A16F-07,-0.5051060423672412,1
TCGA-E2-A15J-01A-11R-A12P-07,-0.5201685132831222,1
TCGA-BH-A0B3-01A-11R-A056-07,-0.5354274315756133,1
TCGA-E2-A153-01A-12R-A12D-07,-0.8025412775084682,1
TCGA-WT-AB44-01A-11R-A41B-07,-0.19251790097316798,1
TCGA-B6-A0RQ-01A-11R-A115-07,-9.59555004780905,1
TCGA-A2-A0YM-01A-11R-A109-07,-0.3104992760581488,1
TCGA-C8-A1HI-01A-11R-A137-07,-0.5122955532653067,0
TCGA-AC-A3TM-01A-11R-A22K-07,-0.1561679493891814,1
TCGA-A7-A0CD-01A-11R-A00Z-07,-0.38046172888566593,1
TCGA-D8-A145-01A-11R-A115-07,-0.6998171661557497,1
TCGA-BH-A0EB-01A-11R-A034-07,-0.6532567456419897,1
TCGA-AR-A0TV-01A-21R-A084-07,-0.3879459134890292,1
TCGA-E2-A15P-01A-11R-A115-07,-0.5419692902589311,1
TCGA-A2-A04T-01A-21R-A034-07,-0.3267073175314658,1
TCGA-E9-A2JT-01A-22R-A18M-07,-0.41401495310879066,1
TCGA-OL-A5RW-01A-11R-A28M-07,-0.14903025652930751,1
TCGA-PL-A8LV-01A-21R-A41B-07,-0.3715141315948643,1
TCGA-BH-A18M-01A-11R-A12D-07,-0.8156460409727662,0
TCGA-D8-A27N-01A-11R-A16F-07,-0.5450423117235969,1
TCGA-C8-A3M8-01A-11R-A213-07,-0.5229078209506369,1
TCGA-B6-A0WW-01A-11R-A109-07,-0.46420061260736756,1
TCGA-E9-A3X8-01A-31R-A22U-07,-0.1038019890140032,1
TCGA-C8-A133-01A-32R-A12D-07,-0.2119847738188295,1
TCGA-D8-A1X6-01A-11R-A14M-07,-0.48040512262129653,0
TCGA-A2-A04P-01A-31R-A034-07,-0.21899899717897828,1
TCGA-E9-A1N3-01A-12R-A157-07,-0.4309811369369561,1
TCGA-AN-A0XP-01A-11R-A109-07,-0.58376916697627,1
TCGA-E2-A1LK-01A-21R-A14D-07,-0.3227461774245102,1
TCGA-C8-A132-01A-31R-A115-07,-0.6714794161933726,1
TCGA-PE-A5DE-01A-11R-A27Q-07,-0.6474326477924996,1
TCGA-EW-A6SC-01A-12R-A32P-07,-0.8091101657102465,1
TCGA-BH-A0EI-01A-11R-A115-07,-0.4892695054824566,1
TCGA-A8-A08I-01A-11R-A00Z-07,-0.42391062816315983,1
TCGA-AO-A124-01A-11R-A10J-07,-0.30190955643224865,1
TCGA-AN-A0XR-01A-11R-A109-07,-0.4098992166551318,0
TCGA-BH-A204-01A-11R-A157-07,-0.12190704341569426,1
TCGA-AN-A0FF-01A-11R-A034-07,-0.729468927319329,1
TCGA-A2-A0T3-01A-21R-A115-07,-0.4231672679740988,0
TCGA-B6-A0RI-01A-11R-A056-07,-0.7257914651526934,1
TCGA-AO-A03R-01A-21R-A034-07,-9.304991467235165,1
TCGA-E9-A1RA-01A-11R-A14D-07,-0.7519486545367765,0
TCGA-AN-A0XV-01A-11R-A109-07,-0.7147564781030415,0
TCGA-E9-A1RI-01A-11R-A169-07,-0.5600451316909222,1
TCGA-A8-A07J-01A-11R-A00Z-07,-0.5908603535671288,1
TCGA-AC-A6IW-01A-12R-A33J-07,-0.33217752444148846,1
TCGA-3C-AALJ-01A-31R-A41B-07,-0.3192374083252889,0
TCGA-AN-A0XS-01A-22R-A109-07,-0.6935948318644765,0
TCGA-E9-A226-01A-21R-A157-07,-0.25617302627276867,1
TCGA-C8-A12K-01A-21R-A115-07,-0.414739080556939,1
TCGA-BH-A202-01A-11R-A14M-07,-0.41271817650530235,1
TCGA-OL-A66H-01A-11R-A29R-07,-0.4970245630563253,1
TCGA-E9-A1N9-01A-11R-A14D-07,-0.4086554482514544,1
TCGA-A2-A0T2-01A-11R-A084-07,-0.28577667533427414,1
TCGA-BH-A18H-01A-11R-A12D-07,-0.5923182460819326,1
TCGA-UU-A93S-01A-21R-A41B-07,-0.4175396685247081,1
TCGA-B6-A0RO-01A-22R-A084-07,-0.2116264097424245,1
TCGA-E2-A10E-01A-21R-A10J-07,-0.5920924888014572,1
TCGA-A7-A4SC-01A-12R-A266-07,-0.5075121531592162,1
TCGA-B6-A0WZ-01A-11R-A109-07,-0.46806958523048986,1
TCGA-A7-A6VW-01A-21R-A33J-07,-0.2449635694636939,1
TCGA-E2-A1B5-01A-21R-A12P-07,-0.4384770111543352,1
TCGA-A8-A092-01A-11R-A00Z-07,-0.48212815100091394,1
TCGA-C8-A1HK-01A-21R-A13Q-07,-0.46054805116145553,1
TCGA-BH-A0W3-01A-11R-A109-07,-0.5271562220356751,1
TCGA-A7-A0CH-01A-21R-A00Z-07,-0.661705402325764,0
TCGA-AR-A1AX-01A-11R-A12P-07,-0.5821029681025697,1
TCGA-EW-A1P0-01A-11R-A144-07,-0.43958355729852067,1
TCGA-E9-A1NI-01A-11R-A14D-07,-0.6629992646669524,1
TCGA-AO-A12E-01A-11R-A10J-07,-0.7320705706619238,0
TCGA-D8-A1XJ-01A-11R-A14M-07,-0.6408800639152719,0
TCGA-B6-A0I6-01A-11R-A034-07,-0.390199858325729,1
TCGA-E9-A1RH-01A-21R-A169-07,-0.4201371926807911,1
TCGA-BH-A18Q-01A-12R-A12D-07,-0.4158656831955648,1
TCGA-AO-A0JI-01A-21R-A056-07,-0.33680217489913716,1
TCGA-A2-A0CL-01A-11R-A115-07,-9.496309666400142,1
TCGA-E2-A155-01A-11R-A12D-07,-0.2951768223890395,0
TCGA-B6-A0I8-01A-11R-A034-07,-0.31316733840067884,1
TCGA-E2-A14X-01A-11R-A115-07,-0.4676499153746647,1
TCGA-AC-A3YI-01A-21R-A239-07,-9.551502701969987,1
TCGA-AR-A1AI-01A-11R-A12P-07,-0.28234178872469357,1
TCGA-D8-A1JK-01A-11R-A13Q-07,-0.420938827822061,1
TCGA-BH-A0C3-01A-21R-A12P-07,-0.6360313708347266,1
TCGA-A8-A09C-01A-11R-A00Z-07,-0.6104538962175735,1
TCGA-LL-A50Y-01A-11R-A266-07,-0.21078275965323068,1
TCGA-BH-A0B0-01A-21R-A115-07,-0.6706223252581783,1
TCGA-OL-A66L-01A-12R-A31O-07,-0.1118884255577054,1
TCGA-BH-A0AW-01A-11R-A056-07,-0.9268374050719862,1
TCGA-D8-A1X8-01A-11R-A14M-07,-0.6200951545689607,1
TCGA-D8-A1JE-01A-11R-A13Q-07,-0.2669150461230859,1
TCGA-BH-A1EO-01A-11R-A137-07,-0.4365241309544503,1
TCGA-BH-A0HU-01A-11R-A034-07,-0.4097585400353726,0
TCGA-BH-A0H7-01A-13R-A056-07,-0.495870570697344,0
TCGA-E9-A22D-01A-11R-A157-07,-0.5700515108320137,1
TCGA-3C-AAAU-01A-11R-A41B-07,-0.37487160937930664,0
TCGA-BH-A1FJ-01A-11R-A13Q-07,-0.46497619159516124,0
TCGA-A8-A06P-01A-11R-A00Z-07,-0.7417012450973367,1
TCGA-A2-A25B-01A-11R-A169-07,-0.4016182952670799,1
TCGA-AC-A2BM-01A-11R-A21T-07,-0.46016322623366274,0
TCGA-E9-A6HE-01A-11R-A31O-07,-0.2161734383269746,1
TCGA-AO-A03O-01A-11R-A00Z-07,-0.3908689357752631,0
TCGA-A2-A0EU-01A-22R-A056-07,-0.4678078251413892,1
TCGA-A8-A06O-01A-11R-A00Z-07,-0.6027614778095537,1
TCGA-BH-A0BT-01A-11R-A12P-07,-0.35666872171163083,1
TCGA-A2-A0YT-01A-11R-A109-07,-0.4277248974431643,1
TCGA-E2-A14R-01A-11R-A115-07,-0.3081837240585775,1
TCGA-B6-A0IC-01A-11R-A034-07,-0.4681015393471281,1
TCGA-AC-A5XU-01A-11R-A28M-07,-0.44343946282464003,0
TCGA-AR-A250-01A-31R-A169-07,-0.5312949017873634,1
TCGA-D8-A1XZ-01A-11R-A14M-07,-0.426501431040776,1
TCGA-B6-A0I9-01A-11R-A034-07,-0.5984360754463914,1
TCGA-B6-A0IA-01A-11R-A034-07,-0.15898273901047916,1
TCGA-E2-A14N-01A-31R-A137-07,-0.2614750462972484,1
TCGA-PL-A8LY-01A-11R-A41B-07,-9.510228609541407,1
TCGA-LL-A441-01A-11R-A24H-07,-9.409396186890136,0
TCGA-A8-A08S-01A-11R-A034-07,-0.47894829104901293,1
TCGA-A8-A09V-01A-11R-A034-07,-0.3454358842573306,0
TCGA-BH-A209-01A-11R-A157-07,-0.38398759316430675,1
TCGA-GM-A5PX-01A-12R-A28M-07,-0.5103790607157652,1
TCGA-A8-A085-01A-11R-A00Z-07,-0.4598175198353846,1
TCGA-A2-A25E-01A-11R-A169-07,-0.48910694438437,1
TCGA-D8-A1JG-01B-11R-A13Q-07,-0.6762845560549887,1
TCGA-AC-A2FO-01A-11R-A180-07,-0.7589833528569915,1
TCGA-B6-A3ZX-01A-11R-A239-07,-0.4187607277688612,1
TCGA-AN-A0FT-01A-11R-A034-07,-0.2641719476194911,1
TCGA-AQ-A04H-01B-11R-A10J-07,-0.3814903118947342,1
TCGA-AR-A1AR-01A-31R-A137-07,-0.29747440312919843,1
TCGA-A2-A0CS-01A-11R-A115-07,-0.5375229408058689,1
TCGA-A2-A1FZ-01A-51R-A14D-07,-0.6748873101199145,1
TCGA-AC-A8OQ-01A-11R-A41B-07,-0.40574170860038455,0
TCGA-AR-A0TR-01A-11R-A084-07,-0.31558529068785546,1
TCGA-C8-A12M-01A-11R-A115-07,-0.24953445675170724,0
TCGA-A1-A0SM-01A-11R-A084-07,-0.5521799673355245,0
TCGA-BH-A1ET-01A-11R-A137-07,-0.38990457226321845,1
TCGA-A8-A0A1-01A-11R-A00Z-07,-0.6843533175581287,1
TCGA-C8-A1HG-01A-11R-A137-07,-0.30274853766576093,1
TCGA-E9-A1NF-01A-11R-A14D-07,-0.5638906060702116,0
TCGA-A2-A0D4-01A-11R-A00Z-07,-0.3974176390230039,0
TCGA-BH-A2L8-01A-11R-A18M-07,-0.771563835764613,1
TCGA-A8-A093-01A-11R-A00Z-07,-0.5556460037985682,0
TCGA-D8-A1Y3-01A-11R-A157-07,-0.19735984676401647,0
TCGA-AR-A1AY-01A-21R-A12P-07,-0.27974377450095167,1
TCGA-AO-A12F-01A-11R-A115-07,-0.37380401159328125,0
TCGA-AN-A0FL-01A-11R-A034-07,-0.12389040642905887,0
TCGA-AR-A0TQ-01A-11R-A084-07,-0.5571162757222593,1
TCGA-A2-A0CP-01A-11R-A034-07,-0.5995563669501095,1
TCGA-AO-A129-01A-21R-A10J-07,-0.43409617668320677,1
TCGA-D8-A1JH-01A-11R-A13Q-07,-0.6667982835689884,0
TCGA-BH-A18K-01A-11R-A12D-07,-0.705346935094192,0
TCGA-B6-A0IM-01A-11R-A034-07,-0.4504716431047293,1
TCGA-AO-A0J4-01A-11R-A034-07,-0.5111100638992188,1
TCGA-AR-A1AW-01A-21R-A12P-07,-0.41349996753559115,1
TCGA-AC-A62Y-01A-11R-A29R-07,-0.4079348382465101,1
TCGA-A1-A0SH-01A-11R-A084-07,-0.47011716759370054,0
TCGA-A8-A08C-01A-11R-A00Z-07,-0.37894404852613384,1
TCGA-A2-A3XU-01A-12R-A22U-07,-0.09657091468226287,0
TCGA-E2-A1LB-01A-11R-A144-07,-0.6316485209592339,1
TCGA-D8-A1JJ-01A-31R-A14M-07,-0.5028333363295996,1
TCGA-AN-A049-01A-21R-A00Z-07,-0.5133620479333252,1
TCGA-A1-A0SN-01A-11R-A144-07,-0.5543302234571167,1
TCGA-EW-A1IW-01A-11R-A13Q-07,-0.6773647795767759,0
TCGA-LQ-A4E4-01A-11R-A266-07,-0.3889249670964948,0
TCGA-E9-A5UP-01A-11R-A28M-07,-0.1780546974145557,1
TCGA-EW-A1IY-01A-11R-A13Q-07,-0.2198361528379443,1
TCGA-AN-A0XW-01A-11R-A109-07,-0.5919613277382483,1
TCGA-AR-A24S-01A-11R-A169-07,-0.4506581224892413,1
TCGA-AR-A2LM-01A-11R-A180-07,-0.5035046457420903,0
TCGA-E9-A1NE-01A-21R-A14M-07,-0.5851521270883333,1
TCGA-LL-A9Q3-01A-11R-A41B-07,-0.13323776344851376,1
TCGA-AC-A8OP-01A-11R-A36F-07,-0.4480595247168388,1
TCGA-E2-A572-01A-13R-A31O-07,0.040319286112072965,0
TCGA-B6-A0IP-01A-11R-A034-07,-0.8864892264787129,0
TCGA-C8-A135-01A-11R-A115-07,-0.8349761136346711,1
TCGA-D8-A1XL-01A-11R-A14M-07,-0.3944891413331167,1
TCGA-EW-A1PC-01B-11R-A21T-07,-0.3983945299938123,1
TCGA-AO-A03M-01B-11R-A10J-07,-0.46331544571700484,1
TCGA-AN-A0FN-01A-11R-A034-07,-0.5466326358656846,1
TCGA-A7-A4SD-01A-11R-A266-07,-0.47081863305636834,1
TCGA-BH-A0HN-01A-11R-A10U-07,-0.20495832625657492,1
TCGA-S3-A6ZH-01A-22R-A32P-07,-0.2902660389498115,1
TCGA-AC-A3QP-01A-11R-A22U-07,-0.38896609355377254,1
TCGA-5L-AAT1-01A-12R-A41B-07,-0.5430996863425058,1
TCGA-AN-A0FY-01A-11R-A034-07,-0.3871341344660849,1
TCGA-BH-A0BA-01A-11R-A056-07,-0.58444150325772,1
TCGA-A2-A0CU-01A-12R-A034-07,-0.4987813482680779,0
TCGA-D8-A143-01A-11R-A115-07,-0.31797878717207295,1
TCGA-BH-A0DE-01A-11R-A115-07,-0.6529409524983737,1
TCGA-A2-A0EO-01A-11R-A034-07,-0.7188857112468516,0
TCGA-AO-A0JF-01A-11R-A056-07,-0.6248620540039328,1
TCGA-A8-A09E-01A-11R-A00Z-07,-0.30898873551151296,0
TCGA-BH-A0AZ-01A-21R-A12P-07,-0.608114855883277,1
TCGA-GM-A2DN-01A-11R-A180-07,-0.8037241512209707,0
TCGA-E2-A15T-01A-11R-A115-07,-0.4041636922858714,1
TCGA-BH-A1F6-01A-11R-A13Q-07,-0.5031555148744785,1
TCGA-BH-A0DX-01A-11R-A115-07,-0.7083350750799975,1
TCGA-EW-A3U0-01A-11R-A22K-07,-0.352399247288752,1
TCGA-BH-A0DV-01A-21R-A12P-07,-0.6053305619719908,1
TCGA-AC-A3TN-01A-11R-A22K-07,-0.21925723175251438,1
TCGA-A1-A0SK-01A-12R-A084-07,-0.1661155093226601,1
TCGA-B6-A0X5-01A-21R-A109-07,-0.42211925777075104,1
TCGA-A2-A0YC-01A-11R-A109-07,-0.6780703534693207,1
TCGA-A2-A0CZ-01A-11R-A034-07,-9.570294560073739,1
TCGA-C8-A27A-01A-11R-A169-07,-0.2525921662228204,1
TCGA-AR-A1AP-01A-11R-A12P-07,-0.6552241174920066,1
TCGA-BH-A0B4-01A-11R-A00Z-07,-0.4914305883504772,1
TCGA-BH-A0BV-01A-11R-A00Z-07,-0.6142234757502623,1
TCGA-AN-A0XO-01A-11R-A109-07,-0.6572021378771389,1
TCGA-AC-A2QJ-01A-12R-A19W-07,0.04341666203969948,1
TCGA-GM-A2DD-01A-11R-A180-07,-9.437346148728503,1
TCGA-AR-A1AV-01A-21R-A12P-07,-0.5165037029907228,1
TCGA-D8-A1XF-01A-11R-A14D-07,-0.25952747451059927,1
TCGA-LL-A6FP-01A-11R-A31O-07,-0.06284596138706604,1
TCGA-D8-A1XA-01A-11R-A14D-07,-0.2954815112776147,1
TCGA-C8-A26V-01A-11R-A16F-07,-0.5018175144967489,0
TCGA-PE-A5DC-01A-12R-A27Q-07,-0.35316133259533067,1
TCGA-E2-A1LH-01A-11R-A14D-07,-0.28265677419432117,1
TCGA-BH-A0B9-01A-11R-A056-07,-0.3248426160847196,1
TCGA-E9-A1N8-01A-11R-A144-07,-0.24144084076585506,0
TCGA-AC-A62V-01A-11R-A31O-07,-0.07961786771044913,1
TCGA-EW-A1PH-01A-11R-A14M-07,-0.3425564343794823,1
TCGA-AR-A5QP-01A-11R-A28M-07,-0.8162132390414067,1
TCGA-BH-A5J0-01A-11R-A27Q-07,-0.2547645596305161,1
TCGA-A1-A0SB-01A-11R-A144-07,-9.395613183403183,1
TCGA-B6-A0IK-01A-12R-A056-07,-0.7703479901515893,1
TCGA-A8-A06Q-01A-11R-A034-07,-0.3012182570976017,1
TCGA-AR-A2LH-01A-31R-A18M-07,-9.606744149234197,1
TCGA-AR-A24Z-01A-11R-A169-07,-0.39986418156536724,1
TCGA-Z7-A8R5-01A-42R-A41B-07,-0.3407210475044707,1
TCGA-A8-A0A9-01A-11R-A00Z-07,-0.6583788658856597,1
TCGA-D8-A1JA-01A-11R-A13Q-07,-0.32162804876416945,1
TCGA-AN-A0FK-01A-11R-A034-07,-0.3488195349361493,1
TCGA-GM-A2DL-01A-11R-A18M-07,-0.5878930712489394,0
TCGA-EW-A1P6-01A-11R-A144-07,-0.6217353409090246,1
TCGA-BH-A0EA-01A-11R-A115-07,-0.6494404776446776,1
TCGA-BH-A8FY-01A-11R-A36F-07,-0.22141381388112702,1
TCGA-E2-A1L9-01A-11R-A13Q-07,-0.6825849189373192,1
TCGA-E9-A1R2-01A-11R-A14D-07,-0.5133090094569622,1
TCGA-AC-A2FM-01A-11R-A19W-07,-0.3135236947274151,1
TCGA-E2-A108-01A-13R-A10J-07,-9.638913003495915,1
TCGA-OL-A66O-01A-11R-A31O-07,-0.11888747780266182,1
TCGA-C8-A275-01A-21R-A16F-07,-0.7910985311381808,1
TCGA-B6-A0IO-01A-11R-A034-07,-0.49854081755656027,0
TCGA-BH-A0HO-01A-11R-A034-07,-0.508163833721796,1
TCGA-EW-A1P8-01A-11R-A144-07,-0.4188037160273885,1
TCGA-A2-A0D0-01A-11R-A00Z-07,-0.27292632940841144,1
TCGA-A2-A0SX-01A-12R-A084-07,-0.4831438688902928,1
TCGA-D8-A27I-01A-11R-A16F-07,-0.7689789969012266,1
TCGA-EW-A2FS-01A-11R-A17B-07,-0.3277808105241377,1
TCGA-Z7-A8R6-01A-11R-A41B-07,-0.46561932852805626,1
TCGA-E2-A15O-01A-11R-A115-07,-0.38873898600843576,1
TCGA-V7-A7HQ-01A-11R-A33J-07,-0.05749495958039833,1
TCGA-C8-A12W-01A-11R-A115-07,-0.5085496451147113,1
TCGA-A7-A3IY-01A-21R-A21T-07,-0.5870700832004194,1
TCGA-A8-A08B-01A-11R-A00Z-07,-0.6908063678008549,0
TCGA-5T-A9QA-01A-11R-A41B-07,-0.28817236841000576,1
TCGA-E2-A106-01A-11R-A10J-07,-0.33128841593557556,1
TCGA-E2-A1B6-01A-31R-A12P-07,-0.37004305674157617,1
TCGA-AC-A2FF-01A-11R-A17B-07,-0.615493355518299,1
TCGA-EW-A1PA-01A-11R-A144-07,-0.4862829140445647,0
TCGA-D8-A27T-01A-11R-A16F-07,-0.8594742218471227,1
TCGA-LD-A66U-01A-11R-A31O-07,-0.3076636462500091,1
TCGA-A8-A07Z-01A-11R-A00Z-07,-0.25431568747837596,0
TCGA-AR-A1AO-01A-11R-A12P-07,-9.617548854729376,1
TCGA-E2-A573-01A-11R-A29R-07,-0.43757917159870197,0
TCGA-AC-A2FB-01A-11R-A17B-07,-0.6372854835871025,1
TCGA-AN-A0G0-01A-11R-A034-07,-0.35866806481677826,1
TCGA-BH-A0H5-01A-21R-A115-07,-0.8177091953217093,0
TCGA-A8-A07S-01A-11R-A034-07,-0.5504621065299036,1
TCGA-E9-A3QA-01A-61R-A22K-07,-0.42669006645612106,1
TCGA-A1-A0SI-01A-11R-A144-07,-0.6969469422539029,1
TCGA-A8-A09W-01A-11R-A00Z-07,-0.3517019895622937,0
TCGA-BH-A1F0-01A-11R-A137-07,-0.4445684740857288,1
TCGA-A2-A0D2-01A-21R-A034-07,-0.35740669533550057,0
TCGA-OL-A5D8-01A-11R-A27Q-07,-0.41411310772596777,1
TCGA-BH-A18G-01A-11R-A12D-07,-0.42213653838940673,0
TCGA-A2-A0YI-01A-31R-A10J-07,-0.5269085005488836,1
TCGA-A8-A0A4-01A-11R-A00Z-07,-0.5943923350298782,1
TCGA-A7-A425-01A-11R-A24H-07,-0.3321496457553653,1
TCGA-E9-A22A-01A-11R-A157-07,-0.5082187581167579,1
TCGA-A8-A08J-01A-11R-A00Z-07,-0.9761932129175995,1
TCGA-A2-A3Y0-01A-11R-A239-07,-0.22932327046308026,1
TCGA-AC-A2BK-01A-11R-A21T-07,-0.19505075139948075,0
TCGA-B6-A0IN-01A-11R-A034-07,-0.3424230600737527,1
TCGA-D8-A1JD-01A-11R-A13Q-07,-0.5899685294210016,1
TCGA-GM-A2DK-01A-21R-A180-07,-0.40823086800121666,0
TCGA-OL-A5RX-01A-11R-A28M-07,-0.6654180883352183,1
TCGA-A8-A08Z-01A-21R-A00Z-07,-0.6615568963760949,1
TCGA-A2-A0YD-01A-11R-A109-07,-0.6746736834281821,0
TCGA-A7-A3J1-01A-11R-A213-07,-0.4831510515133631,1
TCGA-BH-A1FD-01A-11R-A13Q-07,-0.4305583152910078,1
TCGA-A2-A0D1-01A-11R-A034-07,-0.572378650391974,1
TCGA-BH-A0BL-01A-11R-A115-07,-0.522120221685118,1
TCGA-E2-A1IH-01A-11R-A13Q-07,-0.39618193009064334,1
TCGA-AR-A0TU-01A-31R-A109-07,-0.23530125472420352,1
TCGA-AC-A2FG-01A-11R-A17B-07,-0.7315364075528801,0
TCGA-GM-A4E0-01A-12R-A266-07,-0.3234880350288027,1
TCGA-AC-A3W7-01A-11R-A22K-07,-0.4494341218642683,0
TCGA-A8-A083-01A-21R-A00Z-07,-0.4302065281416676,1
TCGA-A2-A0EN-01A-13R-A084-07,-0.6850918919336993,1
TCGA-D8-A1Y0-01A-11R-A14M-07,-0.44779497744807994,1
TCGA-AR-A1AK-01A-21R-A12P-07,-0.6899730178095552,0
TCGA-AC-A7VC-01A-11R-A352-07,-0.20368985867849726,0
TCGA-A7-A0CJ-01A-21R-A00Z-07,-0.371660543952793,1
TCGA-AO-A03U-01B-21R-A10J-07,-9.48656698036515,1
TCGA-E2-A2P5-01A-11R-A19W-07,-0.3765753948387282,1
TCGA-E2-A15S-01A-11R-A115-07,-0.2280933342721297,1
TCGA-A1-A0SJ-01A-11R-A084-07,-0.43052278120635906,1
TCGA-A2-A04N-01A-11R-A115-07,-0.8084324794906451,1
TCGA-B6-A401-01A-11R-A239-07,-0.3851202667169058,1
TCGA-D8-A1JU-01A-11R-A13Q-07,-0.5783017147347816,1
TCGA-B6-A40B-01A-11R-A239-07,-0.41201496306376606,1
TCGA-LD-A9QF-01A-32R-A41B-07,-9.536621046820564,1
TCGA-AO-A03T-01A-21R-A034-07,-9.304368748237822,1
TCGA-E9-A3Q9-01A-11R-A21T-07,-0.5437365809897567,1
TCGA-D8-A1JP-01A-11R-A13Q-07,-0.5195279376203755,1
TCGA-BH-A18I-01A-11R-A12D-07,-0.7039256436720178,1
TCGA-BH-A28Q-01A-11R-A16F-07,-0.6492904203242418,1
TCGA-EW-A1OW-01A-21R-A144-07,-0.4603102906424461,1
TCGA-BH-A18R-01A-11R-A12D-07,-0.6202421060804405,1
TCGA-AO-A0J8-01A-21R-A034-07,-0.646255425696024,1
TCGA-AC-A3BB-01A-21R-A19W-07,-0.5826210390647582,1
TCGA-E9-A247-01A-11R-A169-07,-0.34562578059617105,1
TCGA-D8-A73U-01A-11R-A33J-07,-0.4339146996825094,1
TCGA-BH-A18V-01A-11R-A12D-07,-0.3401274947703444,1
TCGA-BH-A0C1-01B-11R-A12D-07,-0.49250704606078033,1
TCGA-AC-A3W6-01A-12R-A22K-07,-0.4509795424913774,1
TCGA-BH-A1FR-01A-11R-A13Q-07,-0.5425501631497475,0
TCGA-A2-A1G0-01A-11R-A13Q-07,-0.44819453724138686,1
TCGA-BH-A0DQ-01A-11R-A084-07,-0.810699087993948,1
TCGA-A2-A0ER-01A-21R-A034-07,-0.3433135217887016,1
TCGA-D8-A27P-01A-11R-A16F-07,-0.6663447139281206,1
TCGA-B6-A1KN-01A-11R-A13Q-07,-0.4975213222098485,1
TCGA-E9-A228-01A-31R-A157-07,-0.4122647025610168,1
TCGA-BH-A0B2-01A-11R-A10J-07,-0.7486747180416874,0
TCGA-B6-A0X4-01A-11R-A109-07,-0.4122193390732966,1
TCGA-BH-A1EY-01A-11R-A13Q-07,-0.4439846352022771,0
TCGA-BH-A0HX-01A-21R-A056-07,-0.6348199011891734,0
TCGA-A8-A094-01A-11R-A00Z-07,-0.7250363885470982,1
TCGA-AO-A1KR-01A-12R-A144-07,-0.147117378007493,1
TCGA-A2-A0CV-01A-31R-A115-07,-0.6776840886227719,0
TCGA-A8-A076-01A-21R-A00Z-07,-0.6204826670894833,1
TCGA-E9-A1RE-01A-11R-A157-07,-0.4267946681935888,1
TCGA-S3-A6ZG-01A-22R-A32P-07,-0.5370852819942731,1
TCGA-A8-A06Z-01A-11R-A00Z-07,-0.3372797403165809,1
TCGA-BH-A8FZ-01A-11R-A352-07,-9.463545341016397,1
TCGA-LL-A440-01A-11R-A24H-07,-0.39363602614298265,0
TCGA-E9-A249-01A-11R-A169-07,-0.5196798277260559,1
TCGA-PL-A8LX-01A-11R-A41B-07,-0.22632346658365712,1
TCGA-E2-A1L8-01A-11R-A13Q-07,-0.43431246078385133,1
TCGA-EW-A6SD-01A-12R-A33J-07,-0.7789621449183939,1
TCGA-AO-A0JL-01A-11R-A056-07,-0.1936626477113604,1
TCGA-MS-A51U-01A-31R-A266-07,-0.5624987641279133,1
TCGA-BH-A0E7-01A-11R-A034-07,-0.41387332087732803,1
TCGA-E9-A22G-01A-11R-A157-07,-0.2260487418833933,0
TCGA-A8-A08R-01A-11R-A034-07,-0.3727373553396373,1
TCGA-A2-A4S1-01A-21R-A266-07,-0.15037849163676895,1
TCGA-E2-A1II-01A-11R-A144-07,-0.3255313689549439,0
TCGA-A7-A3J0-01A-11R-A213-07,-0.501655266149299,1
TCGA-BH-A0B8-01A-21R-A056-07,-0.40976294063823365,1
TCGA-AR-A24L-01A-11R-A169-07,-0.33368681594967964,1
TCGA-EW-A1J3-01A-11R-A13Q-07,-0.2814362544341891,1
TCGA-AR-A5QM-01A-11R-A27Q-07,-0.5444723542052317,1
TCGA-AO-A1KS-01A-11R-A13Q-07,-0.11307097269748785,1
TCGA-D8-A1JI-01A-11R-A13Q-07,-0.3028912033570665,1
TCGA-A8-A09N-01A-11R-A00Z-07,-0.40046230191155585,1
TCGA-BH-A203-01A-12R-A169-07,-0.7901876134092342,1
TCGA-AR-A2LQ-01A-22R-A18M-07,-9.59179916092166,1
TCGA-AR-A251-01A-12R-A169-07,-0.23015368579834747,1
TCGA-BH-A18J-01A-11R-A12D-07,-0.6209787975292866,1
TCGA-D8-A1XM-01A-21R-A14M-07,-0.6781201110672094,1
TCGA-BH-A0HA-01A-11R-A12P-07,-0.5135670301896609,0
TCGA-AR-A0U2-01A-11R-A109-07,-0.278654907204715,1
TCGA-E2-A1B1-01A-21R-A12P-07,-0.37014300958891966,1
TCGA-AC-A62X-01A-11R-A29R-07,-0.26416921067255256,1
TCGA-A7-A5ZW-01A-12R-A29R-07,-0.7188019891766779,1
TCGA-BH-A28O-01A-11R-A22K-07,-9.522006457538652,1
TCGA-D8-A1XQ-01A-11R-A14M-07,-0.39790212578040884,1
TCGA-E9-A248-01A-11R-A169-07,-0.7571357118225276,1
TCGA-A8-A07E-01A-11R-A034-07,-0.6680216089450054,1
TCGA-AC-A23E-01A-11R-A157-07,-0.6031720988843002,1
TCGA-E9-A1N4-01A-11R-A14M-07,-0.4824037830860086,1
TCGA-E2-A15H-01A-11R-A12D-07,-0.5330005800974134,1
TCGA-E2-A1IJ-01A-11R-A144-07,-0.717803491720697,1
TCGA-D8-A1XR-01A-11R-A14M-07,-0.4527844729580957,0
TCGA-A8-A075-01A-11R-A084-07,-0.5564738088636286,1
TCGA-A8-A06U-01A-11R-A00Z-07,-0.4107904027680845,1
TCGA-B6-A0X7-01A-11R-A10J-07,-0.6943396013298153,1
TCGA-AQ-A04J-01A-02R-A034-07,-0.4689643465595567,1
TCGA-A2-A0CQ-01A-21R-A034-07,-0.39244807087481864,0
TCGA-A8-A07F-01A-11R-A00Z-07,-0.3991467741703284,1
TCGA-A8-A082-01A-11R-A00Z-07,-0.46783438621497925,1
TCGA-AN-A0XT-01A-11R-A109-07,-0.35410737057591624,1
TCGA-AR-A24X-01A-11R-A169-07,-0.5047249219736489,1
TCGA-A2-A04Y-01A-21R-A034-07,-0.5608763804377299,0
TCGA-A2-A1G4-01A-11R-A13Q-07,-0.3831265531231199,1
TCGA-B6-A0IE-01A-11R-A034-07,-0.24817478296920636,1
TCGA-A8-A079-01A-21R-A00Z-07,-0.40780602609410355,1
TCGA-E2-A15E-01A-11R-A12D-07,-0.7595236721217955,1
TCGA-E9-A1R3-01A-31R-A14M-07,-0.5468983213968382,0
TCGA-AR-A0TT-01A-31R-A084-07,-0.5773046148451045,1
TCGA-S3-AA0Z-01A-11R-A41B-07,-0.26712077591451,1
TCGA-BH-A0E1-01A-11R-A056-07,-0.6003013297873434,1
TCGA-AC-A23G-01A-11R-A213-07,-0.5886134382212276,0
TCGA-GM-A3XG-01A-31R-A24H-07,-0.4271730182629685,1
TCGA-AR-A1AM-01A-41R-A22K-07,-0.7181825836369041,1
TCGA-E9-A1N5-01A-11R-A14D-07,-0.7570358631462686,1
TCGA-A2-A3XX-01A-21R-A239-07,-0.3362875924650464,1
TCGA-BH-A0BQ-01A-21R-A115-07,-0.7670722699157104,1
TCGA-EW-A1P7-01A-21R-A144-07,-9.48575022173443,1
TCGA-BH-A5IZ-01A-11R-A27Q-07,-0.3019629097323945,1
TCGA-D8-A1X7-01A-11R-A14M-07,-0.4598428578349695,1
TCGA-BH-A0DP-01A-21R-A056-07,-0.7587870182272043,1
TCGA-AC-A7VB-01A-11R-A352-07,-0.3117814203568658,1
TCGA-A2-A0ST-01A-12R-A084-07,-0.5990486260686207,1
TCGA-A2-A0ES-01A-11R-A115-07,-0.5586513237290797,1
TCGA-BH-A0DT-01A-21R-A12D-07,-0.7938626742669589,0
TCGA-AN-A0AR-01A-11R-A00Z-07,-0.2306292096006623,1
TCGA-A2-A0YJ-01A-11R-A109-07,-0.2622768990366451,1
TCGA-D8-A4Z1-01A-21R-A266-07,-0.6005978115662072,1
TCGA-AO-A0JC-01A-11R-A056-07,-0.2550867700422805,1
TCGA-A2-A04Q-01A-21R-A034-07,-0.5034501867260724,1
TCGA-GM-A2DF-01A-11R-A180-07,-0.3835049889070466,0
TCGA-GM-A2DI-01A-31R-A18M-07,-0.620492754541462,0
TCGA-LL-A5YO-01A-21R-A28M-07,-0.628057019822679,1
TCGA-EW-A3E8-01B-11R-A24H-07,-0.5074503165549823,1
TCGA-BH-A0E9-01B-11R-A115-07,-0.5471543727302042,1
TCGA-AR-A1AH-01A-11R-A12D-07,-0.25426569035297936,1
TCGA-E2-A10A-01A-21R-A115-07,-0.5402953852358312,1
TCGA-C8-A1HF-01A-11R-A137-07,-0.725118758270986,1
TCGA-A7-A13H-01A-11R-A22K-07,-0.5583065867093779,1
TCGA-A7-A13F-01A-11R-A12P-07,-0.39727397437819717,1
TCGA-D8-A1XV-01A-11R-A14M-07,-0.2741843928701472,1
TCGA-E2-A574-01A-11R-A29R-07,-0.19772235652827344,1
TCGA-GM-A5PV-01A-11R-A28M-07,-0.5427560191140204,1
TCGA-EW-A1PB-01A-11R-A144-07,-0.3341691472091304,1
TCGA-E2-A1IO-01A-11R-A144-07,-0.5550119874263902,0
TCGA-B6-A0RH-01A-21R-A115-07,-0.7248522784161965,0
TCGA-BH-A0B7-01A-12R-A115-07,-0.8601406939270174,1
TCGA-C8-A137-01A-11R-A115-07,-0.5454434359084768,1
TCGA-LL-A8F5-01A-11R-A36F-07,-0.24362542891929365,0
TCGA-AQ-A0Y5-01A-11R-A14M-07,-0.32673477218141567,1
TCGA-D8-A13Z-01A-11R-A115-07,-0.7370186028404468,1
TCGA-A2-A4RX-01A-11R-A266-07,-0.38068556926226615,1
TCGA-AR-A24U-01A-11R-A169-07,-0.7557525026487825,1
TCGA-E2-A105-01A-11R-A10J-07,-0.4056236832945362,1
TCGA-C8-A1HN-01A-11R-A137-07,-0.4183991713787628,1
TCGA-BH-A18S-01A-11R-A12D-07,-0.42085963299069606,1
TCGA-E2-A14Q-01A-11R-A12D-07,-0.6840394156862019,1
TCGA-A7-A0DA-01A-31R-A115-07,-0.4149026425013371,1
TCGA-EW-A1P4-01A-21R-A144-07,-0.3201952191507599,1
TCGA-A8-A081-01A-11R-A00Z-07,-0.4222728346662595,0
TCGA-BH-A0E0-01A-11R-A056-07,-0.2807115065577559,1
TCGA-OL-A66N-01A-12R-A31O-07,-0.201935864444137,1
TCGA-E2-A2P6-01A-11R-A19W-07,-0.36973273940151025,1
TCGA-BH-A0DK-01A-21R-A056-07,-0.6733375344829792,0
TCGA-E9-A5UO-01A-11R-A28M-07,-0.31695654281598823,1
TCGA-D8-A1JC-01A-11R-A13Q-07,-0.5318808099557768,1
TCGA-C8-A134-01A-11R-A115-07,-0.39705323182898644,0
TCGA-A2-A3XT-01A-11R-A22U-07,-0.27585342116590644,0
TCGA-AR-A256-01A-11R-A169-07,-0.2697354930700428,1
TCGA-D8-A1JL-01A-11R-A13Q-07,-0.3805600902289365,0
TCGA-E9-A24A-01A-11R-A169-07,-0.4172029611386887,0
TCGA-A2-A3XZ-01A-42R-A239-07,-0.7345717674531128,1
TCGA-BH-A0BF-01A-21R-A12P-07,-0.6861300272704904,1
TCGA-D8-A27F-01A-11R-A16F-07,-0.26901366794383963,1
TCGA-A2-A0CY-01A-12R-A034-07,-0.18446515793047474,0
TCGA-D8-A27E-01A-11R-A16F-07,-0.41234267773777494,1
TCGA-A2-A0EP-01A-52R-A22U-07,-0.3888211833960397,1
TCGA-GI-A2C8-01A-11R-A16F-07,-0.44986408510208253,1
TCGA-A8-A099-01A-11R-A00Z-07,-0.30243421135488796,1
TCGA-A2-A04U-01A-11R-A115-07,-0.15612982370058415,0
TCGA-BH-A0HP-01A-12R-A084-07,-0.6554552521852562,0
TCGA-EW-A2FV-01A-11R-A17B-07,-0.6140330534398812,1
TCGA-A2-A0CR-01A-11R-A22K-07,-0.17252016864881742,0
TCGA-BH-A0DS-01A-11R-A056-07,-0.5844841233698974,1
TCGA-D8-A1XC-01A-11R-A14D-07,-0.3381249987605006,1
TCGA-E2-A14O-01A-31R-A115-07,-0.2457643631135518,0
TCGA-A1-A0SF-01A-11R-A144-07,-0.6980609864974906,0
TCGA-A8-A06X-01A-21R-A00Z-07,-0.4031125340193359,1
TCGA-BH-A0HI-01A-11R-A084-07,-0.7461907379972937,1
TCGA-E2-A14U-01A-11R-A22K-07,-0.5316328649080065,1
TCGA-E2-A15A-01A-11R-A12D-07,-0.6180205594580599,1
TCGA-A2-A1G6-01A-11R-A13Q-07,-9.489728189158626,1
TCGA-B6-A1KC-01B-11R-A157-07,-0.2117653311197965,1
TCGA-OL-A5RZ-01A-11R-A28M-07,-0.40257138611604765,1
TCGA-A8-A07I-01A-11R-A00Z-07,-0.8307806463335767,1
TCGA-A2-A0T0-01A-22R-A084-07,-0.376006615671587,0
TCGA-BH-A42V-01A-11R-A24H-07,-0.5574497255882993,0
TCGA-GM-A3XN-01A-12R-A22U-07,-0.5324168106986774,1
TCGA-D8-A3Z6-01A-11R-A239-07,-0.580068688765908,1
TCGA-B6-A0IQ-01A-11R-A034-07,-0.2774562512070084,1
TCGA-A8-A095-01A-11R-A00Z-07,-0.6571304851883792,0
TCGA-AO-A125-01A-11R-A10J-07,-0.2737093763481726,1
TCGA-EW-A6SA-01A-21R-A32P-07,-0.28511053133986436,1
TCGA-BH-A0DD-01A-31R-A12P-07,-0.4565177318576873,1
TCGA-AO-A0J3-01A-11R-A034-07,-0.338273942815816,1
TCGA-A2-A3XS-01A-11R-A22U-07,-0.4213739776449444,1
TCGA-AC-A8OR-01A-21R-A41B-07,-0.41698851042019536,1
TCGA-BH-A0HK-01A-11R-A056-07,-0.5387487245446135,1
TCGA-E2-A1IG-01A-11R-A144-07,-0.6607987799489506,1
TCGA-AO-A12B-01A-11R-A10J-07,-0.26810131144173044,1
TCGA-EW-A1J5-01A-11R-A13Q-07,-0.46513363013105763,0
TCGA-C8-A12Q-01A-11R-A115-07,-0.7862276810836337,1
TCGA-A2-A0EQ-01A-11R-A034-07,-0.8882110061017928,1
TCGA-GM-A3XL-01A-11R-A22U-07,-0.27302740263264585,0
TCGA-BH-A1EU-01A-11R-A137-07,-0.31633375570423605,0
TCGA-BH-A0RX-01A-21R-A084-07,-0.45077471718236284,1
TCGA-E9-A1RF-01A-11R-A157-07,-0.5748625380507666,0
TCGA-AC-A2QI-01A-12R-A19W-07,-0.6849478803758465,1
TCGA-A8-A090-01A-11R-A00Z-07,-0.5352371426002098,1
TCGA-AR-A5QQ-01A-11R-A28M-07,-0.2094437172469783,1
TCGA-XX-A899-01A-11R-A36F-07,-0.7003929713521946,0
TCGA-E2-A156-01A-11R-A12D-07,-0.5025158198037101,1
TCGA-AN-A04C-01A-21R-A034-07,-0.6015355044205973,1
TCGA-AN-A0AT-01A-11R-A034-07,-0.3686756658982108,1
TCGA-UL-AAZ6-01A-11R-A41B-07,-0.1379928907608384,1
TCGA-D8-A1X9-01A-12R-A157-07,-0.44147836965016396,0
TCGA-E9-A22E-01A-11R-A157-07,-0.45666304059330115,1
TCGA-BH-A1FB-01A-11R-A13Q-07,-0.579807568010473,1
TCGA-C8-A8HR-01A-11R-A36F-07,-9.591594051565473,1
TCGA-EW-A2FR-01A-11R-A21T-07,-0.9238933497326445,1
TCGA-AN-A0AJ-01A-11R-A00Z-07,-0.4250625963321165,1
TCGA-LD-A7W6-01A-81R-A352-07,-0.6670186973886059,1
TCGA-BH-A0B6-01A-11R-A19W-07,-0.4428298509122079,1
TCGA-AR-A252-01A-11R-A169-07,-0.3159200308508792,1
TCGA-AR-A254-01A-21R-A169-07,-0.7583139994686867,0
TCGA-AO-A03P-01A-11R-A00Z-07,-0.5053434645905708,0
TCGA-A8-A07O-01A-11R-A00Z-07,-0.29080127701842173,1
TCGA-EW-A1PE-01A-11R-A144-07,-0.6050258864078613,1
TCGA-AR-A2LL-01A-11R-A180-07,-0.5743082763835303,0
TCGA-A7-A26H-01A-11R-A169-07,-0.5031491391593688,1
TCGA-C8-A26Z-01A-11R-A16F-07,-0.41246288383931495,1
TCGA-AO-A0J9-01A-11R-A034-07,-0.41094738465904945,1
TCGA-EW-A1PF-01A-11R-A144-07,-0.6215654267298643,1
TCGA-A2-A25F-01A-11R-A169-07,-0.37369721346628154,1
TCGA-D8-A73W-01A-22R-A352-07,-0.5274834806006687,0
TCGA-AR-A2LJ-01A-12R-A19W-07,-0.25262580287200126,1
TCGA-A8-A07C-01A-11R-A034-07,-0.20502816471637417,1
TCGA-E9-A245-01A-22R-A16F-07,-0.5726364053337731,1
TCGA-B6-A408-01A-12R-A24H-07,-0.42812801478989443,1
TCGA-AR-A255-01A-11R-A169-07,-0.5956973153203533,1
TCGA-E2-A1L6-01A-11R-A13Q-07,-0.7651251164057187,1
TCGA-E9-A295-01A-11R-A16F-07,-0.6297826474004955,1
TCGA-BH-A1FE-01A-11R-A13Q-07,-0.4337640627380682,1
TCGA-BH-A1FM-01A-11R-A13Q-07,-0.08687660388600112,1
TCGA-OL-A5RU-01A-11R-A28M-07,-0.59941248209605,1
TCGA-C8-A1HO-01A-11R-A13Q-07,-0.3185031627402239,1
TCGA-GM-A2DO-01A-11R-A18M-07,-0.2685335604697268,1
TCGA-AN-A0FZ-01A-11R-A034-07,-0.37065679571553517,1
TCGA-D8-A1JN-01A-11R-A13Q-07,-0.2524520569994348,1
TCGA-OL-A6VO-01A-12R-A33J-07,-0.34836726174798244,1
TCGA-AN-A0FV-01A-11R-A00Z-07,-0.649372947127116,0
TCGA-D8-A1J9-01A-11R-A13Q-07,-0.479096697035204,1
TCGA-B6-A0IB-01A-11R-A034-07,-0.39279929061218516,1
TCGA-A8-A06R-01A-11R-A00Z-07,-0.4371366518963478,1
TCGA-AR-A24H-01A-11R-A169-07,-0.317588702517015,0
TCGA-E2-A109-01A-11R-A10J-07,-0.49027144067700384,1
TCGA-AR-A5QN-01A-12R-A28M-07,-0.7344480881353082,0
TCGA-A2-A0EX-01A-21R-A034-07,-0.7274335764516567,0
TCGA-C8-A12N-01A-11R-A115-07,-0.6602108448245215,1
TCGA-A2-A259-01A-11R-A16F-07,-0.5315034274692632,1
TCGA-AO-A12A-01A-21R-A115-07,-0.7818027575117408,1
TCGA-A7-A3RF-01A-11R-A22K-07,-0.23776833916019866,1
TCGA-AN-A0FS-01A-11R-A034-07,-0.7444328349108129,0
TCGA-C8-A26W-01A-11R-A16F-07,-0.6060809244995304,1
TCGA-E9-A1RC-01A-11R-A157-07,-0.33849854598900114,0
TCGA-E2-A1B0-01A-11R-A12P-07,-0.7186476403496543,1
TCGA-AO-A126-01A-11R-A10J-07,-0.3479210067744014,0
TCGA-AC-A4ZE-01A-11R-A41B-07,-0.44819477161387006,1
TCGA-E9-A229-01A-31R-A157-07,-0.7797891561063758,0
TCGA-EW-A1P1-01A-31R-A14D-07,-9.595523347822803,1
TCGA-BH-AB28-01A-31R-A41B-07,-0.6357893814031581,0
TCGA-A8-A08P-01A-11R-A00Z-07,-0.6961789650836605,1
TCGA-EW-A1IX-01A-12R-A144-07,-0.6292684645115219,1
TCGA-LL-A73Z-01A-11R-A32P-07,-9.552542576882564,1
TCGA-E9-A1R7-01A-11R-A14M-07,-0.1381927635270268,1
TCGA-BH-A1F2-01A-31R-A13Q-07,-0.1970295790529785,1
TCGA-A8-A0A6-01A-12R-A056-07,-0.6102463267160748,1
TCGA-A1-A0SE-01A-11R-A084-07,-0.8581508111330935,1
TCGA-E9-A1NG-01A-21R-A14M-07,-0.6235507388390048,0
TCGA-B6-A1KF-01A-11R-A13Q-07,-0.19693666433943288,0
TCGA-BH-A0EE-01A-11R-A034-07,-0.39310672633505583,1
TCGA-BH-A0BD-01A-11R-A034-07,-0.7070694711346592,1
TCGA-OL-A5RY-01A-21R-A28M-07,-9.506642271798222,1
TCGA-E9-A1RD-01A-11R-A157-07,-0.5814238617637606,1
TCGA-AR-A24K-01A-11R-A169-07,-0.33166357496100246,1
TCGA-BH-A0BP-01A-11R-A115-07,-0.5721146099272275,1
TCGA-C8-A130-01A-31R-A115-07,-0.5098888759808694,1
TCGA-B6-A0RG-01A-11R-A056-07,-0.49154305443129503,1
TCGA-E9-A1NA-01A-11R-A144-07,-0.3961350897630547,1
TCGA-A8-A0A2-01A-11R-A034-07,-0.5131323079666874,1
TCGA-E2-A14V-01A-11R-A12D-07,-0.8950489207966157,1
TCGA-E2-A1LL-01A-11R-A144-07,-0.2552018375777508,1
TCGA-AR-A24M-01A-11R-A169-07,-0.3329635478563313,0
TCGA-A8-A0AB-01A-11R-A034-07,-0.38467513226011407,1
TCGA-C8-A1HL-01A-11R-A137-07,-0.41116261152055994,0
TCGA-OL-A66P-01A-11R-A31O-07,-0.3146409521865777,1
TCGA-OL-A66K-01A-11R-A29R-07,-0.4856654473669402,1
TCGA-BH-A0HF-01A-11R-A056-07,-0.7668667836208652,1
TCGA-AN-A03X-01A-21R-A00Z-07,-0.4622698934517782,0
TCGA-A2-A1FV-01A-11R-A13Q-07,-0.13747465973003387,1
TCGA-E9-A3HO-01A-11R-A213-07,-0.2320730795796882,1
TCGA-A2-A0YE-01A-11R-A109-07,-0.34374175872088253,1
TCGA-A1-A0SP-01A-11R-A084-07,-0.3986765272260066,1
TCGA-AO-A0J7-01A-11R-A034-07,-0.318404510484878,0
TCGA-C8-A3M7-01A-12R-A21T-07,-0.5492462189177574,1
TCGA-A2-A0YG-01A-21R-A109-07,-0.3536079344717225,1
TCGA-E2-A14Y-01A-21R-A12D-07,-0.2711836334844955,1
TCGA-EW-A424-01A-11R-A24H-07,-0.39306366897987116,1
TCGA-D8-A141-01A-11R-A115-07,-0.7632045100706847,1
TCGA-C8-A1HJ-01A-11R-A13Q-07,-0.1946318857834977,1
TCGA-C8-A12O-01A-11R-A115-07,-0.492500095535704,1
TCGA-LL-A442-01A-11R-A24H-07,-0.43568080884768035,0
TCGA-C8-A12Z-01A-11R-A115-07,-0.6515492496075467,1
TCGA-EW-A1OX-01A-11R-A144-07,-0.31573897932187134,1
TCGA-E9-A1RG-01A-11R-A14D-07,-0.20921378504343496,1
TCGA-AQ-A1H2-01A-11R-A13Q-07,-0.3722262100043704,1
TCGA-AR-A24Q-01A-12R-A169-07,-0.3991215333772645,1
TCGA-A8-A09K-01A-11R-A00Z-07,-0.363372927639523,1
TCGA-BH-A0W7-01A-11R-A115-07,-0.6861149727282123,1
TCGA-BH-A0H0-01A-11R-A056-07,-0.319103014849115,1
TCGA-AO-A0JD-01A-11R-A056-07,-0.2806675219435409,0
TCGA-A2-A4RW-01A-21R-A266-07,-0.5647625881055504,1
TCGA-C8-A12U-01A-11R-A115-07,-0.31616784794052105,1
TCGA-C8-A12V-01A-11R-A115-07,-0.4599152918564326,1
TCGA-E9-A1NC-01A-21R-A26B-07,-0.39625534712861743,0
TCGA-AO-A12G-01A-11R-A10J-07,-0.5765314643309126,1
TCGA-S3-AA11-01A-31R-A41B-07,-0.6073757192982489,0
TCGA-BH-A0HQ-01A-11R-A034-07,-0.7164212253505333,1
TCGA-AO-A03L-01A-41R-A056-07,-0.45056781601247753,1
TCGA-C8-A1HM-01A-12R-A137-07,-0.361787630028445,0
TCGA-D8-A146-01A-31R-A115-07,-0.7495656821725711,1
TCGA-A2-A0EV-01A-11R-A034-07,-0.6954155551664996,1
TCGA-E2-A154-01A-11R-A115-07,-0.6088160790105487,1
TCGA-E2-A1LE-01A-12R-A19W-07,-0.7367305371636631,1
TCGA-E9-A1R5-01A-11R-A14M-07,-0.41200002245172895,0
TCGA-AC-A3EH-01A-22R-A22K-07,-0.4219869314194171,1
TCGA-C8-A12Y-01A-11R-A12D-07,-0.34175985073661536,1
TCGA-BH-A0E2-01A-11R-A056-07,-0.5185859179555495,1
TCGA-D8-A1XG-01A-11R-A14D-07,-0.4412652076916475,0
TCGA-OL-A5DA-01A-11R-A27Q-07,-0.5140084902925273,1
TCGA-AC-A3HN-01A-11R-A213-07,-0.7922487664863551,1
TCGA-B6-A0RP-01A-21R-A084-07,-0.6905233762128972,0
TCGA-3C-AALI-01A-11R-A41B-07,-0.5203428480615054,1
TCGA-D8-A1Y2-01A-11R-A157-07,-0.6255477095776936,1
TCGA-S3-AA15-01A-11R-A41B-07,-0.4242599149711044,1
TCGA-BH-A0W5-01A-11R-A109-07,-0.695291326948117,1
TCGA-A8-A097-01A-11R-A034-07,-0.4803566627037474,0
TCGA-AO-A12D-01A-11R-A115-07,-0.8061330831356149,1
TCGA-AN-A04A-01A-21R-A034-07,-0.5159323651824781,0
TCGA-E2-A1B4-01A-11R-A12P-07,-0.4277208498307874,1
TCGA-A8-A09R-01A-11R-A00Z-07,-0.5458942877331658,1
TCGA-XX-A89A-01A-11R-A36F-07,-0.5170621797855146,0
TCGA-AR-A24O-01A-11R-A169-07,-0.5635432474703398,1
TCGA-E2-A1LG-01A-21R-A14M-07,-0.17868774814110505,1
TCGA-AC-A8OS-01A-12R-A41B-07,-0.39592423275422217,1
TCGA-HN-A2NL-01A-11R-A18M-07,-0.23094245902862257,1
TCGA-E9-A1N6-01A-11R-A144-07,-0.5918559268244723,1
TCGA-E2-A10C-01A-21R-A10J-07,-0.2826287274275538,1
TCGA-BH-A0AU-01A-11R-A12P-07,-0.5264703348266201,1
TCGA-A2-A0EW-01A-21R-A115-07,-0.6917832286702659,1
TCGA-A8-A07B-01A-11R-A00Z-07,-0.26650321476527594,1
TCGA-E2-A15K-01A-11R-A12P-07,-0.6426635870311886,1
TCGA-EW-A6S9-01A-22R-A33J-07,-0.5840950216271592,1
TCGA-AC-A3W5-01A-11R-A22K-07,-0.8755925537117814,1
TCGA-BH-A0AV-01A-31R-A115-07,-0.3528666747205406,0
TCGA-A2-A0T7-01A-21R-A084-07,-0.6470884079666169,1
TCGA-AO-A03V-01A-11R-A115-07,-0.48799983068645214,1
TCGA-BH-A0DZ-01A-11R-A00Z-07,-0.3686287360541982,1
TCGA-AN-A041-01A-11R-A034-07,-0.4809697226933797,1
TCGA-B6-A0I5-01A-11R-A034-07,-0.29554567177469376,1
TCGA-BH-A0BM-01A-11R-A056-07,-0.5544199246272863,0
TCGA-BH-A0GZ-01A-11R-A056-07,-0.47037106895147196,0
TCGA-LL-A5YN-01A-11R-A28M-07,-0.19661268259062037,0
TCGA-B6-A0RM-01A-11R-A084-07,-0.49744331388584867,1
TCGA-A2-A4S3-01A-21R-A266-07,-0.33328768469195763,1
TCGA-BH-A201-01A-11R-A14M-07,-0.6251991075667511,1
TCGA-A2-A0SV-01A-11R-A084-07,-0.5128516379894863,1
TCGA-A8-A07L-01A-11R-A00Z-07,-0.4048794921510624,1
TCGA-AR-A2LN-01A-21R-A18M-07,-0.5152609991176593,1
TCGA-C8-A278-01A-11R-A169-07,-0.7357980545005176,0
TCGA-A2-A0CM-01A-31R-A034-07,-0.42843464995489267,1
TCGA-C8-A1HE-01A-11R-A13Q-07,-0.5924655941669589,0
TCGA-LL-A7T0-01A-31R-A352-07,-0.24936016247792928,1
TCGA-B6-A0WT-01A-11R-A109-07,-0.6125774079191942,1
TCGA-OL-A5D6-01A-21R-A27Q-07,-9.41705619974299,0
TCGA-E2-A14S-01A-11R-A12D-07,-0.5219582515603438,1
TCGA-AQ-A1H3-01A-31R-A13Q-07,-0.6587532488005258,1
TCGA-BH-A1F8-01A-11R-A13Q-07,-0.1331456012762322,1
TCGA-A8-A0AD-01A-11R-A056-07,-0.5419652388369597,1
TCGA-GM-A2DA-01A-11R-A18M-07,-0.44549991220979135,1
TCGA-A2-A0T5-01A-21R-A084-07,-0.7151286657232997,1
TCGA-A8-A09M-01A-11R-A00Z-07,-0.5621414181709414,1
TCGA-B6-A0X1-01A-11R-A109-07,-0.30166656602088104,1
TCGA-AN-A0XU-01A-11R-A109-07,-0.33699007744870874,1
TCGA-BH-A1EV-01A-11R-A137-07,-0.808010317405172,0
TCGA-EW-A1OZ-01A-11R-A144-07,-0.43661900493548794,1
TCGA-C8-A12X-01A-11R-A115-07,-0.34047373313360857,1
TCGA-JL-A3YX-01A-11R-A22U-07,-0.4289756351189006,0
TCGA-OL-A5D7-01A-11R-A27Q-07,-0.1761145802644251,1
TCGA-E2-A1IK-01A-11R-A144-07,-0.4757924830194441,1
TCGA-A2-A0CW-01A-21R-A115-07,-0.3391199011428729,1
TCGA-A2-A0ET-01A-31R-A034-07,-0.2639244624516885,1
TCGA-B6-A400-01A-11R-A239-07,-0.4656262930349343,1
