sample_id,score,y_member
TCGA-E2-A158-01A-11R-A12D-07,0.8907262469710074,1
TCGA-AO-A1KO-01A-31R-A13Q-07,0.9399016135725677,1
TCGA-AR-A0TX-01A-11R-A084-07,0.3355447158447782,0
TCGA-D8-A1XB-01A-11R-A14D-07,0.7954824127686059,1
TCGA-B6-A0IG-01A-11R-A034-07,0.7235325125883083,1
TCGA-AC-A5EH-01A-11R-A28M-07,0.8789695190956343,1
TCGA-LL-A7SZ-01A-32R-A352-07,0.8493934421462928,1
TCGA-A7-A26J-01A-11R-A169-07,0.7826127848899003,1
TCGA-E9-A22H-01A-11R-A157-07,0.7287591830023425,1
TCGA-BH-A208-01A-11R-A157-07,0.9114639540210695,1
TCGA-BH-A6R9-01A-21R-A32P-07,0.52223466212119,1
TCGA-OL-A5S0-01A-11R-A28M-07,0.4452564752325849,1
TCGA-A1-A0SD-01A-11R-A115-07,0.6634619016461842,1
TCGA-AO-A0JB-01A-11R-A32Y-07,0.9979508021976726,1
TCGA-E2-A1BD-01A-11R-A12P-07,0.7504252704106877,1
TCGA-AN-A0AS-01A-11R-A00Z-07,0.6579094988257342,1
TCGA-A7-A13G-01A-11R-A13Q-07,0.9629195626964865,1
TCGA-B6-A0RS-01A-11R-A084-07,0.7628390404246997,1
TCGA-A2-A4S0-01A-21R-A266-07,0.32117009399462454,0
TCGA-BH-A1F5-01A-12R-A13Q-07,0.9123946636983662,1
TCGA-A2-A0CX-01A-21R-A00Z-07,0.47111197124927,1
TCGA-A7-A13D-01A-13R-A12P-07,0.16198061222913918,0
TCGA-AN-A03Y-01A-21R-A00Z-07,0.6347970362967895,1
TCGA-E9-A1ND-01A-11R-A144-07,0.2613671786647436,0
TCGA-EW-A1P5-01A-11R-A144-07,0.6851800477339723,1
TCGA-EW-A423-01A-11R-A24H-07,0.6939026958174204,1
TCGA-A7-A5ZV-01A-11R-A28M-07,0.8727246959099579,1
TCGA-C8-A8HP-01A-11R-A36F-07,0.6367777504083685,1
TCGA-AQ-A54O-01A-11R-A266-07,0.9694071996946715,1
TCGA-E9-A5FK-01A-11R-A27Q-07,0.7025642116258713,1
TCGA-D8-A142-01A-11R-A115-07,0.8504803210624743,1
TCGA-BH-A0BC-01A-22R-A084-07,0.6142586282645963,1
TCGA-A2-A0EY-01A-11R-A034-07,0.6879072596407972,1
TCGA-D8-A1J8-01A-11R-A13Q-07,0.909604239066304,1
TCGA-A8-A06Y-01A-21R-A00Z-07,0.31891708407246816,0
TCGA-EW-A1J1-01A-11R-A13Q-07,0.7015502119403619,1
TCGA-BH-A0C0-01A-21R-A056-07,0.2599907695271078,0
TCGA-AC-A2FK-01A-12R-A180-07,0.0969062372526867,0
TCGA-A2-A3XV-01A-21R-A239-07,0.208621629342468,0
TCGA-BH-A0HB-01A-11R-A056-07,0.8676196546883578,1
TCGA-AN-A0XL-01A-11R-A10J-07,0.736032511940038,1
TCGA-E2-A10B-01A-11R-A10J-07,0.7451762061266353,1
TCGA-A2-A04X-01A-21R-A034-07,0.7938989873839687,1
TCGA-AR-A1AN-01A-11R-A12P-07,0.7495030971301472,1
TCGA-A2-A0EM-01A-11R-A034-07,0.4157885572599036,0
TCGA-B6-A0WS-01A-11R-A115-07,0.7418918545799088,1
TCGA-D8-A1XD-01A-11R-A14D-07,0.7991667825316823,1
TCGA-A8-A091-01A-11R-A00Z-07,0.751576734602129,1
TCGA-E9-A2JS-01A-11R-A180-07,0.16430687880825937,0
TCGA-A2-A1G1-01A-21R-A13Q-07,0.8249413523637543,1
TCGA-E9-A22B-01A-11R-A157-07,0.36579240027558163,0
TCGA-D8-A27G-01A-11R-A16F-07,0.6933663061674333,1
TCGA-A7-A13E-01A-11R-A12P-07,0.6864787039267767,1
TCGA-BH-A0AY-01A-21R-A00Z-07,0.26658306653044544,0
TCGA-E2-A1L7-01A-11R-A144-07,0.7166576688593439,1
TCGA-AN-A046-01A-21R-A034-07,0.31309753847684274,0
TCGA-AN-A0AL-01A-11R-A00Z-07,0.21408428683135222,0
TCGA-D8-A27K-01A-11R-A16F-07,0.7854557232368179,1
TCGA-BH-A0DO-01B-11R-A12D-07,0.4844116114541796,0
TCGA-A7-A4SB-01A-21R-A266-07,0.44692149280503307,0
TCGA-EW-A6SB-01A-12R-A32P-07,0.48310490123492444,1
TCGA-D8-A1JM-01A-11R-A13Q-07,0.8602075987942427,1
TCGA-OL-A66J-01A-11R-A29R-07,0.6659768075637932,1
TCGA-D8-A13Y-01A-11R-A115-07,0.9128506079566997,1
TCGA-AR-A24N-01A-11R-A169-07,0.7969222909065425,1
TCGA-BH-A0B1-01A-12R-A056-07,0.7328943903671502,1
TCGA-B6-A0RN-01A-12R-A084-07,0.7023635558499273,1
TCGA-A2-A0T1-01A-21R-A084-07,0.4523760666735693,1
TCGA-AN-A0AM-01A-11R-A034-07,0.7220345718150303,1
TCGA-E2-A1LA-01A-11R-A144-07,0.2560822721093878,0
TCGA-JL-A3YW-01A-12R-A239-07,0.23009808128346387,0
TCGA-BH-A0H3-01A-11R-A12P-07,0.8008597195806424,1
TCGA-E2-A1IF-01A-11R-A144-07,0.6166956510076824,1
TCGA-C8-A26X-01A-31R-A16F-07,0.5271864254600596,1
TCGA-A8-A09B-01A-11R-A00Z-07,0.5347294245246459,0
TCGA-A7-A26G-01A-21R-A169-07,0.9677484424011382,1
TCGA-AC-A2FE-01A-11R-A19W-07,0.745835387853051,1
TCGA-A8-A08G-01A-11R-A00Z-07,0.12445870782311476,0
TCGA-AN-A0FJ-01A-11R-A00Z-07,0.7928308608818903,1
TCGA-B6-A0RV-01A-11R-A084-07,0.6751302837374035,1
TCGA-B6-A0WV-01A-11R-A109-07,0.5847539477685326,1
TCGA-A8-A07P-01A-11R-A00Z-07,0.784410081841157,1
TCGA-A8-A08H-01A-21R-A00Z-07,0.6262590746905392,1
TCGA-AR-A0TW-01A-11R-A084-07,0.7042855016270375,1
TCGA-E2-A15F-01A-11R-A115-07,0.5888184091975468,1
TCGA-B6-A0WX-01A-11R-A109-07,0.9131326921310736,1
TCGA-D8-A1Y1-01A-21R-A14M-07,0.5994861311254244,1
TCGA-E2-A14Z-01A-11R-A115-07,0.391311289255304,0
TCGA-A2-A25A-01A-12R-A16F-07,0.2104522237969743,0
TCGA-A2-A0CT-01A-31R-A056-07,0.7815961520972876,1
TCGA-HN-A2OB-01A-21R-A27Q-07,0.5147814347974399,0
TCGA-B6-A0RT-01A-21R-A084-07,0.6470398548031345,1
TCGA-AR-A24T-01A-11R-A169-07,0.8634585833576693,1
TCGA-E9-A1R0-01A-22R-A16F-07,0.7392097358106239,1
TCGA-E9-A5FL-01A-11R-A27Q-07,0.819388705910627,1
TCGA-E2-A3DX-01A-21R-A213-07,0.8087057005317756,1
TCGA-E2-A14T-01A-11R-A115-07,0.7073444851529754,1
TCGA-A2-A4RY-01A-31R-A266-07,0.48678181564373074,1
TCGA-AR-A2LK-01A-11R-A180-07,0.6952445644452094,1
TCGA-BH-A42U-01A-12R-A24H-07,0.8001697849218921,1
TCGA-AO-A12C-01A-11R-A10J-07,0.4676535614407287,0
TCGA-A2-A3XY-01A-11R-A239-07,0.7185531705986125,1
TCGA-D8-A73X-01A-11R-A32P-07,0.7028233214101544,1
TCGA-AR-A2LO-01A-31R-A18M-07,0.7008139447318594,1
TCGA-AO-A0JJ-01A-11R-A056-07,0.3816826581506174,0
TCGA-LD-A74U-01A-13R-A33J-07,0.6248451412069562,1
TCGA-AN-A0XN-01A-21R-A109-07,0.7291312053592193,1
TCGA-E2-A107-01A-11R-A10J-07,0.7756012395065442,1
TCGA-A7-A6VV-01A-22R-A33J-07,0.7318341845366102,1
TCGA-AC-A5XS-01A-11R-A29R-07,0.5998168489011216,1
TCGA-BH-A0H6-01A-21R-A056-07,0.6815809005913143,1
TCGA-AC-A23C-01A-12R-A169-07,0.8537776706037322,1
TCGA-E9-A1NH-01A-11R-A14D-07,0.7086487682775949,1
TCGA-D8-A1XW-01A-11R-A14M-07,0.9894579115574679,1
TCGA-AO-A0JG-01A-31R-A084-07,0.43910520869589004,0
TCGA-BH-A18N-01A-11R-A12D-07,0.6526095820510668,1
TCGA-A1-A0SO-01A-22R-A084-07,0.46699948124524004,0
TCGA-BH-A0B5-01A-11R-A12P-07,0.4878597537476774,0
TCGA-A8-A09T-01A-11R-A00Z-07,0.7595523167110102,1
TCGA-BH-A0BR-01A-21R-A115-07,0.7776155148141715,1
TCGA-D8-A27W-01A-11R-A16F-07,0.5070840379831806,1
TCGA-BH-A0BW-01A-11R-A115-07,0.9589711246815412,1
TCGA-GM-A2DB-01A-31R-A18M-07,0.14206714196181397,0
TCGA-AC-A2QH-01A-11R-A18M-07,0.9699139968563479,1
TCGA-D8-A1JB-01A-11R-A13Q-07,0.7064825092223799,1
TCGA-BH-A1ES-01A-11R-A137-07,0.7037925652943127,1
TCGA-OL-A97C-01A-32R-A41B-07,0.7840106163135885,1
TCGA-A2-A0YF-01A-21R-A109-07,0.8332562655136666,1
TCGA-D8-A1XS-01A-11R-A14M-07,0.6884996848549292,1
TCGA-D8-A140-01A-11R-A115-07,0.676847008007042,1
TCGA-A8-A09Q-01A-11R-A00Z-07,0.7501540316293924,1
TCGA-B6-A0I1-01A-11R-A21T-07,0.7779925863776802,1
TCGA-AO-A0JE-01A-11R-A056-07,0.8856603351376339,1
TCGA-A2-A1FW-01A-11R-A13Q-07,0.8199846482074844,1
TCGA-D8-A1XY-01A-11R-A14M-07,0.8165240637026955,1
TCGA-A2-A04R-01A-41R-A109-07,0.24796712466671197,0
TCGA-A2-A1FX-01A-11R-A13Q-07,0.6968766705752076,1
TCGA-A8-A07W-01A-11R-A00Z-07,0.5549981419652231,1
TCGA-D8-A1XK-01A-21R-A14M-07,0.7321011169794341,1
TCGA-D8-A3Z5-01A-41R-A24H-07,0.7404985913563114,1
TCGA-LL-A5YM-01A-11R-A28M-07,0.9074766355575051,1
TCGA-B6-A0IJ-01A-11R-A034-07,0.1335875580346171,0
TCGA-A8-A06N-01A-11R-A00Z-07,0.8239134480579988,1
TCGA-GM-A2DM-01A-11R-A180-07,0.5852386522730575,1
TCGA-E2-A15D-01A-11R-A115-07,0.7799471631924509,1
TCGA-B6-A1KI-01A-11R-A14M-07,0.5941426170187573,1
TCGA-D8-A1JS-01A-11R-A13Q-07,0.7411779512120855,1
TCGA-PE-A5DD-01A-12R-A27Q-07,0.7572721287871638,1
TCGA-BH-A0BG-01A-11R-A115-07,0.791416971046922,1
TCGA-LL-A6FQ-01A-11R-A31O-07,0.4077239761619972,0
TCGA-E2-A1IN-01A-11R-A13Q-07,0.6918173561396249,1
TCGA-A8-A06T-01A-11R-A00Z-07,0.6891488626484267,1
TCGA-B6-A402-01A-11R-A239-07,0.799936766281551,1
TCGA-E2-A9RU-01A-11R-A41B-07,0.8143073738041289,1
TCGA-A2-A3XW-01A-11R-A239-07,0.9742078919845624,1
TCGA-B6-A0RU-01A-11R-A084-07,0.3180078165189664,0
TCGA-A8-A086-01A-11R-A00Z-07,0.678106843049212,1
TCGA-B6-A40C-01A-11R-A239-07,0.6878316745793488,1
TCGA-D8-A1JF-01A-11R-A13Q-07,0.9115580829949838,1
TCGA-A2-A0T6-01A-11R-A084-07,0.6199581685844479,1
TCGA-BH-A1FG-01A-11R-A13Q-07,0.3660058257313544,0
TCGA-GM-A3NY-01A-11R-A21T-07,0.8382586388718365,1
TCGA-AN-A0AK-01A-21R-A00Z-07,0.6179729928645359,1
TCGA-BH-A1FC-01A-11R-A13Q-07,0.5477374304822963,1
TCGA-E9-A227-01A-11R-A157-07,0.4872131673644959,1
TCGA-BH-A18P-01A-11R-A12D-07,0.9715295942691614,1
TCGA-E2-A15R-01A-11R-A115-07,0.8676222521930238,1
TCGA-BH-A0WA-01A-11R-A109-07,0.22722873995246956,0
TCGA-BH-A42T-01A-11R-A24H-07,0.8572416831567934,1
TCGA-AC-A23H-01A-11R-A157-07,0.6730022566473465,1
TCGA-OL-A66I-01A-21R-A29R-07,0.5496345262988623,1
TCGA-S3-AA17-01A-11R-A41B-07,0.8649507673401923,1
TCGA-AR-A1AL-01A-21R-A12P-07,0.6809359176824841,0
TCGA-AC-A2B8-01A-11R-A17B-07,0.7326526156323662,1
TCGA-D8-A1XO-01A-11R-A14M-07,0.8414590174718503,1
TCGA-C8-A26Y-01A-11R-A16F-07,0.77023490068383,1
TCGA-BH-A0DG-01A-21R-A12P-07,0.7147077270674635,1
TCGA-E9-A243-01A-21R-A169-07,0.9485945287878593,1
TCGA-A2-A04W-01A-31R-A115-07,0.6670065047761925,1
TCGA-A8-A09G-01A-21R-A00Z-07,0.7864825071738895,1
TCGA-BH-A0DI-01A-21R-A12P-07,0.7002322661631837,1
TCGA-E2-A152-01A-11R-A12D-07,0.811347255643215,1
TCGA-AQ-A7U7-01A-22R-A352-07,0.7665973518028159,1
TCGA-BH-A0BZ-01A-31R-A12P-07,0.695242042744976,1
TCGA-EW-A1OV-01A-11R-A144-07,0.7853006618450994,1
TCGA-A8-A0A7-01A-11R-A00Z-07,0.8420388029664698,1
TCGA-BH-A1EN-01A-11R-A13Q-07,0.9003073995068316,1
TCGA-E2-A1IE-01A-11R-A13Q-07,0.6936085464479697,1
TCGA-BH-A0HW-01A-11R-A034-07,0.7192585566997346,1
TCGA-BH-A0BJ-01A-11R-A056-07,0.6897024247637694,1
TCGA-AO-A03N-01B-11R-A10J-07,0.8871482096874784,1
TCGA-EW-A1P3-01A-11R-A144-07,0.6723114375123805,1
TCGA-B6-A0I2-01A-11R-A034-07,0.22342970848136506,0
TCGA-EW-A1PD-01A-11R-A144-07,0.7810279962254769,1
TCGA-B6-A0IH-01A-11R-A115-07,0.5705903498922104,0
TCGA-E2-A15M-01A-11R-A12D-07,0.9068400433954318,1
TCGA-BH-A0H9-01A-11R-A056-07,0.39332930884081835,0
TCGA-BH-A0HL-01A-11R-A10U-07,0.4013068362167096,0
TCGA-A8-A07G-01A-11R-A034-07,0.6569736126247807,1
TCGA-E2-A1IL-01A-11R-A14D-07,0.7351505685067938,1
TCGA-AR-A0U4-01A-11R-A109-07,0.5452785241063892,1
TCGA-D8-A147-01A-11R-A115-07,0.7955830788714194,1
TCGA-BH-A0HY-01A-11R-A056-07,0.7512022879322453,1
TCGA-D8-A1XT-01A-11R-A14M-07,0.4514456384119785,0
TCGA-E2-A14W-01A-11R-A12D-07,0.6107484442124088,1
TCGA-E9-A1RB-01A-11R-A157-07,0.7253545964304737,1
TCGA-LL-A5YL-01A-12R-A29R-07,0.5224663180036371,0
TCGA-WT-AB41-01A-11R-A41B-07,0.7850265601709756,1
TCGA-A8-A09Z-01A-11R-A00Z-07,0.5737249174699135,0
TCGA-AN-A0FX-01A-11R-A034-07,0.793277917203869,1
TCGA-B6-A409-01A-11R-A24H-07,0.5456619093837403,1
TCGA-EW-A1PG-01A-11R-A144-07,0.7863530230386632,1
TCGA-OL-A6VR-01A-32R-A33J-07,0.6640980020231868,1
TCGA-BH-A1FN-01A-11R-A13Q-07,0.7986243262752005,1
TCGA-AR-A2LR-01A-12R-A18M-07,0.902967106227305,1
TCGA-A7-A5ZX-01A-12R-A29R-07,0.8001142405403475,1
TCGA-LL-A73Y-01A-11R-A33J-07,0.9659038351483404,1
TCGA-A2-A25D-01A-12R-A16F-07,0.24701132770722292,0
TCGA-BH-A0C7-01B-11R-A115-07,0.7849631010601803,1
TCGA-E2-A570-01A-11R-A29R-07,0.748919076041207,1
TCGA-BH-A1FL-01A-11R-A13Q-07,0.6717142626228492,1
TCGA-A1-A0SG-01A-11R-A144-07,0.7720673281540851,1
TCGA-A8-A07U-01A-11R-A034-07,0.31839107509438447,0
TCGA-E2-A15L-01A-11R-A12D-07,0.7200538487939226,1
TCGA-E9-A1R4-01A-21R-A14D-07,0.47486115126360684,0
TCGA-AR-A0TS-01A-11R-A115-07,0.8301687762945398,1
TCGA-E2-A10F-01A-11R-A10J-07,0.7148747879543982,1
TCGA-AO-A128-01A-11R-A10J-07,0.7456154169552237,1
TCGA-AR-A0U3-01A-11R-A109-07,0.8774221001203354,1
TCGA-BH-A0DL-01A-11R-A115-07,0.8992333451097368,1
TCGA-A7-A0D9-01A-31R-A056-07,0.6849178143499387,1
TCGA-AN-A0FD-01A-11R-A034-07,0.6213760231621984,1
TCGA-A2-A0YK-01A-22R-A109-07,0.3060386538111022,1
TCGA-BH-A1FH-01A-12R-A13Q-07,0.8003248987216677,1
TCGA-C8-A12T-01A-11R-A115-07,0.7868993973954843,1
TCGA-B6-A2IU-01A-32R-A18M-07,0.6859010067430635,1
TCGA-4H-AAAK-01A-12R-A41B-07,0.6684372595175264,1
TCGA-E2-A1IU-01A-11R-A14D-07,0.44736070414555884,0
TCGA-3C-AALK-01A-11R-A41B-07,0.6753752071146057,1
TCGA-D8-A27M-01A-11R-A16F-07,0.9177510573626851,1
TCGA-E2-A56Z-01A-12R-A29R-07,0.760249732706365,1
TCGA-AO-A1KQ-01A-11R-A13Q-07,0.6299749059361606,1
TCGA-AR-A2LE-01A-11R-A180-07,0.7655715409911988,1
TCGA-E2-A1BC-01A-11R-A12P-07,0.8178209342843086,1
TCGA-BH-A0E6-01A-11R-A034-07,0.6388086994083675,1
TCGA-AO-A0J2-01A-11R-A034-07,0.5388833475463818,1
TCGA-A7-A6VX-01A-12R-A33J-07,0.4455599111193287,0
TCGA-E2-A1LI-01A-12R-A157-07,0.19597272029311896,0
TCGA-AR-A1AT-01A-11R-A12P-07,0.7841394417774953,1
TCGA-A7-A426-01A-22R-A24H-07,0.7395485866903078,1
TCGA-A2-A25C-01A-11R-A169-07,0.8883417729766171,1
TCGA-B6-A0RL-01A-11R-A084-07,0.7291867693499847,1
TCGA-OK-A5Q2-01A-11R-A27Q-07,0.6861775660500349,1
TCGA-E9-A244-01A-11R-A169-07,0.7025519116386013,1
TCGA-E9-A1R6-01A-11R-A14D-07,0.6673231898054433,1
TCGA-BH-A8G0-01A-11R-A352-07,0.7578687485233269,1
TCGA-EW-A1IZ-01A-11R-A13Q-07,0.3867221168240906,0
TCGA-AO-A0J5-01A-11R-A034-07,0.5348044914044771,1
TCGA-E2-A1AZ-01A-11R-A12P-07,0.8417923685746596,1
TCGA-B6-A0RE-01A-11R-A056-07,0.355865948797985,1
TCGA-A7-A4SE-01A-11R-A266-07,0.5092902528854208,0
TCGA-LL-A740-01A-21R-A32P-07,0.6459242036994197,1
TCGA-A8-A07R-01A-21R-A034-07,0.3784438987528511,0
TCGA-S3-AA10-01A-21R-A41B-07,0.44388216195171387,1
TCGA-A7-A4SF-01A-11R-A266-07,0.36275956939663295,0
TCGA-A7-A0CG-01A-12R-A056-07,0.573348435950641,0
TCGA-E2-A1LS-01A-12R-A157-07,0.9899248912817565,1
TCGA-AR-A24P-01A-11R-A169-07,0.6186497056934634,0
TCGA-E9-A54Y-01A-11R-A466-07,0.9336987071425429,1
TCGA-AO-A0JA-01A-11R-A056-07,0.8407085945736725,1
TCGA-A8-A08A-01A-11R-A32Y-07,0.6309224379413475,1
TCGA-AR-A24V-01A-21R-A169-07,0.7690327358684371,1
TCGA-A2-A0CO-01A-13R-A22K-07,0.7836371479320381,1
TCGA-E2-A15I-01A-21R-A137-07,0.6023873201216567,0
TCGA-A2-A0SU-01A-11R-A084-07,0.40383182348833907,0
TCGA-AC-A3OD-01A-11R-A21T-07,0.9525646856436726,1
TCGA-AC-A3YJ-01A-11R-A22U-07,0.24812947203431407,0
TCGA-AR-A0TZ-01A-12R-A084-07,0.8748037110831602,1
TCGA-A2-A0D3-01A-11R-A115-07,0.7983105257702293,1
TCGA-BH-A18L-01A-32R-A12D-07,0.48394933447862165,1
TCGA-EW-A2FW-01A-11R-A17B-07,0.7433671616287962,1
TCGA-A2-A0YL-01A-21R-A109-07,0.7103931775972258,1
TCGA-E9-A54X-01A-11R-A266-07,0.8693069225759519,1
TCGA-BH-A18F-01A-11R-A12D-07,0.7095039688278988,1
TCGA-W8-A86G-01A-21R-A36F-07,0.6305102582006716,1
TCGA-A8-A08T-01A-21R-A00Z-07,0.6859574919733437,1
TCGA-BH-A1EX-01A-11R-A13Q-07,0.4340303688212725,0
TCGA-A8-A08O-01A-21R-A056-07,0.5730557102255035,0
TCGA-AC-A6IX-01A-12R-A32P-07,0.6975177273275971,1
TCGA-C8-A27B-01A-11R-A169-07,0.7521973853468673,1
TCGA-PL-A8LZ-01A-31R-A36F-07,0.5391071716695264,1
TCGA-AR-A1AQ-01A-11R-A12P-07,0.4547474933926362,1
TCGA-BH-A1FU-01A-11R-A14D-07,0.7626749593172427,1
TCGA-A2-A0SY-01A-31R-A084-07,0.604140015566903,1
TCGA-BH-A1EW-01A-11R-A137-07,0.772472986856309,1
TCGA-GM-A3NW-01A-21R-A22K-07,0.2937279020904242,0
TCGA-BH-A0W4-01A-11R-A109-07,0.7185366146153271,1
TCGA-AR-A1AS-01A-11R-A12P-07,0.3761205916109329,0
TCGA-EW-A1J6-01A-11R-A13Q-07,0.892081987219811,1
TCGA-AC-A6NO-01A-12R-A33J-07,0.7479672130904733,1
TCGA-A7-A0CE-01A-11R-A00Z-07,0.3089618902802997,0
TCGA-BH-A6R8-01A-21R-A33J-07,0.6021109664963241,1
TCGA-EW-A1OY-01A-11R-A144-07,0.5304857927692954,1
TCGA-BH-A0BS-01A-11R-A12P-07,0.4133289840628207,0
TCGA-A7-A6VY-01A-12R-A33J-07,0.4409716108931791,1
TCGA-A2-A0CK-01A-11R-A22K-07,0.2995204438231131,0
TCGA-AO-A12H-01A-11R-A115-07,0.29549890597128387,0
TCGA-C8-A12L-01A-11R-A115-07,0.6653380105943705,1
TCGA-A1-A0SQ-01A-21R-A144-07,0.700216907167352,1
TCGA-A7-A56D-01A-11R-A27Q-07,0.8898349082233294,1
TCGA-A8-A09I-01A-22R-A034-07,0.465614878791581,1
TCGA-BH-A0DH-01A-11R-A084-07,0.6741554534135626,1
TCGA-B6-A0X0-01A-21R-A115-07,0.6928982249158452,1
TCGA-S3-AA12-01A-11R-A41B-07,0.5726960175839716,1
TCGA-E2-A159-01A-11R-A115-07,0.7598296908100106,1
TCGA-D8-A27V-01A-12R-A17B-07,0.7586194604700444,1
TCGA-D8-A1JT-01A-31R-A13Q-07,0.7854871242221126,1
TCGA-C8-A138-01A-11R-A115-07,0.9718724444987971,1
TCGA-AO-A0J6-01A-11R-A034-07,0.757482170724935,1
TCGA-AR-A24R-01A-11R-A169-07,0.6136581558981956,1
TCGA-AR-A0TY-01A-12R-A115-07,0.6961449410250695,1
TCGA-E9-A1QZ-01A-21R-A169-07,0.6152631005156046,1
TCGA-AR-A24W-01A-11R-A169-07,0.6091075306955118,0
TCGA-LL-A5YP-01A-21R-A28M-07,0.6657326171589398,1
TCGA-B6-A0WY-01A-11R-A109-07,0.636540963482613,1
TCGA-GM-A2DC-01A-11R-A18M-07,0.7121419653051162,1
TCGA-A2-A4S2-01A-12R-A266-07,0.7967981656365277,1
TCGA-A8-A09X-01A-11R-A00Z-07,0.4605139832426241,1
TCGA-OL-A5RV-01A-12R-A28M-07,0.6776582071479771,1
TCGA-E2-A14P-01A-31R-A12D-07,0.5001317275172387,1
TCGA-C8-A8HQ-01A-11R-A36F-07,0.8562559089376274,1
TCGA-AR-A0TP-01A-11R-A084-07,0.8414774797643608,1
TCGA-A8-A09A-01A-11R-A00Z-07,0.7612569750993526,1
TCGA-A8-A08L-01A-11R-A00Z-07,0.8352014913885286,1
TCGA-A8-A08F-01A-11R-A00Z-07,0.5808734877623937,1
TCGA-GI-A2C9-01A-11R-A21T-07,0.7693323378181228,1
TCGA-A2-A0SW-01A-11R-A084-07,0.68620867974213,1
TCGA-LD-A7W5-01A-22R-A352-07,0.4788956144114129,0
TCGA-D8-A27R-01A-11R-A16F-07,0.5349601162310291,1
TCGA-AO-A0JM-01A-21R-A056-07,0.7521336803061038,1
TCGA-GM-A2D9-01A-11R-A18M-07,0.706866160300138,1
TCGA-D8-A1XU-01A-11R-A14M-07,0.7654212344322014,1
TCGA-AO-A1KT-01A-11R-A13Q-07,0.7887442670600959,1
TCGA-C8-A12P-01A-11R-A115-07,0.2717214944177832,1
TCGA-LL-A6FR-01A-12R-A31O-07,0.40298168249765093,0
TCGA-AR-A1AJ-01A-21R-A12P-07,0.7669088709121765,1
TCGA-A8-A09D-01A-11R-A00Z-07,0.6681821945161166,1
TCGA-S3-A6ZF-01A-32R-A32P-07,0.11572780871217886,0
TCGA-E2-A150-01A-11R-A12D-07,0.762077327148611,1
TCGA-BH-A18U-01A-21R-A12D-07,0.6841547895693239,1
TCGA-BH-A0GY-01A-11R-A056-07,0.7706957563332875,1
TCGA-AQ-A54N-01A-11R-A266-07,0.7593290859681527,1
TCGA-C8-A273-01A-11R-A16F-07,0.5802463225997169,1
TCGA-S3-AA14-01A-11R-A41B-07,0.7163295366516035,1
TCGA-A7-A2KD-01A-31R-A21T-07,0.7781419592357786,1
TCGA-C8-A131-01A-11R-A115-07,0.8974568537816904,1
TCGA-E2-A576-01A-11R-A31O-07,0.7103652069767267,1
TCGA-A2-A0T4-01A-31R-A084-07,0.6795840722811309,1
TCGA-A2-A04V-01A-21R-A034-07,0.4562082659507709,0
TCGA-AR-A0U0-01A-11R-A109-07,0.6389769683139724,1
TCGA-BH-A0BO-01A-23R-A12D-07,0.8370364785941495,1
TCGA-A2-A3KC-01A-11R-A213-07,0.43189856396400345,0
TCGA-BH-A18T-01A-11R-A12D-07,0.3662616158597797,0
TCGA-EW-A1J2-01A-21R-A13Q-07,0.8225756575894908,1
TCGA-A8-A084-01A-21R-A00Z-07,0.8209653163880963,1
TCGA-A8-A08X-01A-21R-A00Z-07,0.6707783211748627,1
TCGA-GM-A2DH-01A-11R-A180-07,0.918181750918678,1
TCGA-D8-A27L-01A-11R-A16F-07,0.8332106958251027,1
TCGA-A7-A3IZ-01A-11R-A213-07,0.7584977523262163,1
TCGA-AN-A04D-01A-21R-A034-07,0.7240938192981126,1
TCGA-5L-AAT0-01A-12R-A41B-07,0.7117315292686188,1
TCGA-AR-A1AU-01A-11R-A12P-07,0.57437713288632,1
TCGA-AC-A6IV-01A-12R-A33J-07,0.7733866002816249,1
TCGA-E2-A15C-01A-31R-A12D-07,0.783210625467243,1
TCGA-AO-A1KP-01A-11R-A13Q-07,0.8748349961168896,1
TCGA-E2-A15G-01A-11R-A12D-07,0.7647709549025566,1
TCGA-A2-A3KD-01A-12R-A213-07,0.34780194518559865,0
TCGA-D8-A1X5-01A-11R-A14D-07,0.7465185601751603,1
TCGA-AQ-A04L-01B-21R-A10J-07,0.7981439345051112,1
TCGA-A8-A096-01A-11R-A00Z-07,0.9338249494451417,1
TCGA-A2-A0YH-01A-11R-A109-07,0.6463231225593982,1
TCGA-AN-A0FW-01A-11R-A034-07,0.8053394059257648,1
TCGA-D8-A27H-01A-11R-A16F-07,0.7959547855934055,0
TCGA-OL-A6VQ-01A-12R-A41B-07,0.7820830157944777,1
TCGA-A7-A4SA-01A-11R-A266-07,0.488563725239102,0
TCGA-C8-A274-01A-11R-A16F-07,0.7831038324965295,1
TCGA-E2-A15J-01A-11R-A12P-07,0.7260241073408673,1
TCGA-BH-A0B3-01A-11R-A056-07,0.5343781274338409,1
TCGA-E2-A153-01A-12R-A12D-07,0.7417364784359713,1
TCGA-WT-AB44-01A-11R-A41B-07,0.8854520373663641,1
TCGA-B6-A0RQ-01A-11R-A115-07,0.31552653740548753,1
TCGA-A2-A0YM-01A-11R-A109-07,0.6160218408718585,1
TCGA-C8-A1HI-01A-11R-A137-07,0.6872427542410721,1
TCGA-AC-A3TM-01A-11R-A22K-07,0.7686196139024465,1
TCGA-A7-A0CD-01A-11R-A00Z-07,0.35056954712892685,0
TCGA-D8-A145-01A-11R-A115-07,0.7813956612208122,1
TCGA-BH-A0EB-01A-11R-A034-07,0.8056203819607354,1
TCGA-AR-A0TV-01A-21R-A084-07,0.7706745691728893,1
TCGA-E2-A15P-01A-11R-A115-07,0.7568885608058299,1
TCGA-A2-A04T-01A-21R-A034-07,0.7123705141144474,1
TCGA-E9-A2JT-01A-22R-A18M-07,0.7582605899950589,1
TCGA-OL-A5RW-01A-11R-A28M-07,0.4167097004171742,0
TCGA-PL-A8LV-01A-21R-A41B-07,0.856767755462433,1
TCGA-BH-A18M-01A-11R-A12D-07,0.752741797263727,1
TCGA-D8-A27N-01A-11R-A16F-07,0.7474617793465766,1
TCGA-C8-A3M8-01A-11R-A213-07,0.8046726748387528,1
TCGA-B6-A0WW-01A-11R-A109-07,0.7446046044811069,1
TCGA-E9-A3X8-01A-31R-A22U-07,0.8287407854388732,1
TCGA-C8-A133-01A-32R-A12D-07,0.2920686615094586,0
TCGA-D8-A1X6-01A-11R-A14M-07,0.7671379306539604,1
TCGA-A2-A04P-01A-31R-A034-07,0.8162933240897051,1
TCGA-E9-A1N3-01A-12R-A157-07,0.5461389693936213,1
TCGA-AN-A0XP-01A-11R-A109-07,0.6635911237260158,1
TCGA-E2-A1LK-01A-21R-A14D-07,0.17222745732306122,0
TCGA-C8-A132-01A-31R-A115-07,0.7513354811464917,1
TCGA-PE-A5DE-01A-11R-A27Q-07,0.7483942360498876,1
TCGA-EW-A6SC-01A-12R-A32P-07,0.6994856985094874,1
TCGA-BH-A0EI-01A-11R-A115-07,0.7523621792735319,1
TCGA-A8-A08I-01A-11R-A00Z-07,0.35409871875948695,0
TCGA-AO-A124-01A-11R-A10J-07,0.3675462340484679,0
TCGA-AN-A0XR-01A-11R-A109-07,0.7779837573799464,1
TCGA-BH-A204-01A-11R-A157-07,0.324994577831646,0
TCGA-AN-A0FF-01A-11R-A034-07,0.8372427818579898,1
TCGA-A2-A0T3-01A-21R-A115-07,0.5260730625152794,1
TCGA-B6-A0RI-01A-11R-A056-07,0.7022019445085171,1
TCGA-AO-A03R-01A-21R-A034-07,0.9948340870592735,1
TCGA-E9-A1RA-01A-11R-A14D-07,0.7203741340379708,1
TCGA-AN-A0XV-01A-11R-A109-07,0.7043932978038064,1
TCGA-E9-A1RI-01A-11R-A169-07,0.7808021969069717,1
TCGA-A8-A07J-01A-11R-A00Z-07,0.4069392727677669,0
TCGA-AC-A6IW-01A-12R-A33J-07,0.49275568926276214,1
TCGA-3C-AALJ-01A-31R-A41B-07,0.6852567409502229,1
TCGA-AN-A0XS-01A-22R-A109-07,0.7099784125692696,1
TCGA-E9-A226-01A-21R-A157-07,0.8676046946093948,1
TCGA-C8-A12K-01A-21R-A115-07,0.13477272112509825,0
TCGA-BH-A202-01A-11R-A14M-07,0.21829954350106054,0
TCGA-OL-A66H-01A-11R-A29R-07,0.5216222363485636,1
TCGA-E9-A1N9-01A-11R-A14D-07,0.8355747524980026,0
TCGA-A2-A0T2-01A-11R-A084-07,0.8517994536686377,1
TCGA-BH-A18H-01A-11R-A12D-07,0.7946503077450948,1
TCGA-UU-A93S-01A-21R-A41B-07,0.6786897797904143,1
TCGA-B6-A0RO-01A-22R-A084-07,0.7186591812013716,1
TCGA-E2-A10E-01A-21R-A10J-07,0.6193013620541061,1
TCGA-A7-A4SC-01A-12R-A266-07,0.7164290506707022,1
TCGA-B6-A0WZ-01A-11R-A109-07,0.8311672273284765,1
TCGA-A7-A6VW-01A-21R-A33J-07,0.5790062428510331,1
TCGA-E2-A1B5-01A-21R-A12P-07,0.7739524017070264,1
TCGA-A8-A092-01A-11R-A00Z-07,0.5443615725652723,1
TCGA-C8-A1HK-01A-21R-A13Q-07,0.7896110471838227,1
TCGA-BH-A0W3-01A-11R-A109-07,0.8209002756324708,1
TCGA-A7-A0CH-01A-21R-A00Z-07,0.7983308198666161,1
TCGA-AR-A1AX-01A-11R-A12P-07,0.5901903770336145,1
TCGA-EW-A1P0-01A-11R-A144-07,0.8064526147605308,1
TCGA-E9-A1NI-01A-11R-A14D-07,0.717826013242285,1
TCGA-AO-A12E-01A-11R-A10J-07,0.6824885161451351,1
TCGA-D8-A1XJ-01A-11R-A14M-07,0.6894926085468887,1
TCGA-B6-A0I6-01A-11R-A034-07,0.5638349954625275,1
TCGA-E9-A1RH-01A-21R-A169-07,0.7287154930830662,1
TCGA-BH-A18Q-01A-12R-A12D-07,0.7851045391289914,1
TCGA-AO-A0JI-01A-21R-A056-07,0.6675993437093456,1
TCGA-A2-A0CL-01A-11R-A115-07,0.8191285155497927,1
TCGA-E2-A155-01A-11R-A12D-07,0.6831847812718536,1
TCGA-B6-A0I8-01A-11R-A034-07,0.48753263548030124,0
TCGA-E2-A14X-01A-11R-A115-07,0.41263853050066474,0
TCGA-AC-A3YI-01A-21R-A239-07,0.5446352918989872,1
TCGA-AR-A1AI-01A-11R-A12P-07,0.5146229944652396,1
TCGA-D8-A1JK-01A-11R-A13Q-07,0.886054901891854,1
TCGA-BH-A0C3-01A-21R-A12P-07,0.9286060276639804,1
TCGA-A8-A09C-01A-11R-A00Z-07,0.7879101141343129,1
TCGA-LL-A50Y-01A-11R-A266-07,0.6524866112503329,1
TCGA-BH-A0B0-01A-21R-A115-07,0.45862821319817765,0
TCGA-OL-A66L-01A-12R-A31O-07,0.7028127323240733,1
TCGA-BH-A0AW-01A-11R-A056-07,0.4178412297752919,1
TCGA-D8-A1X8-01A-11R-A14M-07,0.704030654542109,1
TCGA-D8-A1JE-01A-11R-A13Q-07,0.8583550925733815,1
TCGA-BH-A1EO-01A-11R-A137-07,0.7387286221854313,1
TCGA-BH-A0HU-01A-11R-A034-07,0.7526338413609345,1
TCGA-BH-A0H7-01A-13R-A056-07,0.6520787431477655,1
TCGA-E9-A22D-01A-11R-A157-07,0.6196651904531196,1
TCGA-3C-AAAU-01A-11R-A41B-07,0.6564350122934679,1
TCGA-BH-A1FJ-01A-11R-A13Q-07,0.8476945055317737,1
TCGA-A8-A06P-01A-11R-A00Z-07,0.61532750598253,1
TCGA-A2-A25B-01A-11R-A169-07,0.6615060642406164,1
TCGA-AC-A2BM-01A-11R-A21T-07,0.7220148688421092,1
TCGA-E9-A6HE-01A-11R-A31O-07,0.66940536543231,1
TCGA-AO-A03O-01A-11R-A00Z-07,0.7595652385330631,1
TCGA-A2-A0EU-01A-22R-A056-07,0.713793724279665,1
TCGA-A8-A06O-01A-11R-A00Z-07,0.5666002379043337,1
TCGA-BH-A0BT-01A-11R-A12P-07,0.7567243941885632,1
TCGA-A2-A0YT-01A-11R-A109-07,0.5218355174966692,1
TCGA-E2-A14R-01A-11R-A115-07,0.5283251443072001,1
TCGA-B6-A0IC-01A-11R-A034-07,0.40567349787152807,0
TCGA-AC-A5XU-01A-11R-A28M-07,0.5933376067930831,1
TCGA-AR-A250-01A-31R-A169-07,0.23767030941965042,0
TCGA-D8-A1XZ-01A-11R-A14M-07,0.7498191650892186,1
TCGA-B6-A0I9-01A-11R-A034-07,0.9683535331514933,1
TCGA-B6-A0IA-01A-11R-A034-07,0.8033925535967587,1
TCGA-E2-A14N-01A-31R-A137-07,0.23272637627410625,0
TCGA-PL-A8LY-01A-11R-A41B-07,0.45912217936253014,1
TCGA-LL-A441-01A-11R-A24H-07,0.9689779739741968,1
TCGA-A8-A08S-01A-11R-A034-07,0.28007872703126907,0
TCGA-A8-A09V-01A-11R-A034-07,0.8393087267147958,1
TCGA-BH-A209-01A-11R-A157-07,0.8328679721484565,1
TCGA-GM-A5PX-01A-12R-A28M-07,0.6571637514855725,1
TCGA-A8-A085-01A-11R-A00Z-07,0.6663928863082125,1
TCGA-A2-A25E-01A-11R-A169-07,0.22555416470336986,0
TCGA-D8-A1JG-01B-11R-A13Q-07,0.4592172941861565,1
TCGA-AC-A2FO-01A-11R-A180-07,0.7393422110390363,1
TCGA-B6-A3ZX-01A-11R-A239-07,0.8387331569132688,1
TCGA-AN-A0FT-01A-11R-A034-07,0.7604727478233813,1
TCGA-AQ-A04H-01B-11R-A10J-07,0.6925754308398869,1
TCGA-AR-A1AR-01A-31R-A137-07,0.8988729775677292,1
TCGA-A2-A0CS-01A-11R-A115-07,0.7289564631632893,1
TCGA-A2-A1FZ-01A-51R-A14D-07,0.7120599777844951,1
TCGA-AC-A8OQ-01A-11R-A41B-07,0.8193798900240027,1
TCGA-AR-A0TR-01A-11R-A084-07,0.7319547850692555,1
TCGA-C8-A12M-01A-11R-A115-07,0.8303496725858303,1
TCGA-A1-A0SM-01A-11R-A084-07,0.733279357942721,1
TCGA-BH-A1ET-01A-11R-A137-07,0.7703416618119391,1
TCGA-A8-A0A1-01A-11R-A00Z-07,0.6692711001389491,1
TCGA-C8-A1HG-01A-11R-A137-07,0.5807874057177168,1
TCGA-E9-A1NF-01A-11R-A14D-07,0.9323471990229926,1
TCGA-A2-A0D4-01A-11R-A00Z-07,0.5881975688064263,1
TCGA-BH-A2L8-01A-11R-A18M-07,0.6247180233191648,1
TCGA-A8-A093-01A-11R-A00Z-07,0.7674523069447542,1
TCGA-D8-A1Y3-01A-11R-A157-07,0.8563593663582703,1
TCGA-AR-A1AY-01A-21R-A12P-07,0.6237065200563996,1
TCGA-AO-A12F-01A-11R-A115-07,0.7777912341537817,1
TCGA-AN-A0FL-01A-11R-A034-07,0.8939875421535309,1
TCGA-AR-A0TQ-01A-11R-A084-07,0.525738788771462,1
TCGA-A2-A0CP-01A-11R-A034-07,0.3957637854603939,0
TCGA-AO-A129-01A-21R-A10J-07,0.350989778924841,1
TCGA-D8-A1JH-01A-11R-A13Q-07,0.8258161289895206,1
TCGA-BH-A18K-01A-11R-A12D-07,0.7453809093162301,1
TCGA-B6-A0IM-01A-11R-A034-07,0.7558526811345666,1
TCGA-AO-A0J4-01A-11R-A034-07,0.2154300882388842,0
TCGA-AR-A1AW-01A-21R-A12P-07,0.8778467616190837,1
TCGA-AC-A62Y-01A-11R-A29R-07,0.47363091193651996,0
TCGA-A1-A0SH-01A-11R-A084-07,0.7256461408202733,1
TCGA-A8-A08C-01A-11R-A00Z-07,0.8369482915770874,1
TCGA-A2-A3XU-01A-12R-A22U-07,0.7506112298333056,1
TCGA-E2-A1LB-01A-11R-A144-07,0.4946226725320459,1
TCGA-D8-A1JJ-01A-31R-A14M-07,0.6733642752148669,1
TCGA-AN-A049-01A-21R-A00Z-07,0.6528950396303829,1
TCGA-A1-A0SN-01A-11R-A144-07,0.43379456967794955,0
TCGA-EW-A1IW-01A-11R-A13Q-07,0.7010011559721415,1
TCGA-LQ-A4E4-01A-11R-A266-07,0.7208863924957509,1
TCGA-E9-A5UP-01A-11R-A28M-07,0.45394205964574863,0
TCGA-EW-A1IY-01A-11R-A13Q-07,0.9294202840810726,1
TCGA-AN-A0XW-01A-11R-A109-07,0.8149291708547187,1
TCGA-AR-A24S-01A-11R-A169-07,0.8945460164527409,1
TCGA-AR-A2LM-01A-11R-A180-07,0.7978404479264257,1
TCGA-E9-A1NE-01A-21R-A14M-07,0.758674785261033,1
TCGA-LL-A9Q3-01A-11R-A41B-07,0.6789600773785758,1
TCGA-AC-A8OP-01A-11R-A36F-07,0.7091515651919403,1
TCGA-E2-A572-01A-13R-A31O-07,0.6844150456667516,1
TCGA-B6-A0IP-01A-11R-A034-07,0.7205156813509132,1
TCGA-C8-A135-01A-11R-A115-07,0.08619149318541655,0
TCGA-D8-A1XL-01A-11R-A14M-07,0.288193081620468,0
TCGA-EW-A1PC-01B-11R-A21T-07,0.20779009838360368,0
TCGA-AO-A03M-01B-11R-A10J-07,0.44133537567976827,0
TCGA-AN-A0FN-01A-11R-A034-07,0.8399331415038244,1
TCGA-A7-A4SD-01A-11R-A266-07,0.713638939620142,1
TCGA-BH-A0HN-01A-11R-A10U-07,0.6603759041481495,1
TCGA-S3-A6ZH-01A-22R-A32P-07,0.41069937128640294,0
TCGA-AC-A3QP-01A-11R-A22U-07,0.38269537488659805,0
TCGA-5L-AAT1-01A-12R-A41B-07,0.65569150354319,1
TCGA-AN-A0FY-01A-11R-A034-07,0.29722350917747636,0
TCGA-BH-A0BA-01A-11R-A056-07,0.7895928331966244,1
TCGA-A2-A0CU-01A-12R-A034-07,0.6755916440639329,1
TCGA-D8-A143-01A-11R-A115-07,0.7328395984495495,1
TCGA-BH-A0DE-01A-11R-A115-07,0.6994903906616162,1
TCGA-A2-A0EO-01A-11R-A034-07,0.6849692307594001,1
TCGA-AO-A0JF-01A-11R-A056-07,0.7909174250950332,1
TCGA-A8-A09E-01A-11R-A00Z-07,0.48939647256594815,1
TCGA-BH-A0AZ-01A-21R-A12P-07,0.6920276390397306,1
TCGA-GM-A2DN-01A-11R-A180-07,0.6392160853664516,1
TCGA-E2-A15T-01A-11R-A115-07,0.6760595471474078,1
TCGA-BH-A1F6-01A-11R-A13Q-07,0.18936609921699576,0
TCGA-BH-A0DX-01A-11R-A115-07,0.6893109593607922,1
TCGA-EW-A3U0-01A-11R-A22K-07,0.5139305889534733,0
TCGA-BH-A0DV-01A-21R-A12P-07,0.7460609658425813,1
TCGA-AC-A3TN-01A-11R-A22K-07,0.730094746610577,1
TCGA-A1-A0SK-01A-12R-A084-07,0.8333272705973348,1
TCGA-B6-A0X5-01A-21R-A109-07,0.6703779258198063,1
TCGA-A2-A0YC-01A-11R-A109-07,0.38301771756134756,0
TCGA-A2-A0CZ-01A-11R-A034-07,0.2071648015004188,0
TCGA-C8-A27A-01A-11R-A169-07,0.7073817900740852,1
TCGA-AR-A1AP-01A-11R-A12P-07,0.6205202206241066,1
TCGA-BH-A0B4-01A-11R-A00Z-07,0.4603072659314504,0
TCGA-BH-A0BV-01A-11R-A00Z-07,0.5610323263144539,1
TCGA-AN-A0XO-01A-11R-A109-07,0.4142699810929764,0
TCGA-AC-A2QJ-01A-12R-A19W-07,0.9661764461030585,1
TCGA-GM-A2DD-01A-11R-A180-07,0.42101412323916637,0
TCGA-AR-A1AV-01A-21R-A12P-07,0.705286497787211,1
TCGA-D8-A1XF-01A-11R-A14D-07,0.6360030803037245,1
TCGA-LL-A6FP-01A-11R-A31O-07,0.7419141675061951,1
TCGA-D8-A1XA-01A-11R-A14D-07,0.7432433628435298,1
TCGA-C8-A26V-01A-11R-A16F-07,0.813990958540214,1
TCGA-PE-A5DC-01A-12R-A27Q-07,0.34730606741302156,0
TCGA-E2-A1LH-01A-11R-A14D-07,0.8362694178078192,1
TCGA-BH-A0B9-01A-11R-A056-07,0.6814791415898284,1
TCGA-E9-A1N8-01A-11R-A144-07,0.8578219491398205,1
TCGA-AC-A62V-01A-11R-A31O-07,0.8685971423591689,1
TCGA-EW-A1PH-01A-11R-A14M-07,0.4765393033123815,1
TCGA-AR-A5QP-01A-11R-A28M-07,0.6138690882555684,1
TCGA-BH-A5J0-01A-11R-A27Q-07,0.6671620301836704,1
TCGA-A1-A0SB-01A-11R-A144-07,0.9801647365638979,1
TCGA-B6-A0IK-01A-12R-A056-07,0.5534689924184228,1
TCGA-A8-A06Q-01A-11R-A034-07,0.2269577781046855,0
TCGA-AR-A2LH-01A-31R-A18M-07,0.724353936390685,1
TCGA-AR-A24Z-01A-11R-A169-07,0.8070220775467409,1
TCGA-Z7-A8R5-01A-42R-A41B-07,0.7197370668929834,1
TCGA-A8-A0A9-01A-11R-A00Z-07,0.41873060603623535,0
TCGA-D8-A1JA-01A-11R-A13Q-07,0.9471851365287686,1
TCGA-AN-A0FK-01A-11R-A034-07,0.6028179740208984,1
TCGA-GM-A2DL-01A-11R-A18M-07,0.7304956579361471,1
TCGA-EW-A1P6-01A-11R-A144-07,0.6434948620334083,1
TCGA-BH-A0EA-01A-11R-A115-07,0.7387975414786172,1
TCGA-BH-A8FY-01A-11R-A36F-07,0.7301238572301927,1
TCGA-E2-A1L9-01A-11R-A13Q-07,0.7155752742733814,1
TCGA-E9-A1R2-01A-11R-A14D-07,0.7180555946344513,1
TCGA-AC-A2FM-01A-11R-A19W-07,0.5930513511764842,1
TCGA-E2-A108-01A-13R-A10J-07,0.2727339036386659,1
TCGA-OL-A66O-01A-11R-A31O-07,0.564524792712726,0
TCGA-C8-A275-01A-21R-A16F-07,0.49707194463366094,1
TCGA-B6-A0IO-01A-11R-A034-07,0.6317009995634515,1
TCGA-BH-A0HO-01A-11R-A034-07,0.7398664121568017,1
TCGA-EW-A1P8-01A-11R-A144-07,0.401711809058008,1
TCGA-A2-A0D0-01A-11R-A00Z-07,0.6481777969321753,1
TCGA-A2-A0SX-01A-12R-A084-07,0.788035724728493,1
TCGA-D8-A27I-01A-11R-A16F-07,0.40379326508575253,0
TCGA-EW-A2FS-01A-11R-A17B-07,0.47131135968397997,0
TCGA-Z7-A8R6-01A-11R-A41B-07,0.31135370737990414,0
TCGA-E2-A15O-01A-11R-A115-07,0.7660374972960549,1
TCGA-V7-A7HQ-01A-11R-A33J-07,0.8354019440972851,1
TCGA-C8-A12W-01A-11R-A115-07,0.5954598512982063,1
TCGA-A7-A3IY-01A-21R-A21T-07,0.5086117130661031,1
TCGA-A8-A08B-01A-11R-A00Z-07,0.9568307301186936,1
TCGA-5T-A9QA-01A-11R-A41B-07,0.7731092479177829,1
TCGA-E2-A106-01A-11R-A10J-07,0.6874765956989873,1
TCGA-E2-A1B6-01A-31R-A12P-07,0.7852463220270012,1
TCGA-AC-A2FF-01A-11R-A17B-07,0.5793299364829072,0
TCGA-EW-A1PA-01A-11R-A144-07,0.7934986141541968,1
TCGA-D8-A27T-01A-11R-A16F-07,0.6912390962666155,1
TCGA-LD-A66U-01A-11R-A31O-07,0.688999092706834,1
TCGA-A8-A07Z-01A-11R-A00Z-07,0.7344427225303692,1
TCGA-AR-A1AO-01A-11R-A12P-07,0.2030556101078306,1
TCGA-E2-A573-01A-11R-A29R-07,0.3520673132196323,1
TCGA-AC-A2FB-01A-11R-A17B-07,0.7738311462941313,1
TCGA-AN-A0G0-01A-11R-A034-07,0.7995082522101595,1
TCGA-BH-A0H5-01A-21R-A115-07,0.7905295333667014,1
TCGA-A8-A07S-01A-11R-A034-07,0.7308143007483028,1
TCGA-E9-A3QA-01A-61R-A22K-07,0.608810423847858,1
TCGA-A1-A0SI-01A-11R-A144-07,0.6053266815209308,0
TCGA-A8-A09W-01A-11R-A00Z-07,0.686744656045262,1
TCGA-BH-A1F0-01A-11R-A137-07,0.8439698022604304,1
TCGA-A2-A0D2-01A-21R-A034-07,0.5641986809370331,1
TCGA-OL-A5D8-01A-11R-A27Q-07,0.7265894518810564,1
TCGA-BH-A18G-01A-11R-A12D-07,0.8601352476677404,1
TCGA-A2-A0YI-01A-31R-A10J-07,0.780606827002125,1
TCGA-A8-A0A4-01A-11R-A00Z-07,0.593582518862712,1
TCGA-A7-A425-01A-11R-A24H-07,0.6670675138527601,1
TCGA-E9-A22A-01A-11R-A157-07,0.7835281648822054,1
TCGA-A8-A08J-01A-11R-A00Z-07,0.8127643142628496,1
TCGA-A2-A3Y0-01A-11R-A239-07,0.2279590630693497,0
TCGA-AC-A2BK-01A-11R-A21T-07,0.7519826690879254,1
TCGA-B6-A0IN-01A-11R-A034-07,0.5203770601829161,0
TCGA-D8-A1JD-01A-11R-A13Q-07,0.1582179473034681,0
TCGA-GM-A2DK-01A-21R-A180-07,0.7656266163969007,1
TCGA-OL-A5RX-01A-11R-A28M-07,0.7052019945407898,1
TCGA-A8-A08Z-01A-21R-A00Z-07,0.7861376367046812,1
TCGA-A2-A0YD-01A-11R-A109-07,0.6847035512750173,1
TCGA-A7-A3J1-01A-11R-A213-07,0.7509729496602479,1
TCGA-BH-A1FD-01A-11R-A13Q-07,0.7432679529419013,1
TCGA-A2-A0D1-01A-11R-A034-07,0.23357903904608984,0
TCGA-BH-A0BL-01A-11R-A115-07,0.8347124026764915,1
TCGA-E2-A1IH-01A-11R-A13Q-07,0.833386367787799,1
TCGA-AR-A0TU-01A-31R-A109-07,0.4203020191272077,1
TCGA-AC-A2FG-01A-11R-A17B-07,0.8060625764766586,1
TCGA-GM-A4E0-01A-12R-A266-07,0.43154329699773136,0
TCGA-AC-A3W7-01A-11R-A22K-07,0.6376043918969966,1
TCGA-A8-A083-01A-21R-A00Z-07,0.6596785720947331,1
TCGA-A2-A0EN-01A-13R-A084-07,0.7787645895333132,1
TCGA-D8-A1Y0-01A-11R-A14M-07,0.6306320923235867,0
TCGA-AR-A1AK-01A-21R-A12P-07,0.7412449729051943,1
TCGA-AC-A7VC-01A-11R-A352-07,0.6516918678320257,1
TCGA-A7-A0CJ-01A-21R-A00Z-07,0.5763058016048301,1
TCGA-AO-A03U-01B-21R-A10J-07,0.6679767686505385,1
TCGA-E2-A2P5-01A-11R-A19W-07,0.8117697209674212,1
TCGA-E2-A15S-01A-11R-A115-07,0.6304424579758984,1
TCGA-A1-A0SJ-01A-11R-A084-07,0.3789385849055124,0
TCGA-A2-A04N-01A-11R-A115-07,0.7364522901034343,1
TCGA-B6-A401-01A-11R-A239-07,0.4275812641768318,0
TCGA-D8-A1JU-01A-11R-A13Q-07,0.8036008075708524,1
TCGA-B6-A40B-01A-11R-A239-07,0.7299344001030139,1
TCGA-LD-A9QF-01A-32R-A41B-07,0.03459382875553861,0
TCGA-AO-A03T-01A-21R-A034-07,0.958261483282162,0
TCGA-E9-A3Q9-01A-11R-A21T-07,0.3915659918144275,0
TCGA-D8-A1JP-01A-11R-A13Q-07,0.7214831056136534,1
TCGA-BH-A18I-01A-11R-A12D-07,0.7603001082847337,1
TCGA-BH-A28Q-01A-11R-A16F-07,0.6611947971157744,1
TCGA-EW-A1OW-01A-21R-A144-07,0.5985059024865619,1
TCGA-BH-A18R-01A-11R-A12D-07,0.9260164150588572,1
TCGA-AO-A0J8-01A-21R-A034-07,0.4913432254570539,0
TCGA-AC-A3BB-01A-21R-A19W-07,0.41145986276537166,0
TCGA-E9-A247-01A-11R-A169-07,0.803097407416464,1
TCGA-D8-A73U-01A-11R-A33J-07,0.5974100484579317,0
TCGA-BH-A18V-01A-11R-A12D-07,0.6729958309999902,1
TCGA-BH-A0C1-01B-11R-A12D-07,0.5039086049056165,0
TCGA-AC-A3W6-01A-12R-A22K-07,0.6883522676719073,1
TCGA-BH-A1FR-01A-11R-A13Q-07,0.6108595616607759,1
TCGA-A2-A1G0-01A-11R-A13Q-07,0.6082830894243642,0
TCGA-BH-A0DQ-01A-11R-A084-07,0.6173285576771965,1
TCGA-A2-A0ER-01A-21R-A034-07,0.7101916939540971,1
TCGA-D8-A27P-01A-11R-A16F-07,0.7503642204159392,1
TCGA-B6-A1KN-01A-11R-A13Q-07,0.4923041421689033,1
TCGA-E9-A228-01A-31R-A157-07,0.571902869710484,1
TCGA-BH-A0B2-01A-11R-A10J-07,0.71887010929972,1
TCGA-B6-A0X4-01A-11R-A109-07,0.34005970953093045,0
TCGA-BH-A1EY-01A-11R-A13Q-07,0.798600964912539,1
TCGA-BH-A0HX-01A-21R-A056-07,0.5641101001150749,1
TCGA-A8-A094-01A-11R-A00Z-07,0.5179710392108496,1
TCGA-AO-A1KR-01A-12R-A144-07,0.2435774684439519,0
TCGA-A2-A0CV-01A-31R-A115-07,0.7823485862342597,1
TCGA-A8-A076-01A-21R-A00Z-07,0.6806206972477303,1
TCGA-E9-A1RE-01A-11R-A157-07,0.6274986769904642,1
TCGA-S3-A6ZG-01A-22R-A32P-07,0.7675701967500442,1
TCGA-A8-A06Z-01A-11R-A00Z-07,0.6240144861696909,1
TCGA-BH-A8FZ-01A-11R-A352-07,0.7025698140104728,1
TCGA-LL-A440-01A-11R-A24H-07,0.7205621017384624,1
TCGA-E9-A249-01A-11R-A169-07,0.8754533668155169,1
TCGA-PL-A8LX-01A-11R-A41B-07,0.6363106440732496,1
TCGA-E2-A1L8-01A-11R-A13Q-07,0.8324745615232155,1
TCGA-EW-A6SD-01A-12R-A33J-07,0.5492617180887411,1
TCGA-AO-A0JL-01A-11R-A056-07,0.9144759489372652,1
TCGA-MS-A51U-01A-31R-A266-07,0.6620547632003287,1
TCGA-BH-A0E7-01A-11R-A034-07,0.7216588489619264,1
TCGA-E9-A22G-01A-11R-A157-07,0.5911934039935957,1
TCGA-A8-A08R-01A-11R-A034-07,0.5302317645700079,1
TCGA-A2-A4S1-01A-21R-A266-07,0.9889983353442816,1
TCGA-E2-A1II-01A-11R-A144-07,0.4601058012817823,1
TCGA-A7-A3J0-01A-11R-A213-07,0.3430122331808898,0
TCGA-BH-A0B8-01A-21R-A056-07,0.35224408503587296,0
TCGA-AR-A24L-01A-11R-A169-07,0.8195833028276325,1
TCGA-EW-A1J3-01A-11R-A13Q-07,0.8916775965056875,1
TCGA-AR-A5QM-01A-11R-A27Q-07,0.7831405904198593,1
TCGA-AO-A1KS-01A-11R-A13Q-07,0.791261624390562,1
TCGA-D8-A1JI-01A-11R-A13Q-07,0.9267511954288576,1
TCGA-A8-A09N-01A-11R-A00Z-07,0.6741279016816462,1
TCGA-BH-A203-01A-12R-A169-07,0.716664022096078,1
TCGA-AR-A2LQ-01A-22R-A18M-07,0.3131893030966838,1
TCGA-AR-A251-01A-12R-A169-07,0.9146279747655306,1
TCGA-BH-A18J-01A-11R-A12D-07,0.7071053182083876,1
TCGA-D8-A1XM-01A-21R-A14M-07,0.6552697559573577,1
TCGA-BH-A0HA-01A-11R-A12P-07,0.5906994203691589,1
TCGA-AR-A0U2-01A-11R-A109-07,0.7687781434976879,1
TCGA-E2-A1B1-01A-21R-A12P-07,0.8294310399345385,1
TCGA-AC-A62X-01A-11R-A29R-07,0.31966016783449214,0
TCGA-A7-A5ZW-01A-12R-A29R-07,0.7250190973630976,1
TCGA-BH-A28O-01A-11R-A22K-07,0.15794708578828268,1
TCGA-D8-A1XQ-01A-11R-A14M-07,0.3478929030954591,0
TCGA-E9-A248-01A-11R-A169-07,0.8436793761708496,1
TCGA-A8-A07E-01A-11R-A034-07,0.7810715667909293,1
TCGA-AC-A23E-01A-11R-A157-07,0.794759425561292,1
TCGA-E9-A1N4-01A-11R-A14M-07,0.775337412616315,1
TCGA-E2-A15H-01A-11R-A12D-07,0.4370188301114929,0
TCGA-E2-A1IJ-01A-11R-A144-07,0.742662206963415,1
TCGA-D8-A1XR-01A-11R-A14M-07,0.8697714054311243,1
TCGA-A8-A075-01A-11R-A084-07,0.696387110920055,1
TCGA-A8-A06U-01A-11R-A00Z-07,0.3760997113663076,0
TCGA-B6-A0X7-01A-11R-A10J-07,0.6650200537098698,1
TCGA-AQ-A04J-01A-02R-A034-07,0.6081591035601654,1
TCGA-A2-A0CQ-01A-21R-A034-07,0.7628358273616077,1
TCGA-A8-A07F-01A-11R-A00Z-07,0.7411144022305819,1
TCGA-A8-A082-01A-11R-A00Z-07,0.7875808897727283,1
TCGA-AN-A0XT-01A-11R-A109-07,0.6778788995855007,1
TCGA-AR-A24X-01A-11R-A169-07,0.532144261155674,0
TCGA-A2-A04Y-01A-21R-A034-07,0.7981713929446084,1
TCGA-A2-A1G4-01A-11R-A13Q-07,0.829673707497347,1
TCGA-B6-A0IE-01A-11R-A034-07,0.8008443583591989,1
TCGA-A8-A079-01A-21R-A00Z-07,0.6612434436961149,1
TCGA-E2-A15E-01A-11R-A12D-07,0.6257497650273182,1
TCGA-E9-A1R3-01A-31R-A14M-07,0.7704425054639003,1
TCGA-AR-A0TT-01A-31R-A084-07,0.47624996007260184,0
TCGA-S3-AA0Z-01A-11R-A41B-07,0.9319322596164402,1
TCGA-BH-A0E1-01A-11R-A056-07,0.8072103371428457,1
TCGA-AC-A23G-01A-11R-A213-07,0.6931697498475973,1
TCGA-GM-A3XG-01A-31R-A24H-07,0.5403141103173545,1
TCGA-AR-A1AM-01A-41R-A22K-07,0.5335236686103005,0
TCGA-E9-A1N5-01A-11R-A14D-07,0.7958120571418128,1
TCGA-A2-A3XX-01A-21R-A239-07,0.631914641768137,1
TCGA-BH-A0BQ-01A-21R-A115-07,0.6940635490864544,1
TCGA-EW-A1P7-01A-21R-A144-07,0.41119324773058236,1
TCGA-BH-A5IZ-01A-11R-A27Q-07,0.4998024087298564,1
TCGA-D8-A1X7-01A-11R-A14M-07,0.5044200572965,0
TCGA-BH-A0DP-01A-21R-A056-07,0.736467241194606,1
TCGA-AC-A7VB-01A-11R-A352-07,0.1903273273944493,0
TCGA-A2-A0ST-01A-12R-A084-07,0.5795035078352493,1
TCGA-A2-A0ES-01A-11R-A115-07,0.7680142899185719,1
TCGA-BH-A0DT-01A-21R-A12D-07,0.7451891482843065,1
TCGA-AN-A0AR-01A-11R-A00Z-07,0.6607272704956444,1
TCGA-A2-A0YJ-01A-11R-A109-07,0.31854480480931974,0
TCGA-D8-A4Z1-01A-21R-A266-07,0.5366242427339377,0
TCGA-AO-A0JC-01A-11R-A056-07,0.9037493869356849,1
TCGA-A2-A04Q-01A-21R-A034-07,0.27606160364677435,0
TCGA-GM-A2DF-01A-11R-A180-07,0.690097377269448,1
TCGA-GM-A2DI-01A-31R-A18M-07,0.683931372848244,1
TCGA-LL-A5YO-01A-21R-A28M-07,0.1531512144479693,0
TCGA-EW-A3E8-01B-11R-A24H-07,0.4014165699115101,0
TCGA-BH-A0E9-01B-11R-A115-07,0.7626551329235032,1
TCGA-AR-A1AH-01A-11R-A12D-07,0.8227633393260368,1
TCGA-E2-A10A-01A-21R-A115-07,0.7805771067358097,1
TCGA-C8-A1HF-01A-11R-A137-07,0.7113651677584721,1
TCGA-A7-A13H-01A-11R-A22K-07,0.748543571193333,1
TCGA-A7-A13F-01A-11R-A12P-07,0.7385412342690164,1
TCGA-D8-A1XV-01A-11R-A14M-07,0.49345387192646606,0
TCGA-E2-A574-01A-11R-A29R-07,0.47836185103173134,1
TCGA-GM-A5PV-01A-11R-A28M-07,0.606948304459621,1
TCGA-EW-A1PB-01A-11R-A144-07,0.19510584524233135,0
TCGA-E2-A1IO-01A-11R-A144-07,0.7822534803528255,1
TCGA-B6-A0RH-01A-21R-A115-07,0.8632190140553152,1
TCGA-BH-A0B7-01A-12R-A115-07,0.9047962559876708,1
TCGA-C8-A137-01A-11R-A115-07,0.1928983529076049,0
TCGA-LL-A8F5-01A-11R-A36F-07,0.7874132108970785,1
TCGA-AQ-A0Y5-01A-11R-A14M-07,0.8045527735362377,1
TCGA-D8-A13Z-01A-11R-A115-07,0.07065569397428523,0
TCGA-A2-A4RX-01A-11R-A266-07,0.9680320703302578,1
TCGA-AR-A24U-01A-11R-A169-07,0.8421370087882644,1
TCGA-E2-A105-01A-11R-A10J-07,0.7556307516006185,1
TCGA-C8-A1HN-01A-11R-A137-07,0.6386892171655383,1
TCGA-BH-A18S-01A-11R-A12D-07,0.6666943899733814,1
TCGA-E2-A14Q-01A-11R-A12D-07,0.736861071661499,1
TCGA-A7-A0DA-01A-31R-A115-07,0.8563540842492392,1
TCGA-EW-A1P4-01A-21R-A144-07,0.5318211602596276,1
TCGA-A8-A081-01A-11R-A00Z-07,0.5501862350295889,1
TCGA-BH-A0E0-01A-11R-A056-07,0.6729040119028931,1
TCGA-OL-A66N-01A-12R-A31O-07,0.47772352005411395,0
TCGA-E2-A2P6-01A-11R-A19W-07,0.46064769609169576,0
TCGA-BH-A0DK-01A-21R-A056-07,0.6072859805663054,1
TCGA-E9-A5UO-01A-11R-A28M-07,0.7718500733391644,1
TCGA-D8-A1JC-01A-11R-A13Q-07,0.7152998854320418,1
TCGA-C8-A134-01A-11R-A115-07,0.6380723006876526,1
TCGA-A2-A3XT-01A-11R-A22U-07,0.6080679574927851,1
TCGA-AR-A256-01A-11R-A169-07,0.7637563723276267,1
TCGA-D8-A1JL-01A-11R-A13Q-07,0.8251672709417277,1
TCGA-E9-A24A-01A-11R-A169-07,0.7678377573666688,1
TCGA-A2-A3XZ-01A-42R-A239-07,0.7843364798954205,1
TCGA-BH-A0BF-01A-21R-A12P-07,0.8538907928281193,1
TCGA-D8-A27F-01A-11R-A16F-07,0.6559884015693306,1
TCGA-A2-A0CY-01A-12R-A034-07,0.9067801733567696,1
TCGA-D8-A27E-01A-11R-A16F-07,0.4224676838603416,0
TCGA-A2-A0EP-01A-52R-A22U-07,0.6972045514690633,1
TCGA-GI-A2C8-01A-11R-A16F-07,0.761741340339029,1
TCGA-A8-A099-01A-11R-A00Z-07,0.5193213552998174,0
TCGA-A2-A04U-01A-11R-A115-07,0.8575917228754526,1
TCGA-BH-A0HP-01A-12R-A084-07,0.7179281831504083,1
TCGA-EW-A2FV-01A-11R-A17B-07,0.7690973641145793,1
TCGA-A2-A0CR-01A-11R-A22K-07,0.6850690358337219,1
TCGA-BH-A0DS-01A-11R-A056-07,0.699651109849421,1
TCGA-D8-A1XC-01A-11R-A14D-07,0.6907679442891996,1
TCGA-E2-A14O-01A-31R-A115-07,0.8280466469942882,1
TCGA-A1-A0SF-01A-11R-A144-07,0.6529107820471204,1
TCGA-A8-A06X-01A-21R-A00Z-07,0.6659884583596403,1
TCGA-BH-A0HI-01A-11R-A084-07,0.5231151067833207,1
TCGA-E2-A14U-01A-11R-A22K-07,0.537363817318851,1
TCGA-E2-A15A-01A-11R-A12D-07,0.09276718982962479,0
TCGA-A2-A1G6-01A-11R-A13Q-07,0.8638706330683681,1
TCGA-B6-A1KC-01B-11R-A157-07,0.7689508287294168,1
TCGA-OL-A5RZ-01A-11R-A28M-07,0.8905910299834209,1
TCGA-A8-A07I-01A-11R-A00Z-07,0.3554534142904212,0
TCGA-A2-A0T0-01A-22R-A084-07,0.5379693751661935,1
TCGA-BH-A42V-01A-11R-A24H-07,0.70082960295262,1
TCGA-GM-A3XN-01A-12R-A22U-07,0.6832977152279344,1
TCGA-D8-A3Z6-01A-11R-A239-07,0.717382389510313,1
TCGA-B6-A0IQ-01A-11R-A034-07,0.7363729832532014,1
TCGA-A8-A095-01A-11R-A00Z-07,0.7881609390851904,1
TCGA-AO-A125-01A-11R-A10J-07,0.8252210846443097,1
TCGA-EW-A6SA-01A-21R-A32P-07,0.2236035282971353,0
TCGA-BH-A0DD-01A-31R-A12P-07,0.6521977407445351,1
TCGA-AO-A0J3-01A-11R-A034-07,0.3272503720753876,0
TCGA-A2-A3XS-01A-11R-A22U-07,0.2884749854952519,0
TCGA-AC-A8OR-01A-21R-A41B-07,0.5473802029852799,1
TCGA-BH-A0HK-01A-11R-A056-07,0.7437749025532964,1
TCGA-E2-A1IG-01A-11R-A144-07,0.6727281981742648,1
TCGA-AO-A12B-01A-11R-A10J-07,0.5474918652982372,1
TCGA-EW-A1J5-01A-11R-A13Q-07,0.7974105207993148,1
TCGA-C8-A12Q-01A-11R-A115-07,0.8797116860721504,1
TCGA-A2-A0EQ-01A-11R-A034-07,0.1574413115832402,0
TCGA-GM-A3XL-01A-11R-A22U-07,0.5099310702244951,1
TCGA-BH-A1EU-01A-11R-A137-07,0.8644654133395738,1
TCGA-BH-A0RX-01A-21R-A084-07,0.6257547382512454,1
TCGA-E9-A1RF-01A-11R-A157-07,0.6573244792180504,1
TCGA-AC-A2QI-01A-12R-A19W-07,0.7205533773144313,1
TCGA-A8-A090-01A-11R-A00Z-07,0.4268422179368458,0
TCGA-AR-A5QQ-01A-11R-A28M-07,0.7555530948486321,1
TCGA-XX-A899-01A-11R-A36F-07,0.7022237472120648,1
TCGA-E2-A156-01A-11R-A12D-07,0.6751728264671104,1
TCGA-AN-A04C-01A-21R-A034-07,0.1397053016816769,0
TCGA-AN-A0AT-01A-11R-A034-07,0.5232412137232982,1
TCGA-UL-AAZ6-01A-11R-A41B-07,0.7340274850198959,1
TCGA-D8-A1X9-01A-12R-A157-07,0.8474367960076434,1
TCGA-E9-A22E-01A-11R-A157-07,0.9331597167468642,1
TCGA-BH-A1FB-01A-11R-A13Q-07,0.8004792760424002,1
TCGA-C8-A8HR-01A-11R-A36F-07,0.36808966444817076,1
TCGA-EW-A2FR-01A-11R-A21T-07,0.9412886386523031,1
TCGA-AN-A0AJ-01A-11R-A00Z-07,0.5629064971060702,1
TCGA-LD-A7W6-01A-81R-A352-07,0.6272046164145763,1
TCGA-BH-A0B6-01A-11R-A19W-07,0.7390854828795264,1
TCGA-AR-A252-01A-11R-A169-07,0.8451689239677488,1
TCGA-AR-A254-01A-21R-A169-07,0.8011720669209401,1
TCGA-AO-A03P-01A-11R-A00Z-07,0.7100956337085776,1
TCGA-A8-A07O-01A-11R-A00Z-07,0.267509931773726,0
TCGA-EW-A1PE-01A-11R-A144-07,0.4226210013820276,0
TCGA-AR-A2LL-01A-11R-A180-07,0.7060530828853381,1
TCGA-A7-A26H-01A-11R-A169-07,0.82536616265297,1
TCGA-C8-A26Z-01A-11R-A16F-07,0.7454707981401207,1
TCGA-AO-A0J9-01A-11R-A034-07,0.7282272859671672,1
TCGA-EW-A1PF-01A-11R-A144-07,0.6092398574417643,1
TCGA-A2-A25F-01A-11R-A169-07,0.8788258793467338,1
TCGA-D8-A73W-01A-22R-A352-07,0.717556795907654,1
TCGA-AR-A2LJ-01A-12R-A19W-07,0.2863161619870843,0
TCGA-A8-A07C-01A-11R-A034-07,0.9071190513337422,1
TCGA-E9-A245-01A-22R-A16F-07,0.2702502846926009,0
TCGA-B6-A408-01A-12R-A24H-07,0.29084636036344985,0
TCGA-AR-A255-01A-11R-A169-07,0.43251105762456415,0
TCGA-E2-A1L6-01A-11R-A13Q-07,0.5100985064095768,0
TCGA-E9-A295-01A-11R-A16F-07,0.4718341146058841,1
TCGA-BH-A1FE-01A-11R-A13Q-07,0.6230940274425324,0
TCGA-BH-A1FM-01A-11R-A13Q-07,0.38005970303213893,0
TCGA-OL-A5RU-01A-11R-A28M-07,0.7125307623935225,1
TCGA-C8-A1HO-01A-11R-A13Q-07,0.44779436761041513,0
TCGA-GM-A2DO-01A-11R-A18M-07,0.7529446523081842,0
TCGA-AN-A0FZ-01A-11R-A034-07,0.6832174569617,1
TCGA-D8-A1JN-01A-11R-A13Q-07,0.8202475899674109,1
TCGA-OL-A6VO-01A-12R-A33J-07,0.13846965939033007,0
TCGA-AN-A0FV-01A-11R-A00Z-07,0.6224415886502164,1
TCGA-D8-A1J9-01A-11R-A13Q-07,0.7777803108462299,1
TCGA-B6-A0IB-01A-11R-A034-07,0.7751007904136614,1
TCGA-A8-A06R-01A-11R-A00Z-07,0.518530010471296,0
TCGA-AR-A24H-01A-11R-A169-07,0.6680595102828965,1
TCGA-E2-A109-01A-11R-A10J-07,0.5479695319500197,1
TCGA-AR-A5QN-01A-12R-A28M-07,0.6595966654825598,1
TCGA-A2-A0EX-01A-21R-A034-07,0.6746504641844115,1
TCGA-C8-A12N-01A-11R-A115-07,0.631630195995322,1
TCGA-A2-A259-01A-11R-A16F-07,0.8138122777393105,1
TCGA-AO-A12A-01A-21R-A115-07,0.4975780932435189,0
TCGA-A7-A3RF-01A-11R-A22K-07,0.544629525716649,1
TCGA-AN-A0FS-01A-11R-A034-07,0.7284188241962135,1
TCGA-C8-A26W-01A-11R-A16F-07,0.7463372263660876,1
TCGA-E9-A1RC-01A-11R-A157-07,0.8464743374245262,1
TCGA-E2-A1B0-01A-11R-A12P-07,0.6899820904175216,1
TCGA-AO-A126-01A-11R-A10J-07,0.711999249290505,1
TCGA-AC-A4ZE-01A-11R-A41B-07,0.426821707324191,0
TCGA-E9-A229-01A-31R-A157-07,0.7691993775661249,1
TCGA-EW-A1P1-01A-31R-A14D-07,0.050725723241352626,0
TCGA-BH-AB28-01A-31R-A41B-07,0.6215487869151674,1
TCGA-A8-A08P-01A-11R-A00Z-07,0.10229209261175758,0
TCGA-EW-A1IX-01A-12R-A144-07,0.46833973931295225,0
TCGA-LL-A73Z-01A-11R-A32P-07,0.30279142627179106,0
TCGA-E9-A1R7-01A-11R-A14M-07,0.7748161392113738,1
TCGA-BH-A1F2-01A-31R-A13Q-07,0.5003985892045154,0
TCGA-A8-A0A6-01A-12R-A056-07,0.8158232108301634,1
TCGA-A1-A0SE-01A-11R-A084-07,0.7312390619211583,1
TCGA-E9-A1NG-01A-21R-A14M-07,0.7315752654349894,1
TCGA-B6-A1KF-01A-11R-A13Q-07,0.870919962008979,1
TCGA-BH-A0EE-01A-11R-A034-07,0.5940203123467873,1
TCGA-BH-A0BD-01A-11R-A034-07,0.7470429723891633,1
TCGA-OL-A5RY-01A-21R-A28M-07,0.5455546727477362,1
TCGA-E9-A1RD-01A-11R-A157-07,0.7624769233809158,1
TCGA-AR-A24K-01A-11R-A169-07,0.8176020018408608,1
TCGA-BH-A0BP-01A-11R-A115-07,0.7147468339970482,1
TCGA-C8-A130-01A-31R-A115-07,0.7689238999018241,1
TCGA-B6-A0RG-01A-11R-A056-07,0.6534540072611184,1
TCGA-E9-A1NA-01A-11R-A144-07,0.8827753575415829,1
TCGA-A8-A0A2-01A-11R-A034-07,0.44005825773139473,0
TCGA-E2-A14V-01A-11R-A12D-07,0.544390223798475,0
TCGA-E2-A1LL-01A-11R-A144-07,0.786892919512009,1
TCGA-AR-A24M-01A-11R-A169-07,0.8330901632927116,1
TCGA-A8-A0AB-01A-11R-A034-07,0.7742971359556814,1
TCGA-C8-A1HL-01A-11R-A137-07,0.7553147359260647,1
TCGA-OL-A66P-01A-11R-A31O-07,0.4364073759696826,0
TCGA-OL-A66K-01A-11R-A29R-07,0.773260686393534,1
TCGA-BH-A0HF-01A-11R-A056-07,0.608710042706888,1
TCGA-AN-A03X-01A-21R-A00Z-07,0.7141990277298388,1
TCGA-A2-A1FV-01A-11R-A13Q-07,0.8781614133192418,1
TCGA-E9-A3HO-01A-11R-A213-07,0.8715739862316702,1
TCGA-A2-A0YE-01A-11R-A109-07,0.6738731234831042,1
TCGA-A1-A0SP-01A-11R-A084-07,0.5717783866037288,1
TCGA-AO-A0J7-01A-11R-A034-07,0.6687054909967249,1
TCGA-C8-A3M7-01A-12R-A21T-07,0.7385213486406806,1
TCGA-A2-A0YG-01A-21R-A109-07,0.7721710672650162,1
TCGA-E2-A14Y-01A-21R-A12D-07,0.6387478237667217,1
TCGA-EW-A424-01A-11R-A24H-07,0.6514234109654052,1
TCGA-D8-A141-01A-11R-A115-07,0.6715054592967193,1
TCGA-C8-A1HJ-01A-11R-A13Q-07,0.8265178408565473,1
TCGA-C8-A12O-01A-11R-A115-07,0.40067661138310434,0
TCGA-LL-A442-01A-11R-A24H-07,0.679274791646643,1
TCGA-C8-A12Z-01A-11R-A115-07,0.6788380271745139,1
TCGA-EW-A1OX-01A-11R-A144-07,0.6275773477874729,0
TCGA-E9-A1RG-01A-11R-A14D-07,0.823631739923508,1
TCGA-AQ-A1H2-01A-11R-A13Q-07,0.27491207434351944,0
TCGA-AR-A24Q-01A-12R-A169-07,0.8594436363556341,1
TCGA-A8-A09K-01A-11R-A00Z-07,0.6866961410414009,1
TCGA-BH-A0W7-01A-11R-A115-07,0.6280078943699245,1
TCGA-BH-A0H0-01A-11R-A056-07,0.2490910126669563,0
TCGA-AO-A0JD-01A-11R-A056-07,0.7934953723995589,1
TCGA-A2-A4RW-01A-21R-A266-07,0.7462008990207706,1
TCGA-C8-A12U-01A-11R-A115-07,0.5539537497566724,1
TCGA-C8-A12V-01A-11R-A115-07,0.6836139743475107,1
TCGA-E9-A1NC-01A-21R-A26B-07,0.631746041156225,1
TCGA-AO-A12G-01A-11R-A10J-07,0.42925450307144564,0
TCGA-S3-AA11-01A-31R-A41B-07,0.6907002960762769,1
TCGA-BH-A0HQ-01A-11R-A034-07,0.7142468085933302,1
TCGA-AO-A03L-01A-41R-A056-07,0.8351359437279974,1
TCGA-C8-A1HM-01A-12R-A137-07,0.7459126283012355,1
TCGA-D8-A146-01A-31R-A115-07,0.5811976156720133,0
TCGA-A2-A0EV-01A-11R-A034-07,0.6681263364733282,1
TCGA-E2-A154-01A-11R-A115-07,0.6526656169851675,1
TCGA-E2-A1LE-01A-12R-A19W-07,0.7430621798003969,1
TCGA-E9-A1R5-01A-11R-A14M-07,0.6918554231153665,1
TCGA-AC-A3EH-01A-22R-A22K-07,0.5722036209229802,1
TCGA-C8-A12Y-01A-11R-A12D-07,0.6465147262478997,1
TCGA-BH-A0E2-01A-11R-A056-07,0.5833553401483955,0
TCGA-D8-A1XG-01A-11R-A14D-07,0.6919880360430612,1
TCGA-OL-A5DA-01A-11R-A27Q-07,0.6628534680463403,1
TCGA-AC-A3HN-01A-11R-A213-07,0.7270305760674162,1
TCGA-B6-A0RP-01A-21R-A084-07,0.7314099234299316,1
TCGA-3C-AALI-01A-11R-A41B-07,0.8256712061573218,1
TCGA-D8-A1Y2-01A-11R-A157-07,0.43407901409897165,0
TCGA-S3-AA15-01A-11R-A41B-07,0.8953915485228024,1
TCGA-BH-A0W5-01A-11R-A109-07,0.7170452250031033,1
TCGA-A8-A097-01A-11R-A034-07,0.6914338310475425,1
TCGA-AO-A12D-01A-11R-A115-07,0.739742725853037,1
TCGA-AN-A04A-01A-21R-A034-07,0.690398645765913,1
TCGA-E2-A1B4-01A-11R-A12P-07,0.6806904593300258,1
TCGA-A8-A09R-01A-11R-A00Z-07,0.7484732350199261,1
TCGA-XX-A89A-01A-11R-A36F-07,0.7162216801175993,1
TCGA-AR-A24O-01A-11R-A169-07,0.7942874623368247,1
TCGA-E2-A1LG-01A-21R-A14M-07,0.9196538299970531,1
TCGA-AC-A8OS-01A-12R-A41B-07,0.7168744649107351,1
TCGA-HN-A2NL-01A-11R-A18M-07,0.3212340638637488,0
TCGA-E9-A1N6-01A-11R-A144-07,0.18335171564159855,0
TCGA-E2-A10C-01A-21R-A10J-07,0.7714901879405749,1
TCGA-BH-A0AU-01A-11R-A12P-07,0.39831157682275503,0
TCGA-A2-A0EW-01A-21R-A115-07,0.6733407062974313,1
TCGA-A8-A07B-01A-11R-A00Z-07,0.8511484739870825,1
TCGA-E2-A15K-01A-11R-A12P-07,0.6947148998693107,1
TCGA-EW-A6S9-01A-22R-A33J-07,0.3820312719493077,0
TCGA-AC-A3W5-01A-11R-A22K-07,0.8118438458573513,1
TCGA-BH-A0AV-01A-31R-A115-07,0.8286513676950437,1
TCGA-A2-A0T7-01A-21R-A084-07,0.3803473481321357,0
TCGA-AO-A03V-01A-11R-A115-07,0.8395365480408861,1
TCGA-BH-A0DZ-01A-11R-A00Z-07,0.881465870162567,1
TCGA-AN-A041-01A-11R-A034-07,0.5106220803971655,0
TCGA-B6-A0I5-01A-11R-A034-07,0.7420713472812555,1
TCGA-BH-A0BM-01A-11R-A056-07,0.7129429449319031,1
TCGA-BH-A0GZ-01A-11R-A056-07,0.6936243760133151,1
TCGA-LL-A5YN-01A-11R-A28M-07,0.8178046153310329,1
TCGA-B6-A0RM-01A-11R-A084-07,0.3446820652030898,0
TCGA-A2-A4S3-01A-21R-A266-07,0.7550862451576346,1
TCGA-BH-A201-01A-11R-A14M-07,0.6288538838974406,1
TCGA-A2-A0SV-01A-11R-A084-07,0.23686322412948513,0
TCGA-A8-A07L-01A-11R-A00Z-07,0.7978474801645752,1
TCGA-AR-A2LN-01A-21R-A18M-07,0.5845909422475704,0
TCGA-C8-A278-01A-11R-A169-07,0.3657762523710783,1
TCGA-A2-A0CM-01A-31R-A034-07,0.5860515325791009,1
TCGA-C8-A1HE-01A-11R-A13Q-07,0.7815158962640265,1
TCGA-LL-A7T0-01A-31R-A352-07,0.25716182088451534,0
TCGA-B6-A0WT-01A-11R-A109-07,0.7718175117215287,1
TCGA-OL-A5D6-01A-21R-A27Q-07,0.9044454474270135,1
TCGA-E2-A14S-01A-11R-A12D-07,0.3766472507871491,0
TCGA-AQ-A1H3-01A-31R-A13Q-07,0.7675905990010793,1
TCGA-BH-A1F8-01A-11R-A13Q-07,0.7614002461137529,1
TCGA-A8-A0AD-01A-11R-A056-07,0.741343667012192,1
TCGA-GM-A2DA-01A-11R-A18M-07,0.6249072733100973,1
TCGA-A2-A0T5-01A-21R-A084-07,0.6877610400243123,1
TCGA-A8-A09M-01A-11R-A00Z-07,0.6544065056371919,1
TCGA-B6-A0X1-01A-11R-A109-07,0.3695348719885388,0
TCGA-AN-A0XU-01A-11R-A109-07,0.6383111529057275,1
TCGA-BH-A1EV-01A-11R-A137-07,0.9491721686196654,1
TCGA-EW-A1OZ-01A-11R-A144-07,0.6764455379515886,1
TCGA-C8-A12X-01A-11R-A115-07,0.6436394930471917,1
TCGA-JL-A3YX-01A-11R-A22U-07,0.7326928792946684,1
TCGA-OL-A5D7-01A-11R-A27Q-07,0.6350640302782399,1
TCGA-E2-A1IK-01A-11R-A144-07,0.19612924980887012,0
TCGA-A2-A0CW-01A-21R-A115-07,0.15375878592358955,0
TCGA-A2-A0ET-01A-31R-A034-07,0.6644960707500422,1
TCGA-B6-A400-01A-11R-A239-07,0.5676726037883434,1
