sample_id,score,y_member
TCGA-E2-A158-01A-11R-A12D-07,0.5031565296945313,1
TCGA-AO-A1KO-01A-31R-A13Q-07,0.7848557462383287,1
TCGA-AR-A0TX-01A-11R-A084-07,0.8059767806254023,0
TCGA-D8-A1XB-01A-11R-A14D-07,0.8800113597493893,1
TCGA-B6-A0IG-01A-11R-A034-07,0.40075670996171237,1
TCGA-AC-A5EH-01A-11R-A28M-07,0.8790143824575183,1
TCGA-LL-A7SZ-01A-32R-A352-07,0.06074040261627514,1
TCGA-A7-A26J-01A-11R-A169-07,0.662872340325067,1
TCGA-E9-A22H-01A-11R-A157-07,0.7803910177029749,1
TCGA-BH-A208-01A-11R-A157-07,0.46319748134209904,1
TCGA-BH-A6R9-01A-21R-A32P-07,0.5014858692909038,1
TCGA-OL-A5S0-01A-11R-A28M-07,0.6365211506580317,1
TCGA-A1-A0SD-01A-11R-A115-07,0.8253873145241635,1
TCGA-AO-A0JB-01A-11R-A32Y-07,0.5621212990312914,1
TCGA-E2-A1BD-01A-11R-A12P-07,0.7851631275170441,1
TCGA-AN-A0AS-01A-11R-A00Z-07,0.5587488994259896,1
TCGA-A7-A13G-01A-11R-A13Q-07,0.1841753347507685,1
TCGA-B6-A0RS-01A-11R-A084-07,0.8282421104812411,1
TCGA-A2-A4S0-01A-21R-A266-07,0.48259846163300507,0
TCGA-BH-A1F5-01A-12R-A13Q-07,0.2434687091956623,1
TCGA-A2-A0CX-01A-21R-A00Z-07,0.8302149632081668,1
TCGA-A7-A13D-01A-13R-A12P-07,0.763351249132308,0
TCGA-AN-A03Y-01A-21R-A00Z-07,0.4991609914793165,1
TCGA-E9-A1ND-01A-11R-A144-07,0.8166234214513343,0
TCGA-EW-A1P5-01A-11R-A144-07,0.5817294539299825,1
TCGA-EW-A423-01A-11R-A24H-07,0.6189683605344114,1
TCGA-A7-A5ZV-01A-11R-A28M-07,0.5000168572672109,1
TCGA-C8-A8HP-01A-11R-A36F-07,0.5926517436549784,1
TCGA-AQ-A54O-01A-11R-A266-07,0.42692113842935336,1
TCGA-E9-A5FK-01A-11R-A27Q-07,0.27041866010859494,1
TCGA-D8-A142-01A-11R-A115-07,0.9242778917602932,1
TCGA-BH-A0BC-01A-22R-A084-07,0.7612505206497553,1
TCGA-A2-A0EY-01A-11R-A034-07,0.8515985773617808,1
TCGA-D8-A1J8-01A-11R-A13Q-07,0.2046233969750329,1
TCGA-A8-A06Y-01A-21R-A00Z-07,0.5720885947435995,0
TCGA-EW-A1J1-01A-11R-A13Q-07,0.43530992991960515,1
TCGA-BH-A0C0-01A-21R-A056-07,0.7424735713669106,0
TCGA-AC-A2FK-01A-12R-A180-07,0.4964075189004017,0
TCGA-A2-A3XV-01A-21R-A239-07,0.1309269963238604,0
TCGA-BH-A0HB-01A-11R-A056-07,0.5037074271303205,1
TCGA-AN-A0XL-01A-11R-A10J-07,0.8916816341632001,1
TCGA-E2-A10B-01A-11R-A10J-07,0.7869531587687875,1
TCGA-A2-A04X-01A-21R-A034-07,0.7977536019406484,1
TCGA-AR-A1AN-01A-11R-A12P-07,0.9427835526263567,1
TCGA-A2-A0EM-01A-11R-A034-07,0.7971291855664164,0
TCGA-B6-A0WS-01A-11R-A115-07,0.8498782508638216,1
TCGA-D8-A1XD-01A-11R-A14D-07,0.7718952091144801,1
TCGA-A8-A091-01A-11R-A00Z-07,0.7717770420429723,1
TCGA-E9-A2JS-01A-11R-A180-07,0.6586772941197689,0
TCGA-A2-A1G1-01A-21R-A13Q-07,0.5142817038330099,1
TCGA-E9-A22B-01A-11R-A157-07,0.5597322450067937,0
TCGA-D8-A27G-01A-11R-A16F-07,0.8822356597283157,1
TCGA-A7-A13E-01A-11R-A12P-07,0.7150358494227299,1
TCGA-BH-A0AY-01A-21R-A00Z-07,0.6346286629100439,0
TCGA-E2-A1L7-01A-11R-A144-07,0.6527320450156824,1
TCGA-AN-A046-01A-21R-A034-07,0.7528120833300231,0
TCGA-AN-A0AL-01A-11R-A00Z-07,0.6938132858336363,0
TCGA-D8-A27K-01A-11R-A16F-07,0.6962435823380642,1
TCGA-BH-A0DO-01B-11R-A12D-07,0.8411133675360043,0
TCGA-A7-A4SB-01A-21R-A266-07,0.8180288671964452,0
TCGA-EW-A6SB-01A-12R-A32P-07,0.4023308217679546,1
TCGA-D8-A1JM-01A-11R-A13Q-07,0.4828597170000137,1
TCGA-OL-A66J-01A-11R-A29R-07,0.8428255028950609,1
TCGA-D8-A13Y-01A-11R-A115-07,0.5209784111350108,1
TCGA-AR-A24N-01A-11R-A169-07,0.7774328825525924,1
TCGA-BH-A0B1-01A-12R-A056-07,0.5476954785898771,1
TCGA-B6-A0RN-01A-12R-A084-07,0.9287324203041252,1
TCGA-A2-A0T1-01A-21R-A084-07,0.8757139388209281,1
TCGA-AN-A0AM-01A-11R-A034-07,0.5889250339280695,1
TCGA-E2-A1LA-01A-11R-A144-07,0.5387579069550219,0
TCGA-JL-A3YW-01A-12R-A239-07,0.6226949637076322,0
TCGA-BH-A0H3-01A-11R-A12P-07,0.7889797223864703,1
TCGA-E2-A1IF-01A-11R-A144-07,0.8463470318276035,1
TCGA-C8-A26X-01A-31R-A16F-07,0.6107291316224924,1
TCGA-A8-A09B-01A-11R-A00Z-07,0.9737951210371835,0
TCGA-A7-A26G-01A-21R-A169-07,0.7643400145167024,1
TCGA-AC-A2FE-01A-11R-A19W-07,0.8618055139466868,1
TCGA-A8-A08G-01A-11R-A00Z-07,0.7817795312850737,0
TCGA-AN-A0FJ-01A-11R-A00Z-07,0.5891876124735447,1
TCGA-B6-A0RV-01A-11R-A084-07,0.887607266930645,1
TCGA-B6-A0WV-01A-11R-A109-07,0.7950921573825009,1
TCGA-A8-A07P-01A-11R-A00Z-07,0.5411580882290461,1
TCGA-A8-A08H-01A-21R-A00Z-07,0.5502498979299048,1
TCGA-AR-A0TW-01A-11R-A084-07,0.29500097873670433,1
TCGA-E2-A15F-01A-11R-A115-07,0.6815173933180468,1
TCGA-B6-A0WX-01A-11R-A109-07,0.9116818938379112,1
TCGA-D8-A1Y1-01A-21R-A14M-07,0.9803456060199871,1
TCGA-E2-A14Z-01A-11R-A115-07,0.7910563220392627,0
TCGA-A2-A25A-01A-12R-A16F-07,0.898472638991808,0
TCGA-A2-A0CT-01A-31R-A056-07,0.3970482619946383,1
TCGA-HN-A2OB-01A-21R-A27Q-07,0.9419077621026778,0
TCGA-B6-A0RT-01A-21R-A084-07,0.8680717064245792,1
TCGA-AR-A24T-01A-11R-A169-07,0.5911093544426232,1
TCGA-E9-A1R0-01A-22R-A16F-07,0.8222895703711518,1
TCGA-E9-A5FL-01A-11R-A27Q-07,0.33077242695086506,1
TCGA-E2-A3DX-01A-21R-A213-07,0.680889662626205,1
TCGA-E2-A14T-01A-11R-A115-07,0.45437359913164604,1
TCGA-A2-A4RY-01A-31R-A266-07,0.8788571271391217,1
TCGA-AR-A2LK-01A-11R-A180-07,0.9383546815695532,1
TCGA-BH-A42U-01A-12R-A24H-07,0.4985791312389522,1
TCGA-AO-A12C-01A-11R-A10J-07,0.5322946023444156,0
TCGA-A2-A3XY-01A-11R-A239-07,0.8202012006978556,1
TCGA-D8-A73X-01A-11R-A32P-07,0.957374350769532,1
TCGA-AR-A2LO-01A-31R-A18M-07,0.8329040829405111,1
TCGA-AO-A0JJ-01A-11R-A056-07,0.7215523920335088,0
TCGA-LD-A74U-01A-13R-A33J-07,0.6361081223247596,1
TCGA-AN-A0XN-01A-21R-A109-07,0.5436130073658743,1
TCGA-E2-A107-01A-11R-A10J-07,0.7470560596061913,1
TCGA-A7-A6VV-01A-22R-A33J-07,0.747288052739604,1
TCGA-AC-A5XS-01A-11R-A29R-07,0.5284021891822303,1
TCGA-BH-A0H6-01A-21R-A056-07,0.8605100224702,1
TCGA-AC-A23C-01A-12R-A169-07,0.6036265015103875,1
TCGA-E9-A1NH-01A-11R-A14D-07,0.817495913941739,1
TCGA-D8-A1XW-01A-11R-A14M-07,0.3757336683945946,1
TCGA-AO-A0JG-01A-31R-A084-07,0.5515499209450021,0
TCGA-BH-A18N-01A-11R-A12D-07,0.8324982319985147,1
TCGA-A1-A0SO-01A-22R-A084-07,0.3423219745361907,0
TCGA-BH-A0B5-01A-11R-A12P-07,0.850304560915606,0
TCGA-A8-A09T-01A-11R-A00Z-07,0.7497008472556339,1
TCGA-BH-A0BR-01A-21R-A115-07,0.6489858818906665,1
TCGA-D8-A27W-01A-11R-A16F-07,0.6061247524732516,1
TCGA-BH-A0BW-01A-11R-A115-07,0.7377511468306361,1
TCGA-GM-A2DB-01A-31R-A18M-07,0.18749595151827864,0
TCGA-AC-A2QH-01A-11R-A18M-07,0.46149578850178247,1
TCGA-D8-A1JB-01A-11R-A13Q-07,0.7101355002341383,1
TCGA-BH-A1ES-01A-11R-A137-07,0.46274161562104227,1
TCGA-OL-A97C-01A-32R-A41B-07,0.6193267849871258,1
TCGA-A2-A0YF-01A-21R-A109-07,0.4491702557432071,1
TCGA-D8-A1XS-01A-11R-A14M-07,0.7695407128246757,1
TCGA-D8-A140-01A-11R-A115-07,0.5858191218570965,1
TCGA-A8-A09Q-01A-11R-A00Z-07,0.7756835226132767,1
TCGA-B6-A0I1-01A-11R-A21T-07,0.5067708118026808,1
TCGA-AO-A0JE-01A-11R-A056-07,0.9211337430436304,1
TCGA-A2-A1FW-01A-11R-A13Q-07,0.3073366675861521,1
TCGA-D8-A1XY-01A-11R-A14M-07,0.6175555842019587,1
TCGA-A2-A04R-01A-41R-A109-07,0.6658604832775677,0
TCGA-A2-A1FX-01A-11R-A13Q-07,0.889650545990439,1
TCGA-A8-A07W-01A-11R-A00Z-07,0.7753939060547889,1
TCGA-D8-A1XK-01A-21R-A14M-07,0.5558972499289726,1
TCGA-D8-A3Z5-01A-41R-A24H-07,0.7485484442229804,1
TCGA-LL-A5YM-01A-11R-A28M-07,0.06154809907774793,1
TCGA-B6-A0IJ-01A-11R-A034-07,0.487871880148534,0
TCGA-A8-A06N-01A-11R-A00Z-07,0.6507980593923282,1
TCGA-GM-A2DM-01A-11R-A180-07,0.7141571927253391,1
TCGA-E2-A15D-01A-11R-A115-07,0.9482023433271282,1
TCGA-B6-A1KI-01A-11R-A14M-07,0.9467379346446487,1
TCGA-D8-A1JS-01A-11R-A13Q-07,0.2809787707402306,1
TCGA-PE-A5DD-01A-12R-A27Q-07,0.4450089672276816,1
TCGA-BH-A0BG-01A-11R-A115-07,0.9057658615923676,1
TCGA-LL-A6FQ-01A-11R-A31O-07,0.18252327646956304,0
TCGA-E2-A1IN-01A-11R-A13Q-07,0.7953609996811911,1
TCGA-A8-A06T-01A-11R-A00Z-07,0.5172943951819753,1
TCGA-B6-A402-01A-11R-A239-07,0.8984045040995909,1
TCGA-E2-A9RU-01A-11R-A41B-07,0.16826821472576947,1
TCGA-A2-A3XW-01A-11R-A239-07,0.11060047203516098,1
TCGA-B6-A0RU-01A-11R-A084-07,0.8078088800032319,0
TCGA-A8-A086-01A-11R-A00Z-07,0.767144830506174,1
TCGA-B6-A40C-01A-11R-A239-07,0.48723323181612155,1
TCGA-D8-A1JF-01A-11R-A13Q-07,0.34284832623085865,1
TCGA-A2-A0T6-01A-11R-A084-07,0.8531128698416665,1
TCGA-BH-A1FG-01A-11R-A13Q-07,0.4495878223474369,0
TCGA-GM-A3NY-01A-11R-A21T-07,0.6192144668625462,1
TCGA-AN-A0AK-01A-21R-A00Z-07,0.467550948766998,1
TCGA-BH-A1FC-01A-11R-A13Q-07,0.3682991619306185,1
TCGA-E9-A227-01A-11R-A157-07,0.7707337199939559,1
TCGA-BH-A18P-01A-11R-A12D-07,0.9378474326365224,1
TCGA-E2-A15R-01A-11R-A115-07,0.24709800519022276,1
TCGA-BH-A0WA-01A-11R-A109-07,0.7448599415089291,0
TCGA-BH-A42T-01A-11R-A24H-07,0.8588481574929077,1
TCGA-AC-A23H-01A-11R-A157-07,0.6776201424409606,1
TCGA-OL-A66I-01A-21R-A29R-07,0.7424039178343459,1
TCGA-S3-AA17-01A-11R-A41B-07,0.7093474543305547,1
TCGA-AR-A1AL-01A-21R-A12P-07,0.6946421714946156,0
TCGA-AC-A2B8-01A-11R-A17B-07,0.8234237153939089,1
TCGA-D8-A1XO-01A-11R-A14M-07,0.820943597793906,1
TCGA-C8-A26Y-01A-11R-A16F-07,0.49350291957272385,1
TCGA-BH-A0DG-01A-21R-A12P-07,0.7989812970472672,1
TCGA-E9-A243-01A-21R-A169-07,0.6325749178285235,1
TCGA-A2-A04W-01A-31R-A115-07,0.7819305257753972,1
TCGA-A8-A09G-01A-21R-A00Z-07,0.721517732679218,1
TCGA-BH-A0DI-01A-21R-A12P-07,0.8373075331294981,1
TCGA-E2-A152-01A-11R-A12D-07,0.8779707896921267,1
TCGA-AQ-A7U7-01A-22R-A352-07,0.6128120197140946,1
TCGA-BH-A0BZ-01A-31R-A12P-07,0.8183823630792628,1
TCGA-EW-A1OV-01A-11R-A144-07,0.8203624342701651,1
TCGA-A8-A0A7-01A-11R-A00Z-07,0.9030225406584411,1
TCGA-BH-A1EN-01A-11R-A13Q-07,0.4721300943488174,1
TCGA-E2-A1IE-01A-11R-A13Q-07,0.45015061704340675,1
TCGA-BH-A0HW-01A-11R-A034-07,0.6026728335458708,1
TCGA-BH-A0BJ-01A-11R-A056-07,0.8514475084279983,1
TCGA-AO-A03N-01B-11R-A10J-07,0.7203503710805009,1
TCGA-EW-A1P3-01A-11R-A144-07,0.6258381550300889,1
TCGA-B6-A0I2-01A-11R-A034-07,0.42306466238561813,0
TCGA-EW-A1PD-01A-11R-A144-07,0.8687424190227688,1
TCGA-B6-A0IH-01A-11R-A115-07,0.669130058326458,0
TCGA-E2-A15M-01A-11R-A12D-07,0.5084569515035636,1
TCGA-BH-A0H9-01A-11R-A056-07,0.5671558113975218,0
TCGA-BH-A0HL-01A-11R-A10U-07,0.28494869798049954,0
TCGA-A8-A07G-01A-11R-A034-07,0.6802604970280011,1
TCGA-E2-A1IL-01A-11R-A14D-07,0.8089638869026001,1
TCGA-AR-A0U4-01A-11R-A109-07,0.5915893835881163,1
TCGA-D8-A147-01A-11R-A115-07,0.6902201548375889,1
TCGA-BH-A0HY-01A-11R-A056-07,0.6078058521504294,1
TCGA-D8-A1XT-01A-11R-A14M-07,0.6836098612133159,0
TCGA-E2-A14W-01A-11R-A12D-07,0.9017556499862465,1
TCGA-E9-A1RB-01A-11R-A157-07,0.6366570053247433,1
TCGA-LL-A5YL-01A-12R-A29R-07,0.32482843252237653,0
TCGA-WT-AB41-01A-11R-A41B-07,0.08131132861469785,1
TCGA-A8-A09Z-01A-11R-A00Z-07,0.4056449336116296,0
TCGA-AN-A0FX-01A-11R-A034-07,0.8393405173394386,1
TCGA-B6-A409-01A-11R-A24H-07,0.8363837455966127,1
TCGA-EW-A1PG-01A-11R-A144-07,0.6436547644332169,1
TCGA-OL-A6VR-01A-32R-A33J-07,0.5900608997505634,1
TCGA-BH-A1FN-01A-11R-A13Q-07,0.616567691203102,1
TCGA-AR-A2LR-01A-12R-A18M-07,0.7211361981632342,1
TCGA-A7-A5ZX-01A-12R-A29R-07,0.9416112942424462,1
TCGA-LL-A73Y-01A-11R-A33J-07,0.9488073199967678,1
TCGA-A2-A25D-01A-12R-A16F-07,0.4437118867766271,0
TCGA-BH-A0C7-01B-11R-A115-07,0.8240371998811625,1
TCGA-E2-A570-01A-11R-A29R-07,0.8654476923570078,1
TCGA-BH-A1FL-01A-11R-A13Q-07,0.8792818685385428,1
TCGA-A1-A0SG-01A-11R-A144-07,0.7728605674405411,1
TCGA-A8-A07U-01A-11R-A034-07,0.6964176122570733,0
TCGA-E2-A15L-01A-11R-A12D-07,0.8374506217883048,1
TCGA-E9-A1R4-01A-21R-A14D-07,0.8680518273450581,0
TCGA-AR-A0TS-01A-11R-A115-07,0.8183332173353809,1
TCGA-E2-A10F-01A-11R-A10J-07,0.8563653219232117,1
TCGA-AO-A128-01A-11R-A10J-07,0.6682010812966208,1
TCGA-AR-A0U3-01A-11R-A109-07,0.3467082244116401,1
TCGA-BH-A0DL-01A-11R-A115-07,0.7882323723779731,1
TCGA-A7-A0D9-01A-31R-A056-07,0.9221250183144886,1
TCGA-AN-A0FD-01A-11R-A034-07,0.6375548871334253,1
TCGA-A2-A0YK-01A-22R-A109-07,0.7671364410093998,1
TCGA-BH-A1FH-01A-12R-A13Q-07,0.5520843448415265,1
TCGA-C8-A12T-01A-11R-A115-07,0.8524558434678728,1
TCGA-B6-A2IU-01A-32R-A18M-07,0.8383977299144268,1
TCGA-4H-AAAK-01A-12R-A41B-07,0.819725284091021,1
TCGA-E2-A1IU-01A-11R-A14D-07,0.7009999838580947,0
TCGA-3C-AALK-01A-11R-A41B-07,0.8201080285203262,1
TCGA-D8-A27M-01A-11R-A16F-07,0.8328066051494896,1
TCGA-E2-A56Z-01A-12R-A29R-07,0.5380659820563618,1
TCGA-AO-A1KQ-01A-11R-A13Q-07,0.6290718821076363,1
TCGA-AR-A2LE-01A-11R-A180-07,0.6543128672561668,1
TCGA-E2-A1BC-01A-11R-A12P-07,0.6685146503835009,1
TCGA-BH-A0E6-01A-11R-A034-07,0.8039497650811996,1
TCGA-AO-A0J2-01A-11R-A034-07,0.36887556218205514,1
TCGA-A7-A6VX-01A-12R-A33J-07,0.8226107757128189,0
TCGA-E2-A1LI-01A-12R-A157-07,0.8244181658018389,0
TCGA-AR-A1AT-01A-11R-A12P-07,0.9254982653628104,1
TCGA-A7-A426-01A-22R-A24H-07,0.8203113582030966,1
TCGA-A2-A25C-01A-11R-A169-07,0.8439122551665249,1
TCGA-B6-A0RL-01A-11R-A084-07,0.544910754294038,1
TCGA-OK-A5Q2-01A-11R-A27Q-07,0.8497077422406801,1
TCGA-E9-A244-01A-11R-A169-07,0.5804399968674346,1
TCGA-E9-A1R6-01A-11R-A14D-07,0.4572976525210788,1
TCGA-BH-A8G0-01A-11R-A352-07,0.9316162764494158,1
TCGA-EW-A1IZ-01A-11R-A13Q-07,0.46049147745123664,0
TCGA-AO-A0J5-01A-11R-A034-07,0.7086021837132161,1
TCGA-E2-A1AZ-01A-11R-A12P-07,0.8520277721264723,1
TCGA-B6-A0RE-01A-11R-A056-07,0.7403651364399587,1
TCGA-A7-A4SE-01A-11R-A266-07,0.7589376215836456,0
TCGA-LL-A740-01A-21R-A32P-07,0.7247685873219051,1
TCGA-A8-A07R-01A-21R-A034-07,0.42580319680113854,0
TCGA-S3-AA10-01A-21R-A41B-07,0.6306084852469119,1
TCGA-A7-A4SF-01A-11R-A266-07,0.5295262818349168,0
TCGA-A7-A0CG-01A-12R-A056-07,0.674784753529308,0
TCGA-E2-A1LS-01A-12R-A157-07,0.7891683455818091,1
TCGA-AR-A24P-01A-11R-A169-07,0.6780057837256502,0
TCGA-E9-A54Y-01A-11R-A466-07,0.17347137496843704,1
TCGA-AO-A0JA-01A-11R-A056-07,0.7586842714279827,1
TCGA-A8-A08A-01A-11R-A32Y-07,0.7396245510458396,1
TCGA-AR-A24V-01A-21R-A169-07,0.6810429977360065,1
TCGA-A2-A0CO-01A-13R-A22K-07,0.7331479439768148,1
TCGA-E2-A15I-01A-21R-A137-07,0.46245681387663023,0
TCGA-A2-A0SU-01A-11R-A084-07,0.7584877647828615,0
TCGA-AC-A3OD-01A-11R-A21T-07,0.19414661762888827,1
TCGA-AC-A3YJ-01A-11R-A22U-07,0.6255154057594392,0
TCGA-AR-A0TZ-01A-12R-A084-07,0.436621221288638,1
TCGA-A2-A0D3-01A-11R-A115-07,0.7177938038584366,1
TCGA-BH-A18L-01A-32R-A12D-07,0.2635988878049761,1
TCGA-EW-A2FW-01A-11R-A17B-07,0.7824066126303665,1
TCGA-A2-A0YL-01A-21R-A109-07,0.7885230713076619,1
TCGA-E9-A54X-01A-11R-A266-07,0.9077489071357726,1
TCGA-BH-A18F-01A-11R-A12D-07,0.7913000233100516,1
TCGA-W8-A86G-01A-21R-A36F-07,0.7579377138617093,1
TCGA-A8-A08T-01A-21R-A00Z-07,0.9235213515735816,1
TCGA-BH-A1EX-01A-11R-A13Q-07,0.6625425891103669,0
TCGA-A8-A08O-01A-21R-A056-07,0.893051075451993,0
TCGA-AC-A6IX-01A-12R-A32P-07,0.7286417487907151,1
TCGA-C8-A27B-01A-11R-A169-07,0.5888048088305144,1
TCGA-PL-A8LZ-01A-31R-A36F-07,0.8447717038340053,1
TCGA-AR-A1AQ-01A-11R-A12P-07,0.7446015890408336,1
TCGA-BH-A1FU-01A-11R-A14D-07,0.5894722325346449,1
TCGA-A2-A0SY-01A-31R-A084-07,0.8616497941550249,1
TCGA-BH-A1EW-01A-11R-A137-07,0.4127882420640607,1
TCGA-GM-A3NW-01A-21R-A22K-07,0.6242745133198978,0
TCGA-BH-A0W4-01A-11R-A109-07,0.8271281693726354,1
TCGA-AR-A1AS-01A-11R-A12P-07,0.7805957437172288,0
TCGA-EW-A1J6-01A-11R-A13Q-07,0.318448687675176,1
TCGA-AC-A6NO-01A-12R-A33J-07,0.8423929842426393,1
TCGA-A7-A0CE-01A-11R-A00Z-07,0.7160154072255094,0
TCGA-BH-A6R8-01A-21R-A33J-07,0.27697620323562144,1
TCGA-EW-A1OY-01A-11R-A144-07,0.6678234937429429,1
TCGA-BH-A0BS-01A-11R-A12P-07,0.37306395416138316,0
TCGA-A7-A6VY-01A-12R-A33J-07,0.6733280398791099,1
TCGA-A2-A0CK-01A-11R-A22K-07,0.7854859668584387,0
TCGA-AO-A12H-01A-11R-A115-07,0.48562152856611623,0
TCGA-C8-A12L-01A-11R-A115-07,0.5135277291387009,1
TCGA-A1-A0SQ-01A-21R-A144-07,0.5751132729885942,1
TCGA-A7-A56D-01A-11R-A27Q-07,0.062168091742749884,1
TCGA-A8-A09I-01A-22R-A034-07,0.5151588560540645,1
TCGA-BH-A0DH-01A-11R-A084-07,0.5268168339756112,1
TCGA-B6-A0X0-01A-21R-A115-07,0.893183253347412,1
TCGA-S3-AA12-01A-11R-A41B-07,0.31810493186348054,1
TCGA-E2-A159-01A-11R-A115-07,0.8852850373873449,1
TCGA-D8-A27V-01A-12R-A17B-07,0.5675247100708893,1
TCGA-D8-A1JT-01A-31R-A13Q-07,0.18801092091168362,1
TCGA-C8-A138-01A-11R-A115-07,0.7703645634773554,1
TCGA-AO-A0J6-01A-11R-A034-07,0.8504748929432853,1
TCGA-AR-A24R-01A-11R-A169-07,0.7875080289057796,1
TCGA-AR-A0TY-01A-12R-A115-07,0.391292277806075,1
TCGA-E9-A1QZ-01A-21R-A169-07,0.6614233961614268,1
TCGA-AR-A24W-01A-11R-A169-07,0.8451613848453292,0
TCGA-LL-A5YP-01A-21R-A28M-07,0.9553056853981715,1
TCGA-B6-A0WY-01A-11R-A109-07,0.8803947390148588,1
TCGA-GM-A2DC-01A-11R-A18M-07,0.5941927472068561,1
TCGA-A2-A4S2-01A-12R-A266-07,0.7300469456998225,1
TCGA-A8-A09X-01A-11R-A00Z-07,0.7533209266088366,1
TCGA-OL-A5RV-01A-12R-A28M-07,0.959777766914105,1
TCGA-E2-A14P-01A-31R-A12D-07,0.22851737881956974,1
TCGA-C8-A8HQ-01A-11R-A36F-07,0.8688295400092544,1
TCGA-AR-A0TP-01A-11R-A084-07,0.8053734273756974,1
TCGA-A8-A09A-01A-11R-A00Z-07,0.6375839586217421,1
TCGA-A8-A08L-01A-11R-A00Z-07,0.6663743308149426,1
TCGA-A8-A08F-01A-11R-A00Z-07,0.7230679407905283,1
TCGA-GI-A2C9-01A-11R-A21T-07,0.8932881384424819,1
TCGA-A2-A0SW-01A-11R-A084-07,0.8561189863609244,1
TCGA-LD-A7W5-01A-22R-A352-07,0.44547244535308356,0
TCGA-D8-A27R-01A-11R-A16F-07,0.8019411352444084,1
TCGA-AO-A0JM-01A-21R-A056-07,0.728593704329118,1
TCGA-GM-A2D9-01A-11R-A18M-07,0.6827339614942117,1
TCGA-D8-A1XU-01A-11R-A14M-07,0.5002872807689754,1
TCGA-AO-A1KT-01A-11R-A13Q-07,0.7337982242836425,1
TCGA-C8-A12P-01A-11R-A115-07,0.6833121006450644,1
TCGA-LL-A6FR-01A-12R-A31O-07,0.37006970025496577,0
TCGA-AR-A1AJ-01A-21R-A12P-07,0.8336307340450119,1
TCGA-A8-A09D-01A-11R-A00Z-07,0.5654290171605938,1
TCGA-S3-A6ZF-01A-32R-A32P-07,0.8386419060612875,0
TCGA-E2-A150-01A-11R-A12D-07,0.706066567583641,1
TCGA-BH-A18U-01A-21R-A12D-07,0.7583970899528186,1
TCGA-BH-A0GY-01A-11R-A056-07,0.6065588795077648,1
TCGA-AQ-A54N-01A-11R-A266-07,0.34952080299486,1
TCGA-C8-A273-01A-11R-A16F-07,0.6948106696735831,1
TCGA-S3-AA14-01A-11R-A41B-07,0.6787206462053061,1
TCGA-A7-A2KD-01A-31R-A21T-07,0.752198833530313,1
TCGA-C8-A131-01A-11R-A115-07,0.9537003749154432,1
TCGA-E2-A576-01A-11R-A31O-07,0.21509039953112633,1
TCGA-A2-A0T4-01A-31R-A084-07,0.8088893178492339,1
TCGA-A2-A04V-01A-21R-A034-07,0.9342158262981393,0
TCGA-AR-A0U0-01A-11R-A109-07,0.77803557835123,1
TCGA-BH-A0BO-01A-23R-A12D-07,0.6993779271769451,1
TCGA-A2-A3KC-01A-11R-A213-07,0.7596050756077107,0
TCGA-BH-A18T-01A-11R-A12D-07,0.4206971543685415,0
TCGA-EW-A1J2-01A-21R-A13Q-07,0.8238120556463151,1
TCGA-A8-A084-01A-21R-A00Z-07,0.8590140947051058,1
TCGA-A8-A08X-01A-21R-A00Z-07,0.8883399249263887,1
TCGA-GM-A2DH-01A-11R-A180-07,0.6811885346595764,1
TCGA-D8-A27L-01A-11R-A16F-07,0.8973664863129652,1
TCGA-A7-A3IZ-01A-11R-A213-07,0.5564380832151951,1
TCGA-AN-A04D-01A-21R-A034-07,0.7034675763991781,1
TCGA-5L-AAT0-01A-12R-A41B-07,0.8721201755711444,1
TCGA-AR-A1AU-01A-11R-A12P-07,0.826597935533581,1
TCGA-AC-A6IV-01A-12R-A33J-07,0.7637795818324913,1
TCGA-E2-A15C-01A-31R-A12D-07,0.630452319864266,1
TCGA-AO-A1KP-01A-11R-A13Q-07,0.7927033829943221,1
TCGA-E2-A15G-01A-11R-A12D-07,0.9431588682049094,1
TCGA-A2-A3KD-01A-12R-A213-07,0.6069727208180826,0
TCGA-D8-A1X5-01A-11R-A14D-07,0.7477733411230169,1
TCGA-AQ-A04L-01B-21R-A10J-07,0.3788642829181511,1
TCGA-A8-A096-01A-11R-A00Z-07,0.9221276650257136,1
TCGA-A2-A0YH-01A-11R-A109-07,0.7650451650809486,1
TCGA-AN-A0FW-01A-11R-A034-07,0.5007793058551225,1
TCGA-D8-A27H-01A-11R-A16F-07,0.7465592029867523,0
TCGA-OL-A6VQ-01A-12R-A41B-07,0.9076380726419302,1
TCGA-A7-A4SA-01A-11R-A266-07,0.6137733279306513,0
TCGA-C8-A274-01A-11R-A16F-07,0.7134528239380101,1
TCGA-E2-A15J-01A-11R-A12P-07,0.6373941538443444,1
TCGA-BH-A0B3-01A-11R-A056-07,0.8699178252827042,1
TCGA-E2-A153-01A-12R-A12D-07,0.9006418572213749,1
TCGA-WT-AB44-01A-11R-A41B-07,0.4581964356567757,1
TCGA-B6-A0RQ-01A-11R-A115-07,0.9641921966694812,1
TCGA-A2-A0YM-01A-11R-A109-07,0.6220173653849344,1
TCGA-C8-A1HI-01A-11R-A137-07,0.4704237972849657,1
TCGA-AC-A3TM-01A-11R-A22K-07,0.33790526511027685,1
TCGA-A7-A0CD-01A-11R-A00Z-07,0.4649284082924122,0
TCGA-D8-A145-01A-11R-A115-07,0.9684288121967966,1
TCGA-BH-A0EB-01A-11R-A034-07,0.8089732749614514,1
TCGA-AR-A0TV-01A-21R-A084-07,0.6448264892605059,1
TCGA-E2-A15P-01A-11R-A115-07,0.7933890992179317,1
TCGA-A2-A04T-01A-21R-A034-07,0.7495142546533586,1
TCGA-E9-A2JT-01A-22R-A18M-07,0.40275803146736455,1
TCGA-OL-A5RW-01A-11R-A28M-07,0.24903620530899384,0
TCGA-PL-A8LV-01A-21R-A41B-07,0.7593964167595036,1
TCGA-BH-A18M-01A-11R-A12D-07,0.8472607657435223,1
TCGA-D8-A27N-01A-11R-A16F-07,0.8472992495377982,1
TCGA-C8-A3M8-01A-11R-A213-07,0.9531249731855829,1
TCGA-B6-A0WW-01A-11R-A109-07,0.7526864928970172,1
TCGA-E9-A3X8-01A-31R-A22U-07,0.07174347051952143,1
TCGA-C8-A133-01A-32R-A12D-07,0.301004207138389,0
TCGA-D8-A1X6-01A-11R-A14M-07,0.8026145632034127,1
TCGA-A2-A04P-01A-31R-A034-07,0.46638608818536686,1
TCGA-E9-A1N3-01A-12R-A157-07,0.48865898782059736,1
TCGA-AN-A0XP-01A-11R-A109-07,0.6572733406916221,1
TCGA-E2-A1LK-01A-21R-A14D-07,0.5685519263301769,0
TCGA-C8-A132-01A-31R-A115-07,0.8299602116488802,1
TCGA-PE-A5DE-01A-11R-A27Q-07,0.6528481558180542,1
TCGA-EW-A6SC-01A-12R-A32P-07,0.879911601299305,1
TCGA-BH-A0EI-01A-11R-A115-07,0.6675988720521079,1
TCGA-A8-A08I-01A-11R-A00Z-07,0.5768859780875435,0
TCGA-AO-A124-01A-11R-A10J-07,0.5234629879767569,0
TCGA-AN-A0XR-01A-11R-A109-07,0.7246226724110604,1
TCGA-BH-A204-01A-11R-A157-07,0.11666422833435655,0
TCGA-AN-A0FF-01A-11R-A034-07,0.9725115608895708,1
TCGA-A2-A0T3-01A-21R-A115-07,0.5510135956825788,1
TCGA-B6-A0RI-01A-11R-A056-07,0.8134676511097706,1
TCGA-AO-A03R-01A-21R-A034-07,0.6359692389778914,1
TCGA-E9-A1RA-01A-11R-A14D-07,0.8706866860484204,1
TCGA-AN-A0XV-01A-11R-A109-07,0.7974023674284929,1
TCGA-E9-A1RI-01A-11R-A169-07,0.7364850219563508,1
TCGA-A8-A07J-01A-11R-A00Z-07,0.6979953653751756,0
TCGA-AC-A6IW-01A-12R-A33J-07,0.5130434135261748,1
TCGA-3C-AALJ-01A-31R-A41B-07,0.7224202332375286,1
TCGA-AN-A0XS-01A-22R-A109-07,0.7980145737978538,1
TCGA-E9-A226-01A-21R-A157-07,0.5203422676650278,1
TCGA-C8-A12K-01A-21R-A115-07,0.6506316300971686,0
TCGA-BH-A202-01A-11R-A14M-07,0.6641409451619766,0
TCGA-OL-A66H-01A-11R-A29R-07,0.602633689345397,1
TCGA-E9-A1N9-01A-11R-A14D-07,0.8930945787808866,0
TCGA-A2-A0T2-01A-11R-A084-07,0.840497254203244,1
TCGA-BH-A18H-01A-11R-A12D-07,0.7051429400582416,1
TCGA-UU-A93S-01A-21R-A41B-07,0.1971879032201085,1
TCGA-B6-A0RO-01A-22R-A084-07,0.3064088924286961,1
TCGA-E2-A10E-01A-21R-A10J-07,0.6114599576730037,1
TCGA-A7-A4SC-01A-12R-A266-07,0.5884600555946796,1
TCGA-B6-A0WZ-01A-11R-A109-07,0.5442219122450623,1
TCGA-A7-A6VW-01A-21R-A33J-07,0.4280073265508352,1
TCGA-E2-A1B5-01A-21R-A12P-07,0.5467040943441838,1
TCGA-A8-A092-01A-11R-A00Z-07,0.7124302187927813,1
TCGA-C8-A1HK-01A-21R-A13Q-07,0.35508053313535,1
TCGA-BH-A0W3-01A-11R-A109-07,0.8612699728461313,1
TCGA-A7-A0CH-01A-21R-A00Z-07,0.7675183164411079,1
TCGA-AR-A1AX-01A-11R-A12P-07,0.6327527977944071,1
TCGA-EW-A1P0-01A-11R-A144-07,0.7790493723913928,1
TCGA-E9-A1NI-01A-11R-A14D-07,0.8435140065079482,1
TCGA-AO-A12E-01A-11R-A10J-07,0.6618053275893585,1
TCGA-D8-A1XJ-01A-11R-A14M-07,0.6449822089042844,1
TCGA-B6-A0I6-01A-11R-A034-07,0.7666307541032996,1
TCGA-E9-A1RH-01A-21R-A169-07,0.2288375232834349,1
TCGA-BH-A18Q-01A-12R-A12D-07,0.8653459992228807,1
TCGA-AO-A0JI-01A-21R-A056-07,0.5784703007668253,1
TCGA-A2-A0CL-01A-11R-A115-07,0.7672733421912079,1
TCGA-E2-A155-01A-11R-A12D-07,0.5696662939455667,1
TCGA-B6-A0I8-01A-11R-A034-07,0.7508156314772058,0
TCGA-E2-A14X-01A-11R-A115-07,0.7255848517354042,0
TCGA-AC-A3YI-01A-21R-A239-07,0.9271473992919704,1
TCGA-AR-A1AI-01A-11R-A12P-07,0.33892466715092784,1
TCGA-D8-A1JK-01A-11R-A13Q-07,0.8976116229105012,1
TCGA-BH-A0C3-01A-21R-A12P-07,0.9391983348750034,1
TCGA-A8-A09C-01A-11R-A00Z-07,0.9595073691381056,1
TCGA-LL-A50Y-01A-11R-A266-07,0.4993213590393997,1
TCGA-BH-A0B0-01A-21R-A115-07,0.6600457366014639,0
TCGA-OL-A66L-01A-12R-A31O-07,0.10658403631327516,1
TCGA-BH-A0AW-01A-11R-A056-07,0.795161270178518,1
TCGA-D8-A1X8-01A-11R-A14M-07,0.8152369444659813,1
TCGA-D8-A1JE-01A-11R-A13Q-07,0.5975317912801342,1
TCGA-BH-A1EO-01A-11R-A137-07,0.4985286970110554,1
TCGA-BH-A0HU-01A-11R-A034-07,0.47625834418929963,1
TCGA-BH-A0H7-01A-13R-A056-07,0.5841153979626346,1
TCGA-E9-A22D-01A-11R-A157-07,0.823529170893914,1
TCGA-3C-AAAU-01A-11R-A41B-07,0.6646846895467838,1
TCGA-BH-A1FJ-01A-11R-A13Q-07,0.7410520786329888,1
TCGA-A8-A06P-01A-11R-A00Z-07,0.8834896259292462,1
TCGA-A2-A25B-01A-11R-A169-07,0.6287533168583691,1
TCGA-AC-A2BM-01A-11R-A21T-07,0.7385703035689554,1
TCGA-E9-A6HE-01A-11R-A31O-07,0.30978864544294216,1
TCGA-AO-A03O-01A-11R-A00Z-07,0.3443737760280708,1
TCGA-A2-A0EU-01A-22R-A056-07,0.6867632828591838,1
TCGA-A8-A06O-01A-11R-A00Z-07,0.8431459046596502,1
TCGA-BH-A0BT-01A-11R-A12P-07,0.44546265438690974,1
TCGA-A2-A0YT-01A-11R-A109-07,0.5988929828184538,1
TCGA-E2-A14R-01A-11R-A115-07,0.5670071633394889,1
TCGA-B6-A0IC-01A-11R-A034-07,0.6488538020985343,0
TCGA-AC-A5XU-01A-11R-A28M-07,0.5504686634320556,1
TCGA-AR-A250-01A-31R-A169-07,0.8599607650478901,0
TCGA-D8-A1XZ-01A-11R-A14M-07,0.6433485960865577,1
TCGA-B6-A0I9-01A-11R-A034-07,0.750903690528296,1
TCGA-B6-A0IA-01A-11R-A034-07,0.20496564829140201,1
TCGA-E2-A14N-01A-31R-A137-07,0.3432011772653196,0
TCGA-PL-A8LY-01A-11R-A41B-07,0.8908586322923298,1
TCGA-LL-A441-01A-11R-A24H-07,0.6629970693678322,1
TCGA-A8-A08S-01A-11R-A034-07,0.6007498606171051,0
TCGA-A8-A09V-01A-11R-A034-07,0.8214220268102481,1
TCGA-BH-A209-01A-11R-A157-07,0.5852606604027434,1
TCGA-GM-A5PX-01A-12R-A28M-07,0.8923741227058828,1
TCGA-A8-A085-01A-11R-A00Z-07,0.8232581967849986,1
TCGA-A2-A25E-01A-11R-A169-07,0.6158227668019393,0
TCGA-D8-A1JG-01B-11R-A13Q-07,0.5683121922910226,1
TCGA-AC-A2FO-01A-11R-A180-07,0.8509561012649547,1
TCGA-B6-A3ZX-01A-11R-A239-07,0.870617976194942,1
TCGA-AN-A0FT-01A-11R-A034-07,0.22990278792088276,1
TCGA-AQ-A04H-01B-11R-A10J-07,0.5734955753489238,1
TCGA-AR-A1AR-01A-31R-A137-07,0.6563917275234542,1
TCGA-A2-A0CS-01A-11R-A115-07,0.7155966144356009,1
TCGA-A2-A1FZ-01A-51R-A14D-07,0.8378091745163295,1
TCGA-AC-A8OQ-01A-11R-A41B-07,0.8782035307313542,1
TCGA-AR-A0TR-01A-11R-A084-07,0.6236628085576187,1
TCGA-C8-A12M-01A-11R-A115-07,0.40670561473735917,1
TCGA-A1-A0SM-01A-11R-A084-07,0.7051125918337336,1
TCGA-BH-A1ET-01A-11R-A137-07,0.7626507345977508,1
TCGA-A8-A0A1-01A-11R-A00Z-07,0.8323798152496715,1
TCGA-C8-A1HG-01A-11R-A137-07,0.42465336547068705,1
TCGA-E9-A1NF-01A-11R-A14D-07,0.9019267172444452,1
TCGA-A2-A0D4-01A-11R-A00Z-07,0.6374759288298198,1
TCGA-BH-A2L8-01A-11R-A18M-07,0.8147105731641943,1
TCGA-A8-A093-01A-11R-A00Z-07,0.9294700497091157,1
TCGA-D8-A1Y3-01A-11R-A157-07,0.15974313350585223,1
TCGA-AR-A1AY-01A-21R-A12P-07,0.6507253773610896,1
TCGA-AO-A12F-01A-11R-A115-07,0.8859534751835297,1
TCGA-AN-A0FL-01A-11R-A034-07,0.36237370201898006,1
TCGA-AR-A0TQ-01A-11R-A084-07,0.7878883389406343,1
TCGA-A2-A0CP-01A-11R-A034-07,0.8949407611726494,0
TCGA-AO-A129-01A-21R-A10J-07,0.7535534986445139,1
TCGA-D8-A1JH-01A-11R-A13Q-07,0.8681622819241045,1
TCGA-BH-A18K-01A-11R-A12D-07,0.9159176403644553,1
TCGA-B6-A0IM-01A-11R-A034-07,0.6062365339547771,1
TCGA-AO-A0J4-01A-11R-A034-07,0.8298184630053527,0
TCGA-AR-A1AW-01A-21R-A12P-07,0.6593909622058329,1
TCGA-AC-A62Y-01A-11R-A29R-07,0.5396412126560346,0
TCGA-A1-A0SH-01A-11R-A084-07,0.6109703910629024,1
TCGA-A8-A08C-01A-11R-A00Z-07,0.4750599959200208,1
TCGA-A2-A3XU-01A-12R-A22U-07,0.3311612628046755,1
TCGA-E2-A1LB-01A-11R-A144-07,0.435203164145841,1
TCGA-D8-A1JJ-01A-31R-A14M-07,0.8490864507934913,1
TCGA-AN-A049-01A-21R-A00Z-07,0.6544886920123134,1
TCGA-A1-A0SN-01A-11R-A144-07,0.9322044488694297,0
TCGA-EW-A1IW-01A-11R-A13Q-07,0.8092569190477301,1
TCGA-LQ-A4E4-01A-11R-A266-07,0.7040078003262954,1
TCGA-E9-A5UP-01A-11R-A28M-07,0.3048933629771232,0
TCGA-EW-A1IY-01A-11R-A13Q-07,0.45260107048382886,1
TCGA-AN-A0XW-01A-11R-A109-07,0.6974175292621182,1
TCGA-AR-A24S-01A-11R-A169-07,0.7406573306702467,1
TCGA-AR-A2LM-01A-11R-A180-07,0.7834673404177936,1
TCGA-E9-A1NE-01A-21R-A14M-07,0.6723612692923058,1
TCGA-LL-A9Q3-01A-11R-A41B-07,0.17246846260055212,1
TCGA-AC-A8OP-01A-11R-A36F-07,0.6979060861900424,1
TCGA-E2-A572-01A-13R-A31O-07,0.0425124287838661,1
TCGA-B6-A0IP-01A-11R-A034-07,0.8774361112940036,1
TCGA-C8-A135-01A-11R-A115-07,0.5702249540151225,0
TCGA-D8-A1XL-01A-11R-A14M-07,0.45965783014485934,0
TCGA-EW-A1PC-01B-11R-A21T-07,0.4395889768413718,0
TCGA-AO-A03M-01B-11R-A10J-07,0.42011253006899735,0
TCGA-AN-A0FN-01A-11R-A034-07,0.6276637384566477,1
TCGA-A7-A4SD-01A-11R-A266-07,0.8035642281882509,1
TCGA-BH-A0HN-01A-11R-A10U-07,0.27719085545855204,1
TCGA-S3-A6ZH-01A-22R-A32P-07,0.32345137243793487,0
TCGA-AC-A3QP-01A-11R-A22U-07,0.6053990597340492,0
TCGA-5L-AAT1-01A-12R-A41B-07,0.5948753898346116,1
TCGA-AN-A0FY-01A-11R-A034-07,0.6271514736450613,0
TCGA-BH-A0BA-01A-11R-A056-07,0.8466769401214258,1
TCGA-A2-A0CU-01A-12R-A034-07,0.8059305255122139,1
TCGA-D8-A143-01A-11R-A115-07,0.7117178941265588,1
TCGA-BH-A0DE-01A-11R-A115-07,0.8100800360350371,1
TCGA-A2-A0EO-01A-11R-A034-07,0.8481019875018949,1
TCGA-AO-A0JF-01A-11R-A056-07,0.7819382111788934,1
TCGA-A8-A09E-01A-11R-A00Z-07,0.5049422758766209,1
TCGA-BH-A0AZ-01A-21R-A12P-07,0.7216678195229201,1
TCGA-GM-A2DN-01A-11R-A180-07,0.7676704174759666,1
TCGA-E2-A15T-01A-11R-A115-07,0.6980695845681308,1
TCGA-BH-A1F6-01A-11R-A13Q-07,0.8329508011546569,0
TCGA-BH-A0DX-01A-11R-A115-07,0.7558495799101047,1
TCGA-EW-A3U0-01A-11R-A22K-07,0.8302157623502263,0
TCGA-BH-A0DV-01A-21R-A12P-07,0.6848407501316125,1
TCGA-AC-A3TN-01A-11R-A22K-07,0.6365514408406904,1
TCGA-A1-A0SK-01A-12R-A084-07,0.30969466964334275,1
TCGA-B6-A0X5-01A-21R-A109-07,0.6458111551164712,1
TCGA-A2-A0YC-01A-11R-A109-07,0.7758975753199324,0
TCGA-A2-A0CZ-01A-11R-A034-07,0.7368171576253552,0
TCGA-C8-A27A-01A-11R-A169-07,0.32580467895926923,1
TCGA-AR-A1AP-01A-11R-A12P-07,0.7167958054576322,1
TCGA-BH-A0B4-01A-11R-A00Z-07,0.6124759358071442,0
TCGA-BH-A0BV-01A-11R-A00Z-07,0.7740122355653297,1
TCGA-AN-A0XO-01A-11R-A109-07,0.9470712934970037,0
TCGA-AC-A2QJ-01A-12R-A19W-07,0.23539898136082965,1
TCGA-GM-A2DD-01A-11R-A180-07,0.4229832340443258,0
TCGA-AR-A1AV-01A-21R-A12P-07,0.6629341107725439,1
TCGA-D8-A1XF-01A-11R-A14D-07,0.3023189548278373,1
TCGA-LL-A6FP-01A-11R-A31O-07,0.40557684760529905,1
TCGA-D8-A1XA-01A-11R-A14D-07,0.592132756056886,1
TCGA-C8-A26V-01A-11R-A16F-07,0.8403330837071976,1
TCGA-PE-A5DC-01A-12R-A27Q-07,0.46273229297057705,0
TCGA-E2-A1LH-01A-11R-A14D-07,0.6240105079299978,1
TCGA-BH-A0B9-01A-11R-A056-07,0.5396345064973218,1
TCGA-E9-A1N8-01A-11R-A144-07,0.4931048819732811,1
TCGA-AC-A62V-01A-11R-A31O-07,0.257580490563467,1
TCGA-EW-A1PH-01A-11R-A14M-07,0.7912892292835838,1
TCGA-AR-A5QP-01A-11R-A28M-07,0.9513430731475149,1
TCGA-BH-A5J0-01A-11R-A27Q-07,0.30516417200307494,1
TCGA-A1-A0SB-01A-11R-A144-07,0.8759528659681441,1
TCGA-B6-A0IK-01A-12R-A056-07,0.4646963959811932,1
TCGA-A8-A06Q-01A-11R-A034-07,0.5293644806396708,0
TCGA-AR-A2LH-01A-31R-A18M-07,0.8012612822231764,1
TCGA-AR-A24Z-01A-11R-A169-07,0.6305283101319872,1
TCGA-Z7-A8R5-01A-42R-A41B-07,0.6638641920761028,1
TCGA-A8-A0A9-01A-11R-A00Z-07,0.6668900306943931,0
TCGA-D8-A1JA-01A-11R-A13Q-07,0.24391024032051026,1
TCGA-AN-A0FK-01A-11R-A034-07,0.46327274448159184,1
TCGA-GM-A2DL-01A-11R-A18M-07,0.7202350130246431,1
TCGA-EW-A1P6-01A-11R-A144-07,0.8724904741726583,1
TCGA-BH-A0EA-01A-11R-A115-07,0.9575496325114199,1
TCGA-BH-A8FY-01A-11R-A36F-07,0.5541162352179552,1
TCGA-E2-A1L9-01A-11R-A13Q-07,0.8308708076143411,1
TCGA-E9-A1R2-01A-11R-A14D-07,0.46247248358016696,1
TCGA-AC-A2FM-01A-11R-A19W-07,0.754367955584803,1
TCGA-E2-A108-01A-13R-A10J-07,0.711555851658317,1
TCGA-OL-A66O-01A-11R-A31O-07,0.19366672435566193,0
TCGA-C8-A275-01A-21R-A16F-07,0.8010800986940266,1
TCGA-B6-A0IO-01A-11R-A034-07,0.6207475417269641,1
TCGA-BH-A0HO-01A-11R-A034-07,0.5438693275910296,1
TCGA-EW-A1P8-01A-11R-A144-07,0.6571326687589019,1
TCGA-A2-A0D0-01A-11R-A00Z-07,0.40688049738936755,1
TCGA-A2-A0SX-01A-12R-A084-07,0.8416793502953492,1
TCGA-D8-A27I-01A-11R-A16F-07,0.8088583657739661,0
TCGA-EW-A2FS-01A-11R-A17B-07,0.4090397478642177,0
TCGA-Z7-A8R6-01A-11R-A41B-07,0.7394514153290064,0
TCGA-E2-A15O-01A-11R-A115-07,0.5037756666017403,1
TCGA-V7-A7HQ-01A-11R-A33J-07,0.14758195976615351,1
TCGA-C8-A12W-01A-11R-A115-07,0.865529497411259,1
TCGA-A7-A3IY-01A-21R-A21T-07,0.7841170738759207,1
TCGA-A8-A08B-01A-11R-A00Z-07,0.6654507103365919,1
TCGA-5T-A9QA-01A-11R-A41B-07,0.4509609480631679,1
TCGA-E2-A106-01A-11R-A10J-07,0.3234074378546836,1
TCGA-E2-A1B6-01A-31R-A12P-07,0.6224744116831535,1
TCGA-AC-A2FF-01A-11R-A17B-07,0.6300685438358324,0
TCGA-EW-A1PA-01A-11R-A144-07,0.46917925984025793,1
TCGA-D8-A27T-01A-11R-A16F-07,0.8723565088740046,1
TCGA-LD-A66U-01A-11R-A31O-07,0.31511063776599896,1
TCGA-A8-A07Z-01A-11R-A00Z-07,0.3747735795755603,1
TCGA-AR-A1AO-01A-11R-A12P-07,0.7520370733538894,1
TCGA-E2-A573-01A-11R-A29R-07,0.7289910061416285,1
TCGA-AC-A2FB-01A-11R-A17B-07,0.7354954861833783,1
TCGA-AN-A0G0-01A-11R-A034-07,0.5740686084022756,1
TCGA-BH-A0H5-01A-21R-A115-07,0.6955275088358182,1
TCGA-A8-A07S-01A-11R-A034-07,0.8706799198130215,1
TCGA-E9-A3QA-01A-61R-A22K-07,0.646813005202107,1
TCGA-A1-A0SI-01A-11R-A144-07,0.8763460095730895,0
TCGA-A8-A09W-01A-11R-A00Z-07,0.6093824245131657,1
TCGA-BH-A1F0-01A-11R-A137-07,0.7502693149161808,1
TCGA-A2-A0D2-01A-21R-A034-07,0.4281103815966867,1
TCGA-OL-A5D8-01A-11R-A27Q-07,0.495875934554661,1
TCGA-BH-A18G-01A-11R-A12D-07,0.8498924348553369,1
TCGA-A2-A0YI-01A-31R-A10J-07,0.7775623653983962,1
TCGA-A8-A0A4-01A-11R-A00Z-07,0.6323236336815237,1
TCGA-A7-A425-01A-11R-A24H-07,0.6347230108093852,1
TCGA-E9-A22A-01A-11R-A157-07,0.8547664410015305,1
TCGA-A8-A08J-01A-11R-A00Z-07,0.9199307808297778,1
TCGA-A2-A3Y0-01A-11R-A239-07,0.43313188870357655,0
TCGA-AC-A2BK-01A-11R-A21T-07,0.3689207335539877,1
TCGA-B6-A0IN-01A-11R-A034-07,0.6002863377246231,0
TCGA-D8-A1JD-01A-11R-A13Q-07,0.8478570607470481,0
TCGA-GM-A2DK-01A-21R-A180-07,0.6545507791342755,1
TCGA-OL-A5RX-01A-11R-A28M-07,0.9327772355557662,1
TCGA-A8-A08Z-01A-21R-A00Z-07,0.7974919556951748,1
TCGA-A2-A0YD-01A-11R-A109-07,0.801901732211932,1
TCGA-A7-A3J1-01A-11R-A213-07,0.6654664062497568,1
TCGA-BH-A1FD-01A-11R-A13Q-07,0.7374056578173878,1
TCGA-A2-A0D1-01A-11R-A034-07,0.4066562414881002,0
TCGA-BH-A0BL-01A-11R-A115-07,0.9070389086949561,1
TCGA-E2-A1IH-01A-11R-A13Q-07,0.6592740564257582,1
TCGA-AR-A0TU-01A-31R-A109-07,0.4214590171761778,1
TCGA-AC-A2FG-01A-11R-A17B-07,0.9381034660754158,1
TCGA-GM-A4E0-01A-12R-A266-07,0.7913566784841587,0
TCGA-AC-A3W7-01A-11R-A22K-07,0.8469052158638996,1
TCGA-A8-A083-01A-21R-A00Z-07,0.7108976699400782,1
TCGA-A2-A0EN-01A-13R-A084-07,0.7767010245413232,1
TCGA-D8-A1Y0-01A-11R-A14M-07,0.5767103007323526,0
TCGA-AR-A1AK-01A-21R-A12P-07,0.7632375538215781,1
TCGA-AC-A7VC-01A-11R-A352-07,0.5996336202652273,1
TCGA-A7-A0CJ-01A-21R-A00Z-07,0.6014161036450624,1
TCGA-AO-A03U-01B-21R-A10J-07,0.4769709304599275,1
TCGA-E2-A2P5-01A-11R-A19W-07,0.43652441466092184,1
TCGA-E2-A15S-01A-11R-A115-07,0.6940069928733583,1
TCGA-A1-A0SJ-01A-11R-A084-07,0.5316894499216184,0
TCGA-A2-A04N-01A-11R-A115-07,0.9734597445456757,1
TCGA-B6-A401-01A-11R-A239-07,0.8534232555545613,0
TCGA-D8-A1JU-01A-11R-A13Q-07,0.7114332508564372,1
TCGA-B6-A40B-01A-11R-A239-07,0.8302024822904751,1
TCGA-LD-A9QF-01A-32R-A41B-07,0.4172915971113658,0
TCGA-AO-A03T-01A-21R-A034-07,0.41951916142804724,0
TCGA-E9-A3Q9-01A-11R-A21T-07,0.6340709837794544,0
TCGA-D8-A1JP-01A-11R-A13Q-07,0.5668393219964106,1
TCGA-BH-A18I-01A-11R-A12D-07,0.8731662940941385,1
TCGA-BH-A28Q-01A-11R-A16F-07,0.8472267194121597,1
TCGA-EW-A1OW-01A-21R-A144-07,0.8667535731417735,1
TCGA-BH-A18R-01A-11R-A12D-07,0.7197504483583799,1
TCGA-AO-A0J8-01A-21R-A034-07,0.7378026395189323,0
TCGA-AC-A3BB-01A-21R-A19W-07,0.7389075404375596,0
TCGA-E9-A247-01A-11R-A169-07,0.47292547026279963,1
TCGA-D8-A73U-01A-11R-A33J-07,0.5988316885384816,0
TCGA-BH-A18V-01A-11R-A12D-07,0.6074429913685863,1
TCGA-BH-A0C1-01B-11R-A12D-07,0.7254566727588262,0
TCGA-AC-A3W6-01A-12R-A22K-07,0.6051788516543539,1
TCGA-BH-A1FR-01A-11R-A13Q-07,0.6901601594119825,1
TCGA-A2-A1G0-01A-11R-A13Q-07,0.6202493326328268,0
TCGA-BH-A0DQ-01A-11R-A084-07,0.8120161985738352,1
TCGA-A2-A0ER-01A-21R-A034-07,0.5274272842103562,1
TCGA-D8-A27P-01A-11R-A16F-07,0.9492618304352453,1
TCGA-B6-A1KN-01A-11R-A13Q-07,0.7909686021548443,1
TCGA-E9-A228-01A-31R-A157-07,0.5843213148733638,1
TCGA-BH-A0B2-01A-11R-A10J-07,0.8896195284937124,1
TCGA-B6-A0X4-01A-11R-A109-07,0.51510393221509,0
TCGA-BH-A1EY-01A-11R-A13Q-07,0.7472707690474032,1
TCGA-BH-A0HX-01A-21R-A056-07,0.7261093384860491,1
TCGA-A8-A094-01A-11R-A00Z-07,0.8067308422935453,1
TCGA-AO-A1KR-01A-12R-A144-07,0.13878699202642197,0
TCGA-A2-A0CV-01A-31R-A115-07,0.8508959307478804,1
TCGA-A8-A076-01A-21R-A00Z-07,0.8385334044788595,1
TCGA-E9-A1RE-01A-11R-A157-07,0.8935006902922724,1
TCGA-S3-A6ZG-01A-22R-A32P-07,0.6556688684312529,1
TCGA-A8-A06Z-01A-11R-A00Z-07,0.8047084064688008,1
TCGA-BH-A8FZ-01A-11R-A352-07,0.8169236143964282,1
TCGA-LL-A440-01A-11R-A24H-07,0.8341967058389136,1
TCGA-E9-A249-01A-11R-A169-07,0.8128183244451445,1
TCGA-PL-A8LX-01A-11R-A41B-07,0.4471416772410918,1
TCGA-E2-A1L8-01A-11R-A13Q-07,0.6580350311934926,1
TCGA-EW-A6SD-01A-12R-A33J-07,0.7782671009534045,1
TCGA-AO-A0JL-01A-11R-A056-07,0.8142939451681785,1
TCGA-MS-A51U-01A-31R-A266-07,0.8458827166022156,1
TCGA-BH-A0E7-01A-11R-A034-07,0.5776561520253857,1
TCGA-E9-A22G-01A-11R-A157-07,0.3834586801296308,1
TCGA-A8-A08R-01A-11R-A034-07,0.6780518959945393,1
TCGA-A2-A4S1-01A-21R-A266-07,0.5800305907567204,1
TCGA-E2-A1II-01A-11R-A144-07,0.5185419872001704,1
TCGA-A7-A3J0-01A-11R-A213-07,0.5924533598016726,0
TCGA-BH-A0B8-01A-21R-A056-07,0.6504558217824049,0
TCGA-AR-A24L-01A-11R-A169-07,0.3830593278199397,1
TCGA-EW-A1J3-01A-11R-A13Q-07,0.31636660860018434,1
TCGA-AR-A5QM-01A-11R-A27Q-07,0.7119092301188406,1
TCGA-AO-A1KS-01A-11R-A13Q-07,0.1941351129399921,1
TCGA-D8-A1JI-01A-11R-A13Q-07,0.8298935212692016,1
TCGA-A8-A09N-01A-11R-A00Z-07,0.7102925469106458,1
TCGA-BH-A203-01A-12R-A169-07,0.7038670310017027,1
TCGA-AR-A2LQ-01A-22R-A18M-07,0.7181095152561229,1
TCGA-AR-A251-01A-12R-A169-07,0.5577661531648843,1
TCGA-BH-A18J-01A-11R-A12D-07,0.7271620386009537,1
TCGA-D8-A1XM-01A-21R-A14M-07,0.8500130419751424,1
TCGA-BH-A0HA-01A-11R-A12P-07,0.6127102890541182,1
TCGA-AR-A0U2-01A-11R-A109-07,0.5387372526399008,1
TCGA-E2-A1B1-01A-21R-A12P-07,0.6634752190816681,1
TCGA-AC-A62X-01A-11R-A29R-07,0.601872103456707,0
TCGA-A7-A5ZW-01A-12R-A29R-07,0.8398878866434779,1
TCGA-BH-A28O-01A-11R-A22K-07,0.79979675369821,1
TCGA-D8-A1XQ-01A-11R-A14M-07,0.6083468350546234,0
TCGA-E9-A248-01A-11R-A169-07,0.6424924725883504,1
TCGA-A8-A07E-01A-11R-A034-07,0.7422181857103946,1
TCGA-AC-A23E-01A-11R-A157-07,0.7725661875617993,1
TCGA-E9-A1N4-01A-11R-A14M-07,0.5054017765542894,1
TCGA-E2-A15H-01A-11R-A12D-07,0.6371750745541804,0
TCGA-E2-A1IJ-01A-11R-A144-07,0.8292517917034334,1
TCGA-D8-A1XR-01A-11R-A14M-07,0.9472224577790175,1
TCGA-A8-A075-01A-11R-A084-07,0.891549869173478,1
TCGA-A8-A06U-01A-11R-A00Z-07,0.4389013527513848,0
TCGA-B6-A0X7-01A-11R-A10J-07,0.7915713562250076,1
TCGA-AQ-A04J-01A-02R-A034-07,0.7737297229695683,1
TCGA-A2-A0CQ-01A-21R-A034-07,0.863857700784324,1
TCGA-A8-A07F-01A-11R-A00Z-07,0.5385502576422888,1
TCGA-A8-A082-01A-11R-A00Z-07,0.7785948441792775,1
TCGA-AN-A0XT-01A-11R-A109-07,0.7177792441751208,1
TCGA-AR-A24X-01A-11R-A169-07,0.693297817502887,0
TCGA-A2-A04Y-01A-21R-A034-07,0.8536768894205656,1
TCGA-A2-A1G4-01A-11R-A13Q-07,0.6581225195546097,1
TCGA-B6-A0IE-01A-11R-A034-07,0.45323550876356655,1
TCGA-A8-A079-01A-21R-A00Z-07,0.6876143857022848,1
TCGA-E2-A15E-01A-11R-A12D-07,0.6850842320529196,1
TCGA-E9-A1R3-01A-31R-A14M-07,0.7856111503570347,1
TCGA-AR-A0TT-01A-31R-A084-07,0.8876382221087046,0
TCGA-S3-AA0Z-01A-11R-A41B-07,0.7263789048276288,1
TCGA-BH-A0E1-01A-11R-A056-07,0.6042726286788033,1
TCGA-AC-A23G-01A-11R-A213-07,0.6547656800281533,1
TCGA-GM-A3XG-01A-31R-A24H-07,0.8084297825561759,1
TCGA-AR-A1AM-01A-41R-A22K-07,0.8138636981808453,0
TCGA-E9-A1N5-01A-11R-A14D-07,0.7818442272797395,1
TCGA-A2-A3XX-01A-21R-A239-07,0.7183491347237116,1
TCGA-BH-A0BQ-01A-21R-A115-07,0.7961305719719839,1
TCGA-EW-A1P7-01A-21R-A144-07,0.42290328099225455,1
TCGA-BH-A5IZ-01A-11R-A27Q-07,0.8276275533824505,1
TCGA-D8-A1X7-01A-11R-A14M-07,0.7591919338086898,0
TCGA-BH-A0DP-01A-21R-A056-07,0.8941091137415171,1
TCGA-AC-A7VB-01A-11R-A352-07,0.47485745848381533,0
TCGA-A2-A0ST-01A-12R-A084-07,0.9015091778001058,1
TCGA-A2-A0ES-01A-11R-A115-07,0.8230667496750209,1
TCGA-BH-A0DT-01A-21R-A12D-07,0.8667223844663522,1
TCGA-AN-A0AR-01A-11R-A00Z-07,0.8387530735053672,1
TCGA-A2-A0YJ-01A-11R-A109-07,0.7369427051794714,0
TCGA-D8-A4Z1-01A-21R-A266-07,0.7164899097693372,0
TCGA-AO-A0JC-01A-11R-A056-07,0.3234138961675051,1
TCGA-A2-A04Q-01A-21R-A034-07,0.8889338977401987,0
TCGA-GM-A2DF-01A-11R-A180-07,0.7780088964890789,1
TCGA-GM-A2DI-01A-31R-A18M-07,0.7463860713735854,1
TCGA-LL-A5YO-01A-21R-A28M-07,0.6585060995812493,0
TCGA-EW-A3E8-01B-11R-A24H-07,0.723269364456233,0
TCGA-BH-A0E9-01B-11R-A115-07,0.7596347210910319,1
TCGA-AR-A1AH-01A-11R-A12D-07,0.5166970362463588,1
TCGA-E2-A10A-01A-21R-A115-07,0.709131166880708,1
TCGA-C8-A1HF-01A-11R-A137-07,0.650558641899825,1
TCGA-A7-A13H-01A-11R-A22K-07,0.7890752964904424,1
TCGA-A7-A13F-01A-11R-A12P-07,0.8883964848890299,1
TCGA-D8-A1XV-01A-11R-A14M-07,0.47542384432572055,0
TCGA-E2-A574-01A-11R-A29R-07,0.6408465758263598,1
TCGA-GM-A5PV-01A-11R-A28M-07,0.7245543150519267,1
TCGA-EW-A1PB-01A-11R-A144-07,0.4930614163597506,0
TCGA-E2-A1IO-01A-11R-A144-07,0.8119056672684881,1
TCGA-B6-A0RH-01A-21R-A115-07,0.7869649746587591,1
TCGA-BH-A0B7-01A-12R-A115-07,0.9190444384505023,1
TCGA-C8-A137-01A-11R-A115-07,0.5357520433719967,0
TCGA-LL-A8F5-01A-11R-A36F-07,0.49587595391954337,1
TCGA-AQ-A0Y5-01A-11R-A14M-07,0.6299135492881842,1
TCGA-D8-A13Z-01A-11R-A115-07,0.6608277173059782,0
TCGA-A2-A4RX-01A-11R-A266-07,0.9050267417664961,1
TCGA-AR-A24U-01A-11R-A169-07,0.7182002554630624,1
TCGA-E2-A105-01A-11R-A10J-07,0.5039362165857446,1
TCGA-C8-A1HN-01A-11R-A137-07,0.6753481029655511,1
TCGA-BH-A18S-01A-11R-A12D-07,0.6409193241281119,1
TCGA-E2-A14Q-01A-11R-A12D-07,0.7722781363577036,1
TCGA-A7-A0DA-01A-31R-A115-07,0.7625679342957159,1
TCGA-EW-A1P4-01A-21R-A144-07,0.6667179918235988,1
TCGA-A8-A081-01A-11R-A00Z-07,0.6643015107401361,1
TCGA-BH-A0E0-01A-11R-A056-07,0.7161425890180715,1
TCGA-OL-A66N-01A-12R-A31O-07,0.409318783777792,0
TCGA-E2-A2P6-01A-11R-A19W-07,0.663527965546665,0
TCGA-BH-A0DK-01A-21R-A056-07,0.6810862217569236,1
TCGA-E9-A5UO-01A-11R-A28M-07,0.41077704211621224,1
TCGA-D8-A1JC-01A-11R-A13Q-07,0.8475481184242575,1
TCGA-C8-A134-01A-11R-A115-07,0.8168698609735363,1
TCGA-A2-A3XT-01A-11R-A22U-07,0.5383051978326749,1
TCGA-AR-A256-01A-11R-A169-07,0.5765380515185259,1
TCGA-D8-A1JL-01A-11R-A13Q-07,0.7679325018701741,1
TCGA-E9-A24A-01A-11R-A169-07,0.5815390116745525,1
TCGA-A2-A3XZ-01A-42R-A239-07,0.7442177539008155,1
TCGA-BH-A0BF-01A-21R-A12P-07,0.9417980142285947,1
TCGA-D8-A27F-01A-11R-A16F-07,0.7329745804933324,1
TCGA-A2-A0CY-01A-12R-A034-07,0.4370402530766791,1
TCGA-D8-A27E-01A-11R-A16F-07,0.4603828668110848,0
TCGA-A2-A0EP-01A-52R-A22U-07,0.4279437541092244,1
TCGA-GI-A2C8-01A-11R-A16F-07,0.747314408124385,1
TCGA-A8-A099-01A-11R-A00Z-07,0.5818952984505296,0
TCGA-A2-A04U-01A-11R-A115-07,0.3016318420341775,1
TCGA-BH-A0HP-01A-12R-A084-07,0.7889717407564334,1
TCGA-EW-A2FV-01A-11R-A17B-07,0.6646990816941488,1
TCGA-A2-A0CR-01A-11R-A22K-07,0.15078397044757205,1
TCGA-BH-A0DS-01A-11R-A056-07,0.7306216445556261,1
TCGA-D8-A1XC-01A-11R-A14D-07,0.6661192429495536,1
TCGA-E2-A14O-01A-31R-A115-07,0.5919067318000554,1
TCGA-A1-A0SF-01A-11R-A144-07,0.868683902195871,1
TCGA-A8-A06X-01A-21R-A00Z-07,0.6698287020783869,1
TCGA-BH-A0HI-01A-11R-A084-07,0.8600341092709746,1
TCGA-E2-A14U-01A-11R-A22K-07,0.8929602937571353,1
TCGA-E2-A15A-01A-11R-A12D-07,0.8068945012626005,0
TCGA-A2-A1G6-01A-11R-A13Q-07,0.8688632818212898,1
TCGA-B6-A1KC-01B-11R-A157-07,0.7137072146361972,1
TCGA-OL-A5RZ-01A-11R-A28M-07,0.49997471409919564,1
TCGA-A8-A07I-01A-11R-A00Z-07,0.7629984256057464,0
TCGA-A2-A0T0-01A-22R-A084-07,0.6961711205281698,1
TCGA-BH-A42V-01A-11R-A24H-07,0.9244645483252898,1
TCGA-GM-A3XN-01A-12R-A22U-07,0.6487246267392223,1
TCGA-D8-A3Z6-01A-11R-A239-07,0.6539916934703781,1
TCGA-B6-A0IQ-01A-11R-A034-07,0.46438164223953576,1
TCGA-A8-A095-01A-11R-A00Z-07,0.9324361651211979,1
TCGA-AO-A125-01A-11R-A10J-07,0.6528372606245574,1
TCGA-EW-A6SA-01A-21R-A32P-07,0.5680663794306998,0
TCGA-BH-A0DD-01A-31R-A12P-07,0.6498709116125682,1
TCGA-AO-A0J3-01A-11R-A034-07,0.35462657038982365,0
TCGA-A2-A3XS-01A-11R-A22U-07,0.957088962372836,0
TCGA-AC-A8OR-01A-21R-A41B-07,0.8450596711125489,1
TCGA-BH-A0HK-01A-11R-A056-07,0.6570960449565665,1
TCGA-E2-A1IG-01A-11R-A144-07,0.7636069683687075,1
TCGA-AO-A12B-01A-11R-A10J-07,0.3393881975643281,1
TCGA-EW-A1J5-01A-11R-A13Q-07,0.6418034031318337,1
TCGA-C8-A12Q-01A-11R-A115-07,0.8100214351325451,1
TCGA-A2-A0EQ-01A-11R-A034-07,0.7191160410148799,0
TCGA-GM-A3XL-01A-11R-A22U-07,0.45076468449239215,1
TCGA-BH-A1EU-01A-11R-A137-07,0.472070442716475,1
TCGA-BH-A0RX-01A-21R-A084-07,0.7804012836479681,1
TCGA-E9-A1RF-01A-11R-A157-07,0.7332089660745711,1
TCGA-AC-A2QI-01A-12R-A19W-07,0.822740208580067,1
TCGA-A8-A090-01A-11R-A00Z-07,0.5861030841015628,0
TCGA-AR-A5QQ-01A-11R-A28M-07,0.5566847370332597,1
TCGA-XX-A899-01A-11R-A36F-07,0.7943553100550639,1
TCGA-E2-A156-01A-11R-A12D-07,0.9260988165128262,1
TCGA-AN-A04C-01A-21R-A034-07,0.8383177856887037,0
TCGA-AN-A0AT-01A-11R-A034-07,0.6592096711874409,1
TCGA-UL-AAZ6-01A-11R-A41B-07,0.24805615339825623,1
TCGA-D8-A1X9-01A-12R-A157-07,0.5538757699316129,1
TCGA-E9-A22E-01A-11R-A157-07,0.806733091568998,1
TCGA-BH-A1FB-01A-11R-A13Q-07,0.7400542174048433,1
TCGA-C8-A8HR-01A-11R-A36F-07,0.840508339702874,1
TCGA-EW-A2FR-01A-11R-A21T-07,0.9423583452695146,1
TCGA-AN-A0AJ-01A-11R-A00Z-07,0.6322617211046805,1
TCGA-LD-A7W6-01A-81R-A352-07,0.8223490930898841,1
TCGA-BH-A0B6-01A-11R-A19W-07,0.4144974681824683,1
TCGA-AR-A252-01A-11R-A169-07,0.6015874614933766,1
TCGA-AR-A254-01A-21R-A169-07,0.7590249333426451,1
TCGA-AO-A03P-01A-11R-A00Z-07,0.7895538101898087,1
TCGA-A8-A07O-01A-11R-A00Z-07,0.3849475196289414,0
TCGA-EW-A1PE-01A-11R-A144-07,0.737056699989166,0
TCGA-AR-A2LL-01A-11R-A180-07,0.8644820037166209,1
TCGA-A7-A26H-01A-11R-A169-07,0.6988082097077224,1
TCGA-C8-A26Z-01A-11R-A16F-07,0.8061456819153303,1
TCGA-AO-A0J9-01A-11R-A034-07,0.4781395836582199,1
TCGA-EW-A1PF-01A-11R-A144-07,0.772738636858518,1
TCGA-A2-A25F-01A-11R-A169-07,0.7752769364544727,1
TCGA-D8-A73W-01A-22R-A352-07,0.7579977649647932,1
TCGA-AR-A2LJ-01A-12R-A19W-07,0.3238023585572668,0
TCGA-A8-A07C-01A-11R-A034-07,0.3693575051694248,1
TCGA-E9-A245-01A-22R-A16F-07,0.5674099428335645,0
TCGA-B6-A408-01A-12R-A24H-07,0.40702490059520374,0
TCGA-AR-A255-01A-11R-A169-07,0.7025957676724154,0
TCGA-E2-A1L6-01A-11R-A13Q-07,0.8133368684500273,0
TCGA-E9-A295-01A-11R-A16F-07,0.7390695364498198,1
TCGA-BH-A1FE-01A-11R-A13Q-07,0.4748136258107604,0
TCGA-BH-A1FM-01A-11R-A13Q-07,0.10664286941439355,0
TCGA-OL-A5RU-01A-11R-A28M-07,0.6506503346782562,1
TCGA-C8-A1HO-01A-11R-A13Q-07,0.3136305881265159,0
TCGA-GM-A2DO-01A-11R-A18M-07,0.5468115329087323,0
TCGA-AN-A0FZ-01A-11R-A034-07,0.522039685682628,1
TCGA-D8-A1JN-01A-11R-A13Q-07,0.4091849275256113,1
TCGA-OL-A6VO-01A-12R-A33J-07,0.556287520340246,0
TCGA-AN-A0FV-01A-11R-A00Z-07,0.7526518236140624,1
TCGA-D8-A1J9-01A-11R-A13Q-07,0.7196642709081812,1
TCGA-B6-A0IB-01A-11R-A034-07,0.5320265898783418,1
TCGA-A8-A06R-01A-11R-A00Z-07,0.4895903450825193,0
TCGA-AR-A24H-01A-11R-A169-07,0.4650865352215164,1
TCGA-E2-A109-01A-11R-A10J-07,0.6661659152529769,1
TCGA-AR-A5QN-01A-12R-A28M-07,0.8917561998362222,1
TCGA-A2-A0EX-01A-21R-A034-07,0.8774523521375159,1
TCGA-C8-A12N-01A-11R-A115-07,0.8401738056661749,1
TCGA-A2-A259-01A-11R-A16F-07,0.7322814952972159,1
TCGA-AO-A12A-01A-21R-A115-07,0.833944113758784,0
TCGA-A7-A3RF-01A-11R-A22K-07,0.40414918724206955,1
TCGA-AN-A0FS-01A-11R-A034-07,0.8370617408580994,1
TCGA-C8-A26W-01A-11R-A16F-07,0.9250637193770701,1
TCGA-E9-A1RC-01A-11R-A157-07,0.8624040457690763,1
TCGA-E2-A1B0-01A-11R-A12P-07,0.73176974516277,1
TCGA-AO-A126-01A-11R-A10J-07,0.7307546490328375,1
TCGA-AC-A4ZE-01A-11R-A41B-07,0.7317137453618329,0
TCGA-E9-A229-01A-31R-A157-07,0.8066019916846555,1
TCGA-EW-A1P1-01A-31R-A14D-07,0.6625654070241541,0
TCGA-BH-AB28-01A-31R-A41B-07,0.7459005202337513,1
TCGA-A8-A08P-01A-11R-A00Z-07,0.8394511086594935,0
TCGA-EW-A1IX-01A-12R-A144-07,0.7413880634364592,0
TCGA-LL-A73Z-01A-11R-A32P-07,0.6189653350663773,0
TCGA-E9-A1R7-01A-11R-A14M-07,0.22618798796176873,1
TCGA-BH-A1F2-01A-31R-A13Q-07,0.37430987918971736,0
TCGA-A8-A0A6-01A-12R-A056-07,0.8140603982861863,1
TCGA-A1-A0SE-01A-11R-A084-07,0.8652968146242975,1
TCGA-E9-A1NG-01A-21R-A14M-07,0.7031160221760442,1
TCGA-B6-A1KF-01A-11R-A13Q-07,0.7359268987021244,1
TCGA-BH-A0EE-01A-11R-A034-07,0.273387567764636,1
TCGA-BH-A0BD-01A-11R-A034-07,0.8958896361183797,1
TCGA-OL-A5RY-01A-21R-A28M-07,0.6614954109179503,1
TCGA-E9-A1RD-01A-11R-A157-07,0.7526385294071016,1
TCGA-AR-A24K-01A-11R-A169-07,0.5998576998521795,1
TCGA-BH-A0BP-01A-11R-A115-07,0.6398588239018105,1
TCGA-C8-A130-01A-31R-A115-07,0.7995399023387277,1
TCGA-B6-A0RG-01A-11R-A056-07,0.4820010269766913,1
TCGA-E9-A1NA-01A-11R-A144-07,0.6456628805027261,1
TCGA-A8-A0A2-01A-11R-A034-07,0.5967332925144838,0
TCGA-E2-A14V-01A-11R-A12D-07,0.8906762946298313,0
TCGA-E2-A1LL-01A-11R-A144-07,0.6639716137093492,1
TCGA-AR-A24M-01A-11R-A169-07,0.6492977868734432,1
TCGA-A8-A0AB-01A-11R-A034-07,0.6461904873481539,1
TCGA-C8-A1HL-01A-11R-A137-07,0.5199457494013243,1
TCGA-OL-A66P-01A-11R-A31O-07,0.10396107317343874,0
TCGA-OL-A66K-01A-11R-A29R-07,0.8693768785877355,1
TCGA-BH-A0HF-01A-11R-A056-07,0.7858479969529897,1
TCGA-AN-A03X-01A-21R-A00Z-07,0.5407255616308121,1
TCGA-A2-A1FV-01A-11R-A13Q-07,0.2501895740789481,1
TCGA-E9-A3HO-01A-11R-A213-07,0.2267343610238241,1
TCGA-A2-A0YE-01A-11R-A109-07,0.7202479643619454,1
TCGA-A1-A0SP-01A-11R-A084-07,0.5965155230893865,1
TCGA-AO-A0J7-01A-11R-A034-07,0.856464593522696,1
TCGA-C8-A3M7-01A-12R-A21T-07,0.8514670641005729,1
TCGA-A2-A0YG-01A-21R-A109-07,0.5443925615800856,1
TCGA-E2-A14Y-01A-21R-A12D-07,0.5970867960175885,1
TCGA-EW-A424-01A-11R-A24H-07,0.893942953802363,1
TCGA-D8-A141-01A-11R-A115-07,0.7874397333602502,1
TCGA-C8-A1HJ-01A-11R-A13Q-07,0.296416127263998,1
TCGA-C8-A12O-01A-11R-A115-07,0.716825923132049,0
TCGA-LL-A442-01A-11R-A24H-07,0.5680296176175538,1
TCGA-C8-A12Z-01A-11R-A115-07,0.6011873374463105,1
TCGA-EW-A1OX-01A-11R-A144-07,0.46320614314596686,0
TCGA-E9-A1RG-01A-11R-A14D-07,0.359363893731525,1
TCGA-AQ-A1H2-01A-11R-A13Q-07,0.6780225864445755,0
TCGA-AR-A24Q-01A-12R-A169-07,0.871523697712081,1
TCGA-A8-A09K-01A-11R-A00Z-07,0.38951152530904665,1
TCGA-BH-A0W7-01A-11R-A115-07,0.8139766296979579,1
TCGA-BH-A0H0-01A-11R-A056-07,0.5734230653364726,0
TCGA-AO-A0JD-01A-11R-A056-07,0.42373858543127485,1
TCGA-A2-A4RW-01A-21R-A266-07,0.8039216713390958,1
TCGA-C8-A12U-01A-11R-A115-07,0.3410382895712635,1
TCGA-C8-A12V-01A-11R-A115-07,0.8511800388311116,1
TCGA-E9-A1NC-01A-21R-A26B-07,0.8420036124869699,1
TCGA-AO-A12G-01A-11R-A10J-07,0.677831557215619,0
TCGA-S3-AA11-01A-31R-A41B-07,0.7888986368135867,1
TCGA-BH-A0HQ-01A-11R-A034-07,0.9525468535968108,1
TCGA-AO-A03L-01A-41R-A056-07,0.443770386228738,1
TCGA-C8-A1HM-01A-12R-A137-07,0.5201797577999183,1
TCGA-D8-A146-01A-31R-A115-07,0.7867181445617936,0
TCGA-A2-A0EV-01A-11R-A034-07,0.8674176723863108,1
TCGA-E2-A154-01A-11R-A115-07,0.6392875868870262,1
TCGA-E2-A1LE-01A-12R-A19W-07,0.7334541944127511,1
TCGA-E9-A1R5-01A-11R-A14M-07,0.6285411420554294,1
TCGA-AC-A3EH-01A-22R-A22K-07,0.5474397536248823,1
TCGA-C8-A12Y-01A-11R-A12D-07,0.43069623650798955,1
TCGA-BH-A0E2-01A-11R-A056-07,0.6480411787723592,0
TCGA-D8-A1XG-01A-11R-A14D-07,0.6883269373851946,1
TCGA-OL-A5DA-01A-11R-A27Q-07,0.7058295300341613,1
TCGA-AC-A3HN-01A-11R-A213-07,0.8255631992536182,1
TCGA-B6-A0RP-01A-21R-A084-07,0.8837262520391264,1
TCGA-3C-AALI-01A-11R-A41B-07,0.6220741759802547,1
TCGA-D8-A1Y2-01A-11R-A157-07,0.8496476366493837,0
TCGA-S3-AA15-01A-11R-A41B-07,0.8555354465617486,1
TCGA-BH-A0W5-01A-11R-A109-07,0.9121116419402274,1
TCGA-A8-A097-01A-11R-A034-07,0.5049541662973307,1
TCGA-AO-A12D-01A-11R-A115-07,0.8522586535520019,1
TCGA-AN-A04A-01A-21R-A034-07,0.5997766699832789,1
TCGA-E2-A1B4-01A-11R-A12P-07,0.6585475989352473,1
TCGA-A8-A09R-01A-11R-A00Z-07,0.8784975850767625,1
TCGA-XX-A89A-01A-11R-A36F-07,0.5470002967659976,1
TCGA-AR-A24O-01A-11R-A169-07,0.6673400990849251,1
TCGA-E2-A1LG-01A-21R-A14M-07,0.5359842465354877,1
TCGA-AC-A8OS-01A-12R-A41B-07,0.668017678116079,1
TCGA-HN-A2NL-01A-11R-A18M-07,0.3665542977136813,0
TCGA-E9-A1N6-01A-11R-A144-07,0.8397865260534213,0
TCGA-E2-A10C-01A-21R-A10J-07,0.4793204772798269,1
TCGA-BH-A0AU-01A-11R-A12P-07,0.7747937016213605,0
TCGA-A2-A0EW-01A-21R-A115-07,0.8298127261800226,1
TCGA-A8-A07B-01A-11R-A00Z-07,0.35756562639030803,1
TCGA-E2-A15K-01A-11R-A12P-07,0.8387762411679994,1
TCGA-EW-A6S9-01A-22R-A33J-07,0.6518716578359895,0
TCGA-AC-A3W5-01A-11R-A22K-07,0.8203118135970998,1
TCGA-BH-A0AV-01A-31R-A115-07,0.6899213088294047,1
TCGA-A2-A0T7-01A-21R-A084-07,0.868106397086332,0
TCGA-AO-A03V-01A-11R-A115-07,0.6956156333155339,1
TCGA-BH-A0DZ-01A-11R-A00Z-07,0.46951057968599613,1
TCGA-AN-A041-01A-11R-A034-07,0.5742307572321624,0
TCGA-B6-A0I5-01A-11R-A034-07,0.5812677953196845,1
TCGA-BH-A0BM-01A-11R-A056-07,0.8841266919809406,1
TCGA-BH-A0GZ-01A-11R-A056-07,0.8553265450885835,1
TCGA-LL-A5YN-01A-11R-A28M-07,0.25094904249520916,1
TCGA-B6-A0RM-01A-11R-A084-07,0.5651197888631632,0
TCGA-A2-A4S3-01A-21R-A266-07,0.6391369643154103,1
TCGA-BH-A201-01A-11R-A14M-07,0.792410949798673,1
TCGA-A2-A0SV-01A-11R-A084-07,0.674597997305684,0
TCGA-A8-A07L-01A-11R-A00Z-07,0.5849394986359303,1
TCGA-AR-A2LN-01A-21R-A18M-07,0.6767738111537803,0
TCGA-C8-A278-01A-11R-A169-07,0.7195321389420678,1
TCGA-A2-A0CM-01A-31R-A034-07,0.8591478569866252,1
TCGA-C8-A1HE-01A-11R-A13Q-07,0.6462289476341905,1
TCGA-LL-A7T0-01A-31R-A352-07,0.43989462662068124,0
TCGA-B6-A0WT-01A-11R-A109-07,0.7187769311132388,1
TCGA-OL-A5D6-01A-21R-A27Q-07,0.798639090532527,1
TCGA-E2-A14S-01A-11R-A12D-07,0.7410294015183333,0
TCGA-AQ-A1H3-01A-31R-A13Q-07,0.8083298750529738,1
TCGA-BH-A1F8-01A-11R-A13Q-07,0.1857744970272184,1
TCGA-A8-A0AD-01A-11R-A056-07,0.6657164004955836,1
TCGA-GM-A2DA-01A-11R-A18M-07,0.52906060899969,1
TCGA-A2-A0T5-01A-21R-A084-07,0.9313535872491178,1
TCGA-A8-A09M-01A-11R-A00Z-07,0.8768031523926282,1
TCGA-B6-A0X1-01A-11R-A109-07,0.5289957832132834,0
TCGA-AN-A0XU-01A-11R-A109-07,0.7909031420904739,1
TCGA-BH-A1EV-01A-11R-A137-07,0.8549428322284723,1
TCGA-EW-A1OZ-01A-11R-A144-07,0.8086144090619363,1
TCGA-C8-A12X-01A-11R-A115-07,0.34825348065899825,1
TCGA-JL-A3YX-01A-11R-A22U-07,0.7684005958606673,1
TCGA-OL-A5D7-01A-11R-A27Q-07,0.26452032433907613,1
TCGA-E2-A1IK-01A-11R-A144-07,0.5619429041333038,0
TCGA-A2-A0CW-01A-21R-A115-07,0.572111715427147,0
TCGA-A2-A0ET-01A-31R-A034-07,0.47537422690647363,1
TCGA-B6-A400-01A-11R-A239-07,0.7460076293615593,1
