sample_id,score,y_member
TCGA-E2-A158-01A-11R-A12D-07,-9.098821108850425,1
TCGA-AO-A1KO-01A-31R-A13Q-07,-7.510672234667507,1
TCGA-AR-A0TX-01A-11R-A084-07,-6.190492512349639,0
TCGA-D8-A1XB-01A-11R-A14D-07,-4.239782880226267,1
TCGA-B6-A0IG-01A-11R-A034-07,-7.115141141264168,1
TCGA-AC-A5EH-01A-11R-A28M-07,-6.349609951151293,1
TCGA-LL-A7SZ-01A-32R-A352-07,-10.652157009379827,1
TCGA-A7-A26J-01A-11R-A169-07,-6.2038392000923785,1
TCGA-E9-A22H-01A-11R-A157-07,-6.508410720706241,1
TCGA-BH-A208-01A-11R-A157-07,-7.067893307420762,1
TCGA-BH-A6R9-01A-21R-A32P-07,-7.262344586290295,1
TCGA-OL-A5S0-01A-11R-A28M-07,-8.624646077425302,1
TCGA-A1-A0SD-01A-11R-A115-07,-4.5654150691504025,1
TCGA-AO-A0JB-01A-11R-A32Y-07,-8.261593465503129,1
TCGA-E2-A1BD-01A-11R-A12P-07,-5.996282383648366,1
TCGA-AN-A0AS-01A-11R-A00Z-07,-5.736367746648449,1
TCGA-A7-A13G-01A-11R-A13Q-07,-9.973861017263982,1
TCGA-B6-A0RS-01A-11R-A084-07,-6.273924328003325,1
TCGA-A2-A4S0-01A-21R-A266-07,-7.280911178238398,0
TCGA-BH-A1F5-01A-12R-A13Q-07,-8.844155827461677,1
TCGA-A2-A0CX-01A-21R-A00Z-07,-5.801854621629067,1
TCGA-A7-A13D-01A-13R-A12P-07,-8.239397003655926,0
TCGA-AN-A03Y-01A-21R-A00Z-07,-7.374677032676762,1
TCGA-E9-A1ND-01A-11R-A144-07,-7.360560486308747,0
TCGA-EW-A1P5-01A-11R-A144-07,-5.871152375813084,1
TCGA-EW-A423-01A-11R-A24H-07,-8.440300500002369,1
TCGA-A7-A5ZV-01A-11R-A28M-07,-9.485612381540875,1
TCGA-C8-A8HP-01A-11R-A36F-07,-7.519038090008198,1
TCGA-AQ-A54O-01A-11R-A266-07,-9.602492628053662,1
TCGA-E9-A5FK-01A-11R-A27Q-07,-8.719655839497468,1
TCGA-D8-A142-01A-11R-A115-07,-6.405198442138273,1
TCGA-BH-A0BC-01A-22R-A084-07,-5.012687334975616,1
TCGA-A2-A0EY-01A-11R-A034-07,-6.081284453130629,1
TCGA-D8-A1J8-01A-11R-A13Q-07,-9.151618137992648,1
TCGA-A8-A06Y-01A-21R-A00Z-07,-6.548995287295412,0
TCGA-EW-A1J1-01A-11R-A13Q-07,-7.010617000886857,1
TCGA-BH-A0C0-01A-21R-A056-07,-6.721687756176589,0
TCGA-AC-A2FK-01A-12R-A180-07,-6.6056216097658425,0
TCGA-A2-A3XV-01A-21R-A239-07,-11.291345246796244,0
TCGA-BH-A0HB-01A-11R-A056-07,-6.973878143246684,1
TCGA-AN-A0XL-01A-11R-A10J-07,-5.1711069119877795,1
TCGA-E2-A10B-01A-11R-A10J-07,-5.037843413957019,1
TCGA-A2-A04X-01A-21R-A034-07,-7.1579172035708885,1
TCGA-AR-A1AN-01A-11R-A12P-07,-5.231189176168704,1
TCGA-A2-A0EM-01A-11R-A034-07,-5.026030665093655,0
TCGA-B6-A0WS-01A-11R-A115-07,-4.527531068263741,1
TCGA-D8-A1XD-01A-11R-A14D-07,-7.21235836256437,1
TCGA-A8-A091-01A-11R-A00Z-07,-7.216735584909156,1
TCGA-E9-A2JS-01A-11R-A180-07,-7.327262029087042,0
TCGA-A2-A1G1-01A-21R-A13Q-07,-9.146393808793844,1
TCGA-E9-A22B-01A-11R-A157-07,-6.602579788345975,0
TCGA-D8-A27G-01A-11R-A16F-07,-4.324577393038433,1
TCGA-A7-A13E-01A-11R-A12P-07,-8.1659486801984,1
TCGA-BH-A0AY-01A-21R-A00Z-07,-5.386695946549071,0
TCGA-E2-A1L7-01A-11R-A144-07,-6.881959536897558,1
TCGA-AN-A046-01A-21R-A034-07,-5.1608677849599,0
TCGA-AN-A0AL-01A-11R-A00Z-07,-7.893777200755355,0
TCGA-D8-A27K-01A-11R-A16F-07,-5.659894815074015,1
TCGA-BH-A0DO-01B-11R-A12D-07,-5.55430508538843,0
TCGA-A7-A4SB-01A-21R-A266-07,-6.906408597143547,0
TCGA-EW-A6SB-01A-12R-A32P-07,-9.070132391200744,1
TCGA-D8-A1JM-01A-11R-A13Q-07,-9.184794391925093,1
TCGA-OL-A66J-01A-11R-A29R-07,-6.544124992115023,1
TCGA-D8-A13Y-01A-11R-A115-07,-9.066580083163583,1
TCGA-AR-A24N-01A-11R-A169-07,-6.223247451606521,1
TCGA-BH-A0B1-01A-12R-A056-07,-5.939444384571208,1
TCGA-B6-A0RN-01A-12R-A084-07,-5.172546949833083,1
TCGA-A2-A0T1-01A-21R-A084-07,-6.235379148681746,1
TCGA-AN-A0AM-01A-11R-A034-07,-7.12935586249891,1
TCGA-E2-A1LA-01A-11R-A144-07,-6.601521396044828,0
TCGA-JL-A3YW-01A-12R-A239-07,-7.700325533185001,0
TCGA-BH-A0H3-01A-11R-A12P-07,-5.246659902126875,1
TCGA-E2-A1IF-01A-11R-A144-07,-6.391468403176158,1
TCGA-C8-A26X-01A-31R-A16F-07,-6.988498289282114,1
TCGA-A8-A09B-01A-11R-A00Z-07,-4.387866857186608,0
TCGA-A7-A26G-01A-21R-A169-07,-8.165048796521697,1
TCGA-AC-A2FE-01A-11R-A19W-07,-4.453258522821274,1
TCGA-A8-A08G-01A-11R-A00Z-07,-5.784145240378104,0
TCGA-AN-A0FJ-01A-11R-A00Z-07,-8.842084561033209,1
TCGA-B6-A0RV-01A-11R-A084-07,-4.115279492482638,1
TCGA-B6-A0WV-01A-11R-A109-07,-6.2295580996839,1
TCGA-A8-A07P-01A-11R-A00Z-07,-7.080901273098119,1
TCGA-A8-A08H-01A-21R-A00Z-07,-6.356090416396299,1
TCGA-AR-A0TW-01A-11R-A084-07,-7.985572612004134,1
TCGA-E2-A15F-01A-11R-A115-07,-5.881995845797903,1
TCGA-B6-A0WX-01A-11R-A109-07,-6.603032700434127,1
TCGA-D8-A1Y1-01A-21R-A14M-07,-5.113329056840363,1
TCGA-E2-A14Z-01A-11R-A115-07,-5.1100610372315,0
TCGA-A2-A25A-01A-12R-A16F-07,-4.889103633473833,0
TCGA-A2-A0CT-01A-31R-A056-07,-7.599613602466715,1
TCGA-HN-A2OB-01A-21R-A27Q-07,-5.163277433884783,0
TCGA-B6-A0RT-01A-21R-A084-07,-7.081143918092135,1
TCGA-AR-A24T-01A-11R-A169-07,-5.942426615578037,1
TCGA-E9-A1R0-01A-22R-A16F-07,-4.946041061023038,1
TCGA-E9-A5FL-01A-11R-A27Q-07,-9.943941343396707,1
TCGA-E2-A3DX-01A-21R-A213-07,-5.823135166941695,1
TCGA-E2-A14T-01A-11R-A115-07,-7.031618502114543,1
TCGA-A2-A4RY-01A-31R-A266-07,-6.32222896819184,1
TCGA-AR-A2LK-01A-11R-A180-07,-6.261576235428664,1
TCGA-BH-A42U-01A-12R-A24H-07,-8.244017569274085,1
TCGA-AO-A12C-01A-11R-A10J-07,-6.343496444559853,0
TCGA-A2-A3XY-01A-11R-A239-07,-7.528945964967972,1
TCGA-D8-A73X-01A-11R-A32P-07,-4.624653300455077,1
TCGA-AR-A2LO-01A-31R-A18M-07,-4.840968088284198,1
TCGA-AO-A0JJ-01A-11R-A056-07,-4.459100445035435,0
TCGA-LD-A74U-01A-13R-A33J-07,-5.6228907247934865,1
TCGA-AN-A0XN-01A-21R-A109-07,-6.442679449209382,1
TCGA-E2-A107-01A-11R-A10J-07,-6.764069318133996,1
TCGA-A7-A6VV-01A-22R-A33J-07,-7.683296595215423,1
TCGA-AC-A5XS-01A-11R-A29R-07,-6.818402534787995,1
TCGA-BH-A0H6-01A-21R-A056-07,-5.3661266207279645,1
TCGA-AC-A23C-01A-12R-A169-07,-6.165270400878079,1
TCGA-E9-A1NH-01A-11R-A14D-07,-4.862417467943975,1
TCGA-D8-A1XW-01A-11R-A14M-07,-7.801289639770148,1
TCGA-AO-A0JG-01A-31R-A084-07,-6.162091253981892,0
TCGA-BH-A18N-01A-11R-A12D-07,-6.8590903891698085,1
TCGA-A1-A0SO-01A-22R-A084-07,-9.743670273070029,0
TCGA-BH-A0B5-01A-11R-A12P-07,-4.946895224138292,0
TCGA-A8-A09T-01A-11R-A00Z-07,-5.0670811956410535,1
TCGA-BH-A0BR-01A-21R-A115-07,-6.319144185153211,1
TCGA-D8-A27W-01A-11R-A16F-07,-7.383383263775038,1
TCGA-BH-A0BW-01A-11R-A115-07,-8.262485895832429,1
TCGA-GM-A2DB-01A-31R-A18M-07,-9.233770654761543,0
TCGA-AC-A2QH-01A-11R-A18M-07,-10.408513479514744,1
TCGA-D8-A1JB-01A-11R-A13Q-07,-5.436849932025788,1
TCGA-BH-A1ES-01A-11R-A137-07,-6.619390083054756,1
TCGA-OL-A97C-01A-32R-A41B-07,-6.270102390142121,1
TCGA-A2-A0YF-01A-21R-A109-07,-6.997286951145368,1
TCGA-D8-A1XS-01A-11R-A14M-07,-6.162279485889558,1
TCGA-D8-A140-01A-11R-A115-07,-6.841620551314183,1
TCGA-A8-A09Q-01A-11R-A00Z-07,-6.245131500593247,1
TCGA-B6-A0I1-01A-11R-A21T-07,-9.019780380398533,1
TCGA-AO-A0JE-01A-11R-A056-07,-5.982866155961966,1
TCGA-A2-A1FW-01A-11R-A13Q-07,-9.080462452583022,1
TCGA-D8-A1XY-01A-11R-A14M-07,-5.860082104600589,1
TCGA-A2-A04R-01A-41R-A109-07,-6.214227693885921,0
TCGA-A2-A1FX-01A-11R-A13Q-07,-6.105055131500799,1
TCGA-A8-A07W-01A-11R-A00Z-07,-6.41215999951624,1
TCGA-D8-A1XK-01A-21R-A14M-07,-9.231256598505063,1
TCGA-D8-A3Z5-01A-41R-A24H-07,-7.4819082456242745,1
TCGA-LL-A5YM-01A-11R-A28M-07,-10.909963449981477,1
TCGA-B6-A0IJ-01A-11R-A034-07,-8.916787889976687,0
TCGA-A8-A06N-01A-11R-A00Z-07,-8.298582295485977,1
TCGA-GM-A2DM-01A-11R-A180-07,-5.621350044466064,1
TCGA-E2-A15D-01A-11R-A115-07,-4.807729367814705,1
TCGA-B6-A1KI-01A-11R-A14M-07,-5.213593787878829,1
TCGA-D8-A1JS-01A-11R-A13Q-07,-8.56226711551739,1
TCGA-PE-A5DD-01A-12R-A27Q-07,-7.535321027337269,1
TCGA-BH-A0BG-01A-11R-A115-07,-6.737145656578893,1
TCGA-LL-A6FQ-01A-11R-A31O-07,-9.826612253106584,0
TCGA-E2-A1IN-01A-11R-A13Q-07,-4.507454569939398,1
TCGA-A8-A06T-01A-11R-A00Z-07,-6.665562338810383,1
TCGA-B6-A402-01A-11R-A239-07,-8.286707558096811,1
TCGA-E2-A9RU-01A-11R-A41B-07,-9.284553487527049,1
TCGA-A2-A3XW-01A-11R-A239-07,-9.635048965863726,1
TCGA-B6-A0RU-01A-11R-A084-07,-7.364284981671575,0
TCGA-A8-A086-01A-11R-A00Z-07,-5.000096664866562,1
TCGA-B6-A40C-01A-11R-A239-07,-6.6126615806175915,1
TCGA-D8-A1JF-01A-11R-A13Q-07,-9.090556837597074,1
TCGA-A2-A0T6-01A-11R-A084-07,-5.558398792111873,1
TCGA-BH-A1FG-01A-11R-A13Q-07,-7.222777300474581,0
TCGA-GM-A3NY-01A-11R-A21T-07,-8.612754032081902,1
TCGA-AN-A0AK-01A-21R-A00Z-07,-8.189682201029983,1
TCGA-BH-A1FC-01A-11R-A13Q-07,-9.408998557365978,1
TCGA-E9-A227-01A-11R-A157-07,-4.809276605501825,1
TCGA-BH-A18P-01A-11R-A12D-07,-5.700089730980741,1
TCGA-E2-A15R-01A-11R-A115-07,-8.169162772182537,1
TCGA-BH-A0WA-01A-11R-A109-07,-7.586138732158602,0
TCGA-BH-A42T-01A-11R-A24H-07,-7.524088845185381,1
TCGA-AC-A23H-01A-11R-A157-07,-7.0858044899084724,1
TCGA-OL-A66I-01A-21R-A29R-07,-8.039279458629224,1
TCGA-S3-AA17-01A-11R-A41B-07,-6.3001060827421975,1
TCGA-AR-A1AL-01A-21R-A12P-07,-5.921325878730665,0
TCGA-AC-A2B8-01A-11R-A17B-07,-4.928047392117977,1
TCGA-D8-A1XO-01A-11R-A14M-07,-5.497212166016494,1
TCGA-C8-A26Y-01A-11R-A16F-07,-7.784409063326607,1
TCGA-BH-A0DG-01A-21R-A12P-07,-4.808356842007975,1
TCGA-E9-A243-01A-21R-A169-07,-8.379935695397604,1
TCGA-A2-A04W-01A-31R-A115-07,-7.42671535342627,1
TCGA-A8-A09G-01A-21R-A00Z-07,-6.842731614945178,1
TCGA-BH-A0DI-01A-21R-A12P-07,-5.179548836516074,1
TCGA-E2-A152-01A-11R-A12D-07,-6.0583452369075275,1
TCGA-AQ-A7U7-01A-22R-A352-07,-6.396462152956936,1
TCGA-BH-A0BZ-01A-31R-A12P-07,-5.59671489405608,1
TCGA-EW-A1OV-01A-11R-A144-07,-6.558119179815902,1
TCGA-A8-A0A7-01A-11R-A00Z-07,-6.177946452464327,1
TCGA-BH-A1EN-01A-11R-A13Q-07,-8.06577326544501,1
TCGA-E2-A1IE-01A-11R-A13Q-07,-6.3076529052958215,1
TCGA-BH-A0HW-01A-11R-A034-07,-7.330984938777633,1
TCGA-BH-A0BJ-01A-11R-A056-07,-4.51455993091982,1
TCGA-AO-A03N-01B-11R-A10J-07,-8.107926974208409,1
TCGA-EW-A1P3-01A-11R-A144-07,-6.072093101626803,1
TCGA-B6-A0I2-01A-11R-A034-07,-9.268058244002422,0
TCGA-EW-A1PD-01A-11R-A144-07,-5.941473445380075,1
TCGA-B6-A0IH-01A-11R-A115-07,-5.968929747270737,0
TCGA-E2-A15M-01A-11R-A12D-07,-6.499291782206294,1
TCGA-BH-A0H9-01A-11R-A056-07,-5.858452914559342,0
TCGA-BH-A0HL-01A-11R-A10U-07,-7.732719342697881,0
TCGA-A8-A07G-01A-11R-A034-07,-5.457864307527166,1
TCGA-E2-A1IL-01A-11R-A14D-07,-5.302315220094933,1
TCGA-AR-A0U4-01A-11R-A109-07,-8.238983995479247,1
TCGA-D8-A147-01A-11R-A115-07,-8.236070110902732,1
TCGA-BH-A0HY-01A-11R-A056-07,-7.134961881776582,1
TCGA-D8-A1XT-01A-11R-A14M-07,-7.252958968625215,0
TCGA-E2-A14W-01A-11R-A12D-07,-7.482430933700598,1
TCGA-E9-A1RB-01A-11R-A157-07,-7.516142041662074,1
TCGA-LL-A5YL-01A-12R-A29R-07,-8.05446207698717,0
TCGA-WT-AB41-01A-11R-A41B-07,-10.354092823204864,1
TCGA-A8-A09Z-01A-11R-A00Z-07,-7.651979741659247,0
TCGA-AN-A0FX-01A-11R-A034-07,-7.1194750985183015,1
TCGA-B6-A409-01A-11R-A24H-07,-8.94056956054578,1
TCGA-EW-A1PG-01A-11R-A144-07,-6.818469871284417,1
TCGA-OL-A6VR-01A-32R-A33J-07,-6.91013802673085,1
TCGA-BH-A1FN-01A-11R-A13Q-07,-7.304500107525431,1
TCGA-AR-A2LR-01A-12R-A18M-07,-8.204737475800354,1
TCGA-A7-A5ZX-01A-12R-A29R-07,-5.480248459208628,1
TCGA-LL-A73Y-01A-11R-A33J-07,-6.409667619472109,1
TCGA-A2-A25D-01A-12R-A16F-07,-6.402449456287256,0
TCGA-BH-A0C7-01B-11R-A115-07,-6.046820042700418,1
TCGA-E2-A570-01A-11R-A29R-07,-5.9346269620774,1
TCGA-BH-A1FL-01A-11R-A13Q-07,-5.808616690903365,1
TCGA-A1-A0SG-01A-11R-A144-07,-5.599369904047904,1
TCGA-A8-A07U-01A-11R-A034-07,-7.857298953028161,0
TCGA-E2-A15L-01A-11R-A12D-07,-4.835804464595104,1
TCGA-E9-A1R4-01A-21R-A14D-07,-5.914151902503173,0
TCGA-AR-A0TS-01A-11R-A115-07,-7.408622945045111,1
TCGA-E2-A10F-01A-11R-A10J-07,-4.268669198117458,1
TCGA-AO-A128-01A-11R-A10J-07,-7.743448720661216,1
TCGA-AR-A0U3-01A-11R-A109-07,-7.369314112909285,1
TCGA-BH-A0DL-01A-11R-A115-07,-7.914526704222586,1
TCGA-A7-A0D9-01A-31R-A056-07,-6.415019497011872,1
TCGA-AN-A0FD-01A-11R-A034-07,-5.842005128833303,1
TCGA-A2-A0YK-01A-22R-A109-07,-5.700552137551552,1
TCGA-BH-A1FH-01A-12R-A13Q-07,-6.908021617622818,1
TCGA-C8-A12T-01A-11R-A115-07,-6.269542717505901,1
TCGA-B6-A2IU-01A-32R-A18M-07,-6.436949977055079,1
TCGA-4H-AAAK-01A-12R-A41B-07,-4.747476786917184,1
TCGA-E2-A1IU-01A-11R-A14D-07,-5.829464186805878,0
TCGA-3C-AALK-01A-11R-A41B-07,-5.1952825664390865,1
TCGA-D8-A27M-01A-11R-A16F-07,-7.584752591881511,1
TCGA-E2-A56Z-01A-12R-A29R-07,-7.236904034910765,1
TCGA-AO-A1KQ-01A-11R-A13Q-07,-7.026113188983552,1
TCGA-AR-A2LE-01A-11R-A180-07,-6.25129073961178,1
TCGA-E2-A1BC-01A-11R-A12P-07,-6.351664839137738,1
TCGA-BH-A0E6-01A-11R-A034-07,-9.085652286297249,1
TCGA-AO-A0J2-01A-11R-A034-07,-8.234198971778609,1
TCGA-A7-A6VX-01A-12R-A33J-07,-5.74171012153846,0
TCGA-E2-A1LI-01A-12R-A157-07,-8.003695681445272,0
TCGA-AR-A1AT-01A-11R-A12P-07,-5.831239935303343,1
TCGA-A7-A426-01A-22R-A24H-07,-6.560396999768457,1
TCGA-A2-A25C-01A-11R-A169-07,-6.520605823855235,1
TCGA-B6-A0RL-01A-11R-A084-07,-7.563954500236327,1
TCGA-OK-A5Q2-01A-11R-A27Q-07,-4.722225143956837,1
TCGA-E9-A244-01A-11R-A169-07,-8.821967034122151,1
TCGA-E9-A1R6-01A-11R-A14D-07,-6.519964499360199,1
TCGA-BH-A8G0-01A-11R-A352-07,-5.747470761136562,1
TCGA-EW-A1IZ-01A-11R-A13Q-07,-6.844439504025342,0
TCGA-AO-A0J5-01A-11R-A034-07,-5.802081642624964,1
TCGA-E2-A1AZ-01A-11R-A12P-07,-7.605378138831898,1
TCGA-B6-A0RE-01A-11R-A056-07,-8.051648818139288,1
TCGA-A7-A4SE-01A-11R-A266-07,-7.646601588817711,0
TCGA-LL-A740-01A-21R-A32P-07,-7.0904130041364395,1
TCGA-A8-A07R-01A-21R-A034-07,-9.50963500724944,0
TCGA-S3-AA10-01A-21R-A41B-07,-8.341765970336521,1
TCGA-A7-A4SF-01A-11R-A266-07,-7.963288235742487,0
TCGA-A7-A0CG-01A-12R-A056-07,-5.301441229493148,0
TCGA-E2-A1LS-01A-12R-A157-07,-9.739021715177792,1
TCGA-AR-A24P-01A-11R-A169-07,-5.457536266479172,0
TCGA-E9-A54Y-01A-11R-A466-07,-11.280473465487445,1
TCGA-AO-A0JA-01A-11R-A056-07,-5.3435223867302355,1
TCGA-A8-A08A-01A-11R-A32Y-07,-5.317248555003279,1
TCGA-AR-A24V-01A-21R-A169-07,-5.723885339471033,1
TCGA-A2-A0CO-01A-13R-A22K-07,-6.584863524074955,1
TCGA-E2-A15I-01A-21R-A137-07,-7.352064000971884,0
TCGA-A2-A0SU-01A-11R-A084-07,-5.745418848395063,0
TCGA-AC-A3OD-01A-11R-A21T-07,-9.377541019564825,1
TCGA-AC-A3YJ-01A-11R-A22U-07,-8.119908997611185,0
TCGA-AR-A0TZ-01A-12R-A084-07,-7.477645976684879,1
TCGA-A2-A0D3-01A-11R-A115-07,-6.533725045128536,1
TCGA-BH-A18L-01A-32R-A12D-07,-8.183725955749894,1
TCGA-EW-A2FW-01A-11R-A17B-07,-7.073815520583204,1
TCGA-A2-A0YL-01A-21R-A109-07,-4.762958807230258,1
TCGA-E9-A54X-01A-11R-A266-07,-6.873128524666327,1
TCGA-BH-A18F-01A-11R-A12D-07,-4.938238433732038,1
TCGA-W8-A86G-01A-21R-A36F-07,-7.067642314880982,1
TCGA-A8-A08T-01A-21R-A00Z-07,-5.090648912116187,1
TCGA-BH-A1EX-01A-11R-A13Q-07,-6.046047704207097,0
TCGA-A8-A08O-01A-21R-A056-07,-5.220982084030894,0
TCGA-AC-A6IX-01A-12R-A32P-07,-4.829353679876853,1
TCGA-C8-A27B-01A-11R-A169-07,-9.159567614490342,1
TCGA-PL-A8LZ-01A-31R-A36F-07,-7.13881936386575,1
TCGA-AR-A1AQ-01A-11R-A12P-07,-7.578975002875686,1
TCGA-BH-A1FU-01A-11R-A14D-07,-6.169805998672243,1
TCGA-A2-A0SY-01A-31R-A084-07,-4.513368834442389,1
TCGA-BH-A1EW-01A-11R-A137-07,-6.6951324305291475,1
TCGA-GM-A3NW-01A-21R-A22K-07,-6.730814010048694,0
TCGA-BH-A0W4-01A-11R-A109-07,-4.522490189341184,1
TCGA-AR-A1AS-01A-11R-A12P-07,-6.002206330439167,0
TCGA-EW-A1J6-01A-11R-A13Q-07,-8.443684334773563,1
TCGA-AC-A6NO-01A-12R-A33J-07,-5.826602033498023,1
TCGA-A7-A0CE-01A-11R-A00Z-07,-7.7876726542255055,0
TCGA-BH-A6R8-01A-21R-A33J-07,-8.018793650789968,1
TCGA-EW-A1OY-01A-11R-A144-07,-5.977764761686279,1
TCGA-BH-A0BS-01A-11R-A12P-07,-7.118726486499342,0
TCGA-A7-A6VY-01A-12R-A33J-07,-8.278740726900956,1
TCGA-A2-A0CK-01A-11R-A22K-07,-6.197153441630346,0
TCGA-AO-A12H-01A-11R-A115-07,-6.738904848788899,0
TCGA-C8-A12L-01A-11R-A115-07,-8.021444860874759,1
TCGA-A1-A0SQ-01A-21R-A144-07,-7.112485453473924,1
TCGA-A7-A56D-01A-11R-A27Q-07,-11.267990778379891,1
TCGA-A8-A09I-01A-22R-A034-07,-6.881452214348243,1
TCGA-BH-A0DH-01A-11R-A084-07,-6.694931702817036,1
TCGA-B6-A0X0-01A-21R-A115-07,-5.66700845531084,1
TCGA-S3-AA12-01A-11R-A41B-07,-8.166159085228031,1
TCGA-E2-A159-01A-11R-A115-07,-7.002502736308367,1
TCGA-D8-A27V-01A-12R-A17B-07,-6.3470639407598854,1
TCGA-D8-A1JT-01A-31R-A13Q-07,-9.327061190856499,1
TCGA-C8-A138-01A-11R-A115-07,-7.220557305833158,1
TCGA-AO-A0J6-01A-11R-A034-07,-8.157308366988262,1
TCGA-AR-A24R-01A-11R-A169-07,-6.5534878165731625,1
TCGA-AR-A0TY-01A-12R-A115-07,-8.269365364143782,1
TCGA-E9-A1QZ-01A-21R-A169-07,-5.254540028010332,1
TCGA-AR-A24W-01A-11R-A169-07,-6.76444310759894,0
TCGA-LL-A5YP-01A-21R-A28M-07,-7.603826202205149,1
TCGA-B6-A0WY-01A-11R-A109-07,-4.373005374642195,1
TCGA-GM-A2DC-01A-11R-A18M-07,-8.789739672328393,1
TCGA-A2-A4S2-01A-12R-A266-07,-5.5209232380344675,1
TCGA-A8-A09X-01A-11R-A00Z-07,-7.016859288807512,1
TCGA-OL-A5RV-01A-12R-A28M-07,-5.2446153112424145,1
TCGA-E2-A14P-01A-31R-A12D-07,-8.686307230303925,1
TCGA-C8-A8HQ-01A-11R-A36F-07,-5.188454302309024,1
TCGA-AR-A0TP-01A-11R-A084-07,-8.952702769310429,1
TCGA-A8-A09A-01A-11R-A00Z-07,-6.035311756516436,1
TCGA-A8-A08L-01A-11R-A00Z-07,-7.410740806691394,1
TCGA-A8-A08F-01A-11R-A00Z-07,-6.748897448890405,1
TCGA-GI-A2C9-01A-11R-A21T-07,-6.761525997708179,1
TCGA-A2-A0SW-01A-11R-A084-07,-5.941148081778143,1
TCGA-LD-A7W5-01A-22R-A352-07,-7.450098128539334,0
TCGA-D8-A27R-01A-11R-A16F-07,-6.385699205542906,1
TCGA-AO-A0JM-01A-21R-A056-07,-5.732858855912545,1
TCGA-GM-A2D9-01A-11R-A18M-07,-6.436535281617046,1
TCGA-D8-A1XU-01A-11R-A14M-07,-5.841382557425102,1
TCGA-AO-A1KT-01A-11R-A13Q-07,-6.112410064546778,1
TCGA-C8-A12P-01A-11R-A115-07,-7.062773828843966,1
TCGA-LL-A6FR-01A-12R-A31O-07,-9.928853777185788,0
TCGA-AR-A1AJ-01A-21R-A12P-07,-7.466712478230348,1
TCGA-A8-A09D-01A-11R-A00Z-07,-5.819926738721436,1
TCGA-S3-A6ZF-01A-32R-A32P-07,-5.463436969285631,0
TCGA-E2-A150-01A-11R-A12D-07,-8.18911388678104,1
TCGA-BH-A18U-01A-21R-A12D-07,-6.604002327829466,1
TCGA-BH-A0GY-01A-11R-A056-07,-6.086539702030855,1
TCGA-AQ-A54N-01A-11R-A266-07,-10.081366278707113,1
TCGA-C8-A273-01A-11R-A16F-07,-5.965531746047522,1
TCGA-S3-AA14-01A-11R-A41B-07,-5.614008990718751,1
TCGA-A7-A2KD-01A-31R-A21T-07,-6.228524088528302,1
TCGA-C8-A131-01A-11R-A115-07,-7.306145060804487,1
TCGA-E2-A576-01A-11R-A31O-07,-9.909498288188013,1
TCGA-A2-A0T4-01A-31R-A084-07,-4.404864772410287,1
TCGA-A2-A04V-01A-21R-A034-07,-5.3394962710944185,0
TCGA-AR-A0U0-01A-11R-A109-07,-8.037994067917873,1
TCGA-BH-A0BO-01A-23R-A12D-07,-6.160735382158206,1
TCGA-A2-A3KC-01A-11R-A213-07,-4.868642432921992,0
TCGA-BH-A18T-01A-11R-A12D-07,-9.204707416687768,0
TCGA-EW-A1J2-01A-21R-A13Q-07,-4.997185811981936,1
TCGA-A8-A084-01A-21R-A00Z-07,-6.029840353282672,1
TCGA-A8-A08X-01A-21R-A00Z-07,-6.459288396494818,1
TCGA-GM-A2DH-01A-11R-A180-07,-7.110324171598533,1
TCGA-D8-A27L-01A-11R-A16F-07,-4.337076413026438,1
TCGA-A7-A3IZ-01A-11R-A213-07,-6.897771784302961,1
TCGA-AN-A04D-01A-21R-A034-07,-9.750136597159502,1
TCGA-5L-AAT0-01A-12R-A41B-07,-5.02783719356247,1
TCGA-AR-A1AU-01A-11R-A12P-07,-5.176188825512899,1
TCGA-AC-A6IV-01A-12R-A33J-07,-5.568152141024508,1
TCGA-E2-A15C-01A-31R-A12D-07,-5.738109668566618,1
TCGA-AO-A1KP-01A-11R-A13Q-07,-8.26806499476165,1
TCGA-E2-A15G-01A-11R-A12D-07,-5.3601708673124735,1
TCGA-A2-A3KD-01A-12R-A213-07,-5.248885660615359,0
TCGA-D8-A1X5-01A-11R-A14D-07,-7.106355814097256,1
TCGA-AQ-A04L-01B-21R-A10J-07,-7.071975555795359,1
TCGA-A8-A096-01A-11R-A00Z-07,-5.125376614712289,1
TCGA-A2-A0YH-01A-11R-A109-07,-5.3516767816139295,1
TCGA-AN-A0FW-01A-11R-A034-07,-6.976010267719681,1
TCGA-D8-A27H-01A-11R-A16F-07,-8.065378328890425,0
TCGA-OL-A6VQ-01A-12R-A41B-07,-4.678167975151922,1
TCGA-A7-A4SA-01A-11R-A266-07,-5.957764875087286,0
TCGA-C8-A274-01A-11R-A16F-07,-6.35784318638003,1
TCGA-E2-A15J-01A-11R-A12P-07,-5.765672932725162,1
TCGA-BH-A0B3-01A-11R-A056-07,-6.858610470078612,1
TCGA-E2-A153-01A-12R-A12D-07,-4.654759552516899,1
TCGA-WT-AB44-01A-11R-A41B-07,-9.138072197004087,1
TCGA-B6-A0RQ-01A-11R-A115-07,-5.211694494325433,1
TCGA-A2-A0YM-01A-11R-A109-07,-8.494804904433348,1
TCGA-C8-A1HI-01A-11R-A137-07,-6.146015207456663,1
TCGA-AC-A3TM-01A-11R-A22K-07,-9.708520392920343,1
TCGA-A7-A0CD-01A-11R-A00Z-07,-6.853416601285028,0
TCGA-D8-A145-01A-11R-A115-07,-4.81086221559176,1
TCGA-BH-A0EB-01A-11R-A034-07,-4.914007364237639,1
TCGA-AR-A0TV-01A-21R-A084-07,-7.176294621390789,1
TCGA-E2-A15P-01A-11R-A115-07,-5.511548772602545,1
TCGA-A2-A04T-01A-21R-A034-07,-8.586305516013969,1
TCGA-E9-A2JT-01A-22R-A18M-07,-7.014855158660617,1
TCGA-OL-A5RW-01A-11R-A28M-07,-9.799352765972484,0
TCGA-PL-A8LV-01A-21R-A41B-07,-7.7762933842430595,1
TCGA-BH-A18M-01A-11R-A12D-07,-3.974438098541343,1
TCGA-D8-A27N-01A-11R-A16F-07,-6.068303960191414,1
TCGA-C8-A3M8-01A-11R-A213-07,-6.016018083077851,1
TCGA-B6-A0WW-01A-11R-A109-07,-6.25181118251788,1
TCGA-E9-A3X8-01A-31R-A22U-07,-10.503809270617229,1
TCGA-C8-A133-01A-32R-A12D-07,-8.65867731787444,0
TCGA-D8-A1X6-01A-11R-A14M-07,-6.688212162280704,1
TCGA-A2-A04P-01A-31R-A034-07,-9.115358844636917,1
TCGA-E9-A1N3-01A-12R-A157-07,-6.566165464448399,1
TCGA-AN-A0XP-01A-11R-A109-07,-5.482666568677764,1
TCGA-E2-A1LK-01A-21R-A14D-07,-8.49761047348748,0
TCGA-C8-A132-01A-31R-A115-07,-4.785170480780415,1
TCGA-PE-A5DE-01A-11R-A27Q-07,-5.668236097430143,1
TCGA-EW-A6SC-01A-12R-A32P-07,-4.525543132060896,1
TCGA-BH-A0EI-01A-11R-A115-07,-5.957605405932475,1
TCGA-A8-A08I-01A-11R-A00Z-07,-7.231979308378161,0
TCGA-AO-A124-01A-11R-A10J-07,-8.876031278179012,0
TCGA-AN-A0XR-01A-11R-A109-07,-6.730772075276603,1
TCGA-BH-A204-01A-11R-A157-07,-9.98038170222414,0
TCGA-AN-A0FF-01A-11R-A034-07,-4.604729896208181,1
TCGA-A2-A0T3-01A-21R-A115-07,-7.259371797794575,1
TCGA-B6-A0RI-01A-11R-A056-07,-5.069906323914059,1
TCGA-AO-A03R-01A-21R-A034-07,-7.087965644572466,1
TCGA-E9-A1RA-01A-11R-A14D-07,-4.448772613890962,1
TCGA-AN-A0XV-01A-11R-A109-07,-4.44603937401292,1
TCGA-E9-A1RI-01A-11R-A169-07,-5.719492844153705,1
TCGA-A8-A07J-01A-11R-A00Z-07,-5.636700155893584,0
TCGA-AC-A6IW-01A-12R-A33J-07,-8.742924773248047,1
TCGA-3C-AALJ-01A-31R-A41B-07,-7.296224275145425,1
TCGA-AN-A0XS-01A-22R-A109-07,-5.45886002093189,1
TCGA-E9-A226-01A-21R-A157-07,-7.700976753722145,1
TCGA-C8-A12K-01A-21R-A115-07,-8.146059618470215,0
TCGA-BH-A202-01A-11R-A14M-07,-6.428226177620041,0
TCGA-OL-A66H-01A-11R-A29R-07,-6.6462178580664535,1
TCGA-E9-A1N9-01A-11R-A14D-07,-6.659935860201834,0
TCGA-A2-A0T2-01A-11R-A084-07,-8.95017323743089,1
TCGA-BH-A18H-01A-11R-A12D-07,-5.768534322384207,1
TCGA-UU-A93S-01A-21R-A41B-07,-9.66785049451271,1
TCGA-B6-A0RO-01A-22R-A084-07,-8.354846694118898,1
TCGA-E2-A10E-01A-21R-A10J-07,-5.539090893228295,1
TCGA-A7-A4SC-01A-12R-A266-07,-6.029719956145054,1
TCGA-B6-A0WZ-01A-11R-A109-07,-6.139102116555987,1
TCGA-A7-A6VW-01A-21R-A33J-07,-9.423714979515971,1
TCGA-E2-A1B5-01A-21R-A12P-07,-6.30572205003357,1
TCGA-A8-A092-01A-11R-A00Z-07,-6.636948507041106,1
TCGA-C8-A1HK-01A-21R-A13Q-07,-8.713615797060278,1
TCGA-BH-A0W3-01A-11R-A109-07,-6.081658879540257,1
TCGA-A7-A0CH-01A-21R-A00Z-07,-4.783531240185266,1
TCGA-AR-A1AX-01A-11R-A12P-07,-5.452289450848428,1
TCGA-EW-A1P0-01A-11R-A144-07,-6.644048271792232,1
TCGA-E9-A1NI-01A-11R-A14D-07,-4.897406279226856,1
TCGA-AO-A12E-01A-11R-A10J-07,-5.154829204681479,1
TCGA-D8-A1XJ-01A-11R-A14M-07,-7.1984720139561436,1
TCGA-B6-A0I6-01A-11R-A034-07,-7.920772183009639,1
TCGA-E9-A1RH-01A-21R-A169-07,-9.170076761068394,1
TCGA-BH-A18Q-01A-12R-A12D-07,-7.335756474490288,1
TCGA-AO-A0JI-01A-21R-A056-07,-6.758403917147851,1
TCGA-A2-A0CL-01A-11R-A115-07,-6.099769958834022,1
TCGA-E2-A155-01A-11R-A12D-07,-7.855741154572898,1
TCGA-B6-A0I8-01A-11R-A034-07,-7.222825248635337,0
TCGA-E2-A14X-01A-11R-A115-07,-7.520175540647069,0
TCGA-AC-A3YI-01A-21R-A239-07,-5.999033833571564,1
TCGA-AR-A1AI-01A-11R-A12P-07,-9.841699178367259,1
TCGA-D8-A1JK-01A-11R-A13Q-07,-7.334529970758941,1
TCGA-BH-A0C3-01A-21R-A12P-07,-4.995329409466845,1
TCGA-A8-A09C-01A-11R-A00Z-07,-5.64836741465953,1
TCGA-LL-A50Y-01A-11R-A266-07,-8.587449339161969,1
TCGA-BH-A0B0-01A-21R-A115-07,-5.2021019238255,0
TCGA-OL-A66L-01A-12R-A31O-07,-9.787088831485091,1
TCGA-BH-A0AW-01A-11R-A056-07,-6.425126886415493,1
TCGA-D8-A1X8-01A-11R-A14M-07,-4.8782872895909435,1
TCGA-D8-A1JE-01A-11R-A13Q-07,-7.463689611029243,1
TCGA-BH-A1EO-01A-11R-A137-07,-6.673191871396761,1
TCGA-BH-A0HU-01A-11R-A034-07,-7.208765891008542,1
TCGA-BH-A0H7-01A-13R-A056-07,-6.229196183943125,1
TCGA-E9-A22D-01A-11R-A157-07,-6.1620546369473175,1
TCGA-3C-AAAU-01A-11R-A41B-07,-7.294581137919685,1
TCGA-BH-A1FJ-01A-11R-A13Q-07,-6.484502041104165,1
TCGA-A8-A06P-01A-11R-A00Z-07,-4.6455761239719315,1
TCGA-A2-A25B-01A-11R-A169-07,-7.360836034150794,1
TCGA-AC-A2BM-01A-11R-A21T-07,-6.420183625310034,1
TCGA-E9-A6HE-01A-11R-A31O-07,-8.28632839362943,1
TCGA-AO-A03O-01A-11R-A00Z-07,-7.5492386379767575,1
TCGA-A2-A0EU-01A-22R-A056-07,-6.175998922214224,1
TCGA-A8-A06O-01A-11R-A00Z-07,-5.916419187326307,1
TCGA-BH-A0BT-01A-11R-A12P-07,-7.330729254764593,1
TCGA-A2-A0YT-01A-11R-A109-07,-7.354799331428133,1
TCGA-E2-A14R-01A-11R-A115-07,-9.251471514315368,1
TCGA-B6-A0IC-01A-11R-A034-07,-6.267594705820153,0
TCGA-AC-A5XU-01A-11R-A28M-07,-6.661581253573849,1
TCGA-AR-A250-01A-31R-A169-07,-5.714974184683745,0
TCGA-D8-A1XZ-01A-11R-A14M-07,-7.196986528480966,1
TCGA-B6-A0I9-01A-11R-A034-07,-7.1021772890857005,1
TCGA-B6-A0IA-01A-11R-A034-07,-9.341696886200191,1
TCGA-E2-A14N-01A-31R-A137-07,-9.78003573488651,0
TCGA-PL-A8LY-01A-11R-A41B-07,-6.077625902977547,1
TCGA-LL-A441-01A-11R-A24H-07,-6.822300104479835,1
TCGA-A8-A08S-01A-11R-A034-07,-6.936018369069852,0
TCGA-A8-A09V-01A-11R-A034-07,-7.1643041743715665,1
TCGA-BH-A209-01A-11R-A157-07,-7.143697436890219,1
TCGA-GM-A5PX-01A-12R-A28M-07,-6.016916597904349,1
TCGA-A8-A085-01A-11R-A00Z-07,-6.733766615784009,1
TCGA-A2-A25E-01A-11R-A169-07,-6.696777902556391,0
TCGA-D8-A1JG-01B-11R-A13Q-07,-7.690340505851142,1
TCGA-AC-A2FO-01A-11R-A180-07,-4.8722417777518565,1
TCGA-B6-A3ZX-01A-11R-A239-07,-7.229211619725387,1
TCGA-AN-A0FT-01A-11R-A034-07,-7.948562778723305,1
TCGA-AQ-A04H-01B-11R-A10J-07,-7.180998193954531,1
TCGA-AR-A1AR-01A-31R-A137-07,-8.616119854572979,1
TCGA-A2-A0CS-01A-11R-A115-07,-5.540552103253417,1
TCGA-A2-A1FZ-01A-51R-A14D-07,-4.800492017940184,1
TCGA-AC-A8OQ-01A-11R-A41B-07,-7.267796967741856,1
TCGA-AR-A0TR-01A-11R-A084-07,-7.131081856090956,1
TCGA-C8-A12M-01A-11R-A115-07,-8.19595428474039,1
TCGA-A1-A0SM-01A-11R-A084-07,-5.963909412485458,1
TCGA-BH-A1ET-01A-11R-A137-07,-6.169617239874698,1
TCGA-A8-A0A1-01A-11R-A00Z-07,-4.504801620980091,1
TCGA-C8-A1HG-01A-11R-A137-07,-7.8445782205244985,1
TCGA-E9-A1NF-01A-11R-A14D-07,-5.441400537713631,1
TCGA-A2-A0D4-01A-11R-A00Z-07,-7.331091010674156,1
TCGA-BH-A2L8-01A-11R-A18M-07,-4.5454750785263744,1
TCGA-A8-A093-01A-11R-A00Z-07,-5.632929234521129,1
TCGA-D8-A1Y3-01A-11R-A157-07,-9.66571639085463,1
TCGA-AR-A1AY-01A-21R-A12P-07,-8.9725520033685,1
TCGA-AO-A12F-01A-11R-A115-07,-7.787987769736984,1
TCGA-AN-A0FL-01A-11R-A034-07,-9.81033633722752,1
TCGA-AR-A0TQ-01A-11R-A084-07,-5.972192157998506,1
TCGA-A2-A0CP-01A-11R-A034-07,-5.79623263986038,0
TCGA-AO-A129-01A-21R-A10J-07,-7.735414864638436,1
TCGA-D8-A1JH-01A-11R-A13Q-07,-5.029444849707,1
TCGA-BH-A18K-01A-11R-A12D-07,-5.034501561997113,1
TCGA-B6-A0IM-01A-11R-A034-07,-6.225326118474495,1
TCGA-AO-A0J4-01A-11R-A034-07,-7.180599637023348,0
TCGA-AR-A1AW-01A-21R-A12P-07,-6.773088274644957,1
TCGA-AC-A62Y-01A-11R-A29R-07,-6.567402609528575,0
TCGA-A1-A0SH-01A-11R-A084-07,-6.205076074463855,1
TCGA-A8-A08C-01A-11R-A00Z-07,-6.776249420049997,1
TCGA-A2-A3XU-01A-12R-A22U-07,-10.902202255142775,1
TCGA-E2-A1LB-01A-11R-A144-07,-7.73397781310013,1
TCGA-D8-A1JJ-01A-31R-A14M-07,-5.605392971752014,1
TCGA-AN-A049-01A-21R-A00Z-07,-5.568866872528436,1
TCGA-A1-A0SN-01A-11R-A144-07,-4.93647747533921,0
TCGA-EW-A1IW-01A-11R-A13Q-07,-4.363812802499196,1
TCGA-LQ-A4E4-01A-11R-A266-07,-6.995071684903267,1
TCGA-E9-A5UP-01A-11R-A28M-07,-8.758787467043703,0
TCGA-EW-A1IY-01A-11R-A13Q-07,-7.855439936505242,1
TCGA-AN-A0XW-01A-11R-A109-07,-5.293857468007942,1
TCGA-AR-A24S-01A-11R-A169-07,-6.538195856665298,1
TCGA-AR-A2LM-01A-11R-A180-07,-5.962248997355877,1
TCGA-E9-A1NE-01A-21R-A14M-07,-5.421035104995945,1
TCGA-LL-A9Q3-01A-11R-A41B-07,-9.451966189436375,1
TCGA-AC-A8OP-01A-11R-A36F-07,-6.496141330403162,1
TCGA-E2-A572-01A-13R-A31O-07,-11.831965521817288,1
TCGA-B6-A0IP-01A-11R-A034-07,-4.29748802077002,1
TCGA-C8-A135-01A-11R-A115-07,-7.1955922177015665,0
TCGA-D8-A1XL-01A-11R-A14M-07,-7.585542097827394,0
TCGA-EW-A1PC-01B-11R-A21T-07,-7.8028943595413995,0
TCGA-AO-A03M-01B-11R-A10J-07,-6.311393738030966,0
TCGA-AN-A0FN-01A-11R-A034-07,-5.984803674560227,1
TCGA-A7-A4SD-01A-11R-A266-07,-7.346562309674272,1
TCGA-BH-A0HN-01A-11R-A10U-07,-8.65719335158987,1
TCGA-S3-A6ZH-01A-22R-A32P-07,-7.534372699923237,0
TCGA-AC-A3QP-01A-11R-A22U-07,-7.576433641268976,0
TCGA-5L-AAT1-01A-12R-A41B-07,-5.796738321243691,1
TCGA-AN-A0FY-01A-11R-A034-07,-7.1471079310771515,0
TCGA-BH-A0BA-01A-11R-A056-07,-5.981755371466371,1
TCGA-A2-A0CU-01A-12R-A034-07,-6.49339836605771,1
TCGA-D8-A143-01A-11R-A115-07,-8.588578824149986,1
TCGA-BH-A0DE-01A-11R-A115-07,-5.211777708066914,1
TCGA-A2-A0EO-01A-11R-A034-07,-4.8577139275598675,1
TCGA-AO-A0JF-01A-11R-A056-07,-5.1672713429025965,1
TCGA-A8-A09E-01A-11R-A00Z-07,-7.393309931195287,1
TCGA-BH-A0AZ-01A-21R-A12P-07,-5.458778604868126,1
TCGA-GM-A2DN-01A-11R-A180-07,-4.363402482249098,1
TCGA-E2-A15T-01A-11R-A115-07,-6.784432596690334,1
TCGA-BH-A1F6-01A-11R-A13Q-07,-7.392899080852234,0
TCGA-BH-A0DX-01A-11R-A115-07,-5.108424090642566,1
TCGA-EW-A3U0-01A-11R-A22K-07,-7.9626399558056375,0
TCGA-BH-A0DV-01A-21R-A12P-07,-6.027179411066034,1
TCGA-AC-A3TN-01A-11R-A22K-07,-8.44144389044371,1
TCGA-A1-A0SK-01A-12R-A084-07,-10.018045215450163,1
TCGA-B6-A0X5-01A-21R-A109-07,-7.273401831297113,1
TCGA-A2-A0YC-01A-11R-A109-07,-4.884342252568468,0
TCGA-A2-A0CZ-01A-11R-A034-07,-5.433728025832452,0
TCGA-C8-A27A-01A-11R-A169-07,-8.699108908121659,1
TCGA-AR-A1AP-01A-11R-A12P-07,-5.461019706568261,1
TCGA-BH-A0B4-01A-11R-A00Z-07,-5.841739509962541,0
TCGA-BH-A0BV-01A-11R-A00Z-07,-5.0580111711584745,1
TCGA-AN-A0XO-01A-11R-A109-07,-5.323462303266285,0
TCGA-AC-A2QJ-01A-12R-A19W-07,-11.852149591675602,1
TCGA-GM-A2DD-01A-11R-A180-07,-7.065447787307194,0
TCGA-AR-A1AV-01A-21R-A12P-07,-5.895145242814534,1
TCGA-D8-A1XF-01A-11R-A14D-07,-8.627176825243007,1
TCGA-LL-A6FP-01A-11R-A31O-07,-10.502926592797312,1
TCGA-D8-A1XA-01A-11R-A14D-07,-6.982155996843281,1
TCGA-C8-A26V-01A-11R-A16F-07,-5.981779430471407,1
TCGA-PE-A5DC-01A-12R-A27Q-07,-7.2484333951468845,0
TCGA-E2-A1LH-01A-11R-A14D-07,-8.525152793213184,1
TCGA-BH-A0B9-01A-11R-A056-07,-8.71036340691591,1
TCGA-E9-A1N8-01A-11R-A144-07,-8.808035583645395,1
TCGA-AC-A62V-01A-11R-A31O-07,-10.354152517241811,1
TCGA-EW-A1PH-01A-11R-A14M-07,-7.9235615526750856,1
TCGA-AR-A5QP-01A-11R-A28M-07,-4.406946261583013,1
TCGA-BH-A5J0-01A-11R-A27Q-07,-8.076993736459144,1
TCGA-A1-A0SB-01A-11R-A144-07,-7.057964632773992,1
TCGA-B6-A0IK-01A-12R-A056-07,-7.558799435588135,1
TCGA-A8-A06Q-01A-11R-A034-07,-7.538515531985588,0
TCGA-AR-A2LH-01A-31R-A18M-07,-5.671438214017508,1
TCGA-AR-A24Z-01A-11R-A169-07,-7.426143229146592,1
TCGA-Z7-A8R5-01A-42R-A41B-07,-7.572508689474822,1
TCGA-A8-A0A9-01A-11R-A00Z-07,-5.22711059444853,0
TCGA-D8-A1JA-01A-11R-A13Q-07,-9.571817948634695,1
TCGA-AN-A0FK-01A-11R-A034-07,-6.685564975511474,1
TCGA-GM-A2DL-01A-11R-A18M-07,-5.420538548745485,1
TCGA-EW-A1P6-01A-11R-A144-07,-5.273119001972543,1
TCGA-BH-A0EA-01A-11R-A115-07,-4.877636165552324,1
TCGA-BH-A8FY-01A-11R-A36F-07,-8.185633851107465,1
TCGA-E2-A1L9-01A-11R-A13Q-07,-5.271329943383834,1
TCGA-E9-A1R2-01A-11R-A14D-07,-6.044762587966938,1
TCGA-AC-A2FM-01A-11R-A19W-07,-7.711253266180727,1
TCGA-E2-A108-01A-13R-A10J-07,-5.671156276068038,1
TCGA-OL-A66O-01A-11R-A31O-07,-9.548532815318023,0
TCGA-C8-A275-01A-21R-A16F-07,-6.740209705313802,1
TCGA-B6-A0IO-01A-11R-A034-07,-6.300404844217388,1
TCGA-BH-A0HO-01A-11R-A034-07,-5.833671062201629,1
TCGA-EW-A1P8-01A-11R-A144-07,-8.112070956961917,1
TCGA-A2-A0D0-01A-11R-A00Z-07,-9.402129920655437,1
TCGA-A2-A0SX-01A-12R-A084-07,-6.991860510400736,1
TCGA-D8-A27I-01A-11R-A16F-07,-4.282593130971397,0
TCGA-EW-A2FS-01A-11R-A17B-07,-7.581781227514644,0
TCGA-Z7-A8R6-01A-11R-A41B-07,-6.433642219424735,0
TCGA-E2-A15O-01A-11R-A115-07,-6.518472425216738,1
TCGA-V7-A7HQ-01A-11R-A33J-07,-10.736967177799917,1
TCGA-C8-A12W-01A-11R-A115-07,-6.350801929387638,1
TCGA-A7-A3IY-01A-21R-A21T-07,-5.63355716496515,1
TCGA-A8-A08B-01A-11R-A00Z-07,-6.797336609989633,1
TCGA-5T-A9QA-01A-11R-A41B-07,-8.299404188192721,1
TCGA-E2-A106-01A-11R-A10J-07,-7.744355757019414,1
TCGA-E2-A1B6-01A-31R-A12P-07,-8.270298094834384,1
TCGA-AC-A2FF-01A-11R-A17B-07,-5.3022769815695625,0
TCGA-EW-A1PA-01A-11R-A144-07,-6.446224321989141,1
TCGA-D8-A27T-01A-11R-A16F-07,-4.112646577236442,1
TCGA-LD-A66U-01A-11R-A31O-07,-8.276230895637175,1
TCGA-A8-A07Z-01A-11R-A00Z-07,-7.577524672501572,1
TCGA-AR-A1AO-01A-11R-A12P-07,-5.620813287148616,1
TCGA-E2-A573-01A-11R-A29R-07,-7.737777750811883,1
TCGA-AC-A2FB-01A-11R-A17B-07,-5.3533847122541705,1
TCGA-AN-A0G0-01A-11R-A034-07,-8.260701545929225,1
TCGA-BH-A0H5-01A-21R-A115-07,-4.818509189594991,1
TCGA-A8-A07S-01A-11R-A034-07,-5.635320587512854,1
TCGA-E9-A3QA-01A-61R-A22K-07,-8.359332228327666,1
TCGA-A1-A0SI-01A-11R-A144-07,-5.2467026908804035,0
TCGA-A8-A09W-01A-11R-A00Z-07,-7.5819270694287875,1
TCGA-BH-A1F0-01A-11R-A137-07,-7.553426566341387,1
TCGA-A2-A0D2-01A-21R-A034-07,-8.949902069769745,1
TCGA-OL-A5D8-01A-11R-A27Q-07,-6.936827548716479,1
TCGA-BH-A18G-01A-11R-A12D-07,-7.219572126751329,1
TCGA-A2-A0YI-01A-31R-A10J-07,-5.69876169713811,1
TCGA-A8-A0A4-01A-11R-A00Z-07,-5.921113184859159,1
TCGA-A7-A425-01A-11R-A24H-07,-7.685149952738383,1
TCGA-E9-A22A-01A-11R-A157-07,-5.675102287792153,1
TCGA-A8-A08J-01A-11R-A00Z-07,-5.7313736828779795,1
TCGA-A2-A3Y0-01A-11R-A239-07,-9.63795966945616,0
TCGA-AC-A2BK-01A-11R-A21T-07,-9.810831624026923,1
TCGA-B6-A0IN-01A-11R-A034-07,-6.778865603188489,0
TCGA-D8-A1JD-01A-11R-A13Q-07,-5.2270516792945,0
TCGA-GM-A2DK-01A-21R-A180-07,-6.922254734899265,1
TCGA-OL-A5RX-01A-11R-A28M-07,-5.085286545589996,1
TCGA-A8-A08Z-01A-21R-A00Z-07,-5.075603369390097,1
TCGA-A2-A0YD-01A-11R-A109-07,-5.115588501264439,1
TCGA-A7-A3J1-01A-11R-A213-07,-5.954146132393685,1
TCGA-BH-A1FD-01A-11R-A13Q-07,-6.983035737355943,1
TCGA-A2-A0D1-01A-11R-A034-07,-8.43449731444413,0
TCGA-BH-A0BL-01A-11R-A115-07,-6.722087335296059,1
TCGA-E2-A1IH-01A-11R-A13Q-07,-6.121451361887818,1
TCGA-AR-A0TU-01A-31R-A109-07,-9.753662020823485,1
TCGA-AC-A2FG-01A-11R-A17B-07,-4.798877298735169,1
TCGA-GM-A4E0-01A-12R-A266-07,-7.962241891861753,0
TCGA-AC-A3W7-01A-11R-A22K-07,-6.157816153956182,1
TCGA-A8-A083-01A-21R-A00Z-07,-6.426011364765496,1
TCGA-A2-A0EN-01A-13R-A084-07,-4.864808738208024,1
TCGA-D8-A1Y0-01A-11R-A14M-07,-5.8333252106191615,0
TCGA-AR-A1AK-01A-21R-A12P-07,-5.015810098965102,1
TCGA-AC-A7VC-01A-11R-A352-07,-9.396728186510709,1
TCGA-A7-A0CJ-01A-21R-A00Z-07,-7.410959453178604,1
TCGA-AO-A03U-01B-21R-A10J-07,-6.7679178323468046,1
TCGA-E2-A2P5-01A-11R-A19W-07,-7.0433132894388715,1
TCGA-E2-A15S-01A-11R-A115-07,-8.160755619885025,1
TCGA-A1-A0SJ-01A-11R-A084-07,-6.55147820535675,0
TCGA-A2-A04N-01A-11R-A115-07,-4.252274884875093,1
TCGA-B6-A401-01A-11R-A239-07,-6.974784804725754,0
TCGA-D8-A1JU-01A-11R-A13Q-07,-5.661951547793062,1
TCGA-B6-A40B-01A-11R-A239-07,-6.293127294110429,1
TCGA-LD-A9QF-01A-32R-A41B-07,-6.387761641910437,0
TCGA-AO-A03T-01A-21R-A034-07,-8.232432855222758,0
TCGA-E9-A3Q9-01A-11R-A21T-07,-6.18306655840067,0
TCGA-D8-A1JP-01A-11R-A13Q-07,-6.116589019706975,1
TCGA-BH-A18I-01A-11R-A12D-07,-4.7572964026811375,1
TCGA-BH-A28Q-01A-11R-A16F-07,-5.082693855897009,1
TCGA-EW-A1OW-01A-21R-A144-07,-7.261377403674591,1
TCGA-BH-A18R-01A-11R-A12D-07,-7.275072227481839,1
TCGA-AO-A0J8-01A-21R-A034-07,-5.247090031077936,0
TCGA-AC-A3BB-01A-21R-A19W-07,-5.658164870294864,0
TCGA-E9-A247-01A-11R-A169-07,-7.396602994007907,1
TCGA-D8-A73U-01A-11R-A33J-07,-6.980578378381396,0
TCGA-BH-A18V-01A-11R-A12D-07,-8.520718515723617,1
TCGA-BH-A0C1-01B-11R-A12D-07,-5.134477342377475,0
TCGA-AC-A3W6-01A-12R-A22K-07,-6.24871117254861,1
TCGA-BH-A1FR-01A-11R-A13Q-07,-5.976728087037075,1
TCGA-A2-A1G0-01A-11R-A13Q-07,-6.147772639660081,0
TCGA-BH-A0DQ-01A-11R-A084-07,-4.533626335945551,1
TCGA-A2-A0ER-01A-21R-A034-07,-6.7376240019686895,1
TCGA-D8-A27P-01A-11R-A16F-07,-4.870095543322627,1
TCGA-B6-A1KN-01A-11R-A13Q-07,-6.492818754705263,1
TCGA-E9-A228-01A-31R-A157-07,-7.203389304830933,1
TCGA-BH-A0B2-01A-11R-A10J-07,-4.503963058014216,1
TCGA-B6-A0X4-01A-11R-A109-07,-7.0829526476505364,0
TCGA-BH-A1EY-01A-11R-A13Q-07,-5.871699883022128,1
TCGA-BH-A0HX-01A-21R-A056-07,-5.248484729983315,1
TCGA-A8-A094-01A-11R-A00Z-07,-6.929255092341603,1
TCGA-AO-A1KR-01A-12R-A144-07,-10.55556310840822,0
TCGA-A2-A0CV-01A-31R-A115-07,-5.154557912375256,1
TCGA-A8-A076-01A-21R-A00Z-07,-5.828527493312064,1
TCGA-E9-A1RE-01A-11R-A157-07,-7.297349933134934,1
TCGA-S3-A6ZG-01A-22R-A32P-07,-6.008989339095772,1
TCGA-A8-A06Z-01A-11R-A00Z-07,-7.589486374973802,1
TCGA-BH-A8FZ-01A-11R-A352-07,-5.597929476335943,1
TCGA-LL-A440-01A-11R-A24H-07,-6.727682274563577,1
TCGA-E9-A249-01A-11R-A169-07,-5.899344439294405,1
TCGA-PL-A8LX-01A-11R-A41B-07,-8.16093660380558,1
TCGA-E2-A1L8-01A-11R-A13Q-07,-6.474122220848806,1
TCGA-EW-A6SD-01A-12R-A33J-07,-6.921008733915724,1
TCGA-AO-A0JL-01A-11R-A056-07,-9.194202911496442,1
TCGA-MS-A51U-01A-31R-A266-07,-5.266059237272565,1
TCGA-BH-A0E7-01A-11R-A034-07,-6.1926358496242795,1
TCGA-E9-A22G-01A-11R-A157-07,-10.150325423511012,1
TCGA-A8-A08R-01A-11R-A034-07,-8.10211254978652,1
TCGA-A2-A4S1-01A-21R-A266-07,-9.472495130265177,1
TCGA-E2-A1II-01A-11R-A144-07,-8.795179506583466,1
TCGA-A7-A3J0-01A-11R-A213-07,-5.983270663757212,0
TCGA-BH-A0B8-01A-21R-A056-07,-6.4474344264221095,0
TCGA-AR-A24L-01A-11R-A169-07,-6.785222971946044,1
TCGA-EW-A1J3-01A-11R-A13Q-07,-7.58420997715395,1
TCGA-AR-A5QM-01A-11R-A27Q-07,-5.998386334280141,1
TCGA-AO-A1KS-01A-11R-A13Q-07,-9.5237530785594,1
TCGA-D8-A1JI-01A-11R-A13Q-07,-7.5674215117846675,1
TCGA-A8-A09N-01A-11R-A00Z-07,-6.811184669744043,1
TCGA-BH-A203-01A-12R-A169-07,-6.779739849781286,1
TCGA-AR-A2LQ-01A-22R-A18M-07,-5.694917456821298,1
TCGA-AR-A251-01A-12R-A169-07,-9.674850647516074,1
TCGA-BH-A18J-01A-11R-A12D-07,-5.397069322922884,1
TCGA-D8-A1XM-01A-21R-A14M-07,-4.7874110966847505,1
TCGA-BH-A0HA-01A-11R-A12P-07,-6.164892463882792,1
TCGA-AR-A0U2-01A-11R-A109-07,-8.20897694786917,1
TCGA-E2-A1B1-01A-21R-A12P-07,-6.706912538676903,1
TCGA-AC-A62X-01A-11R-A29R-07,-8.898109396162667,0
TCGA-A7-A5ZW-01A-12R-A29R-07,-4.427223287241227,1
TCGA-BH-A28O-01A-11R-A22K-07,-6.417288845635425,1
TCGA-D8-A1XQ-01A-11R-A14M-07,-8.002237469787557,0
TCGA-E9-A248-01A-11R-A169-07,-7.623417733556804,1
TCGA-A8-A07E-01A-11R-A034-07,-5.168989041566816,1
TCGA-AC-A23E-01A-11R-A157-07,-5.408654130696667,1
TCGA-E9-A1N4-01A-11R-A14M-07,-6.370078391078884,1
TCGA-E2-A15H-01A-11R-A12D-07,-5.7878915420957515,0
TCGA-E2-A1IJ-01A-11R-A144-07,-4.420936662794711,1
TCGA-D8-A1XR-01A-11R-A14M-07,-6.251018741556581,1
TCGA-A8-A075-01A-11R-A084-07,-5.311879584817621,1
TCGA-A8-A06U-01A-11R-A00Z-07,-6.903063604112721,0
TCGA-B6-A0X7-01A-11R-A10J-07,-5.1212610631075774,1
TCGA-AQ-A04J-01A-02R-A034-07,-7.136835017962205,1
TCGA-A2-A0CQ-01A-21R-A034-07,-7.264520621162377,1
TCGA-A8-A07F-01A-11R-A00Z-07,-5.8906149532526975,1
TCGA-A8-A082-01A-11R-A00Z-07,-6.547450098451566,1
TCGA-AN-A0XT-01A-11R-A109-07,-7.291024621647658,1
TCGA-AR-A24X-01A-11R-A169-07,-5.581809063231045,0
TCGA-A2-A04Y-01A-21R-A034-07,-5.995872638360891,1
TCGA-A2-A1G4-01A-11R-A13Q-07,-6.6476686832608305,1
TCGA-B6-A0IE-01A-11R-A034-07,-8.424872808537717,1
TCGA-A8-A079-01A-21R-A00Z-07,-7.191798528220931,1
TCGA-E2-A15E-01A-11R-A12D-07,-4.924639840702487,1
TCGA-E9-A1R3-01A-31R-A14M-07,-5.694004722826124,1
TCGA-AR-A0TT-01A-31R-A084-07,-5.350862460767409,0
TCGA-S3-AA0Z-01A-11R-A41B-07,-8.613637749856341,1
TCGA-BH-A0E1-01A-11R-A056-07,-5.338760424611916,1
TCGA-AC-A23G-01A-11R-A213-07,-5.7030292523028665,1
TCGA-GM-A3XG-01A-31R-A24H-07,-7.1677264776917315,1
TCGA-AR-A1AM-01A-41R-A22K-07,-5.131134318002131,0
TCGA-E9-A1N5-01A-11R-A14D-07,-4.873392289680946,1
TCGA-A2-A3XX-01A-21R-A239-07,-8.31952218177453,1
TCGA-BH-A0BQ-01A-21R-A115-07,-5.008775572088425,1
TCGA-EW-A1P7-01A-21R-A144-07,-7.123413070965859,1
TCGA-BH-A5IZ-01A-11R-A27Q-07,-8.923882856867632,1
TCGA-D8-A1X7-01A-11R-A14M-07,-6.535230998588953,0
TCGA-BH-A0DP-01A-21R-A056-07,-4.614030484906418,1
TCGA-AC-A7VB-01A-11R-A352-07,-8.146705320512497,0
TCGA-A2-A0ST-01A-12R-A084-07,-6.327251068172191,1
TCGA-A2-A0ES-01A-11R-A115-07,-5.776969447363635,1
TCGA-BH-A0DT-01A-21R-A12D-07,-4.080570841291663,1
TCGA-AN-A0AR-01A-11R-A00Z-07,-9.382469847523412,1
TCGA-A2-A0YJ-01A-11R-A109-07,-9.727737262295637,0
TCGA-D8-A4Z1-01A-21R-A266-07,-5.41850903821154,0
TCGA-AO-A0JC-01A-11R-A056-07,-8.236511399580625,1
TCGA-A2-A04Q-01A-21R-A034-07,-6.674607453450677,0
TCGA-GM-A2DF-01A-11R-A180-07,-8.000558705818156,1
TCGA-GM-A2DI-01A-31R-A18M-07,-5.571346844828449,1
TCGA-LL-A5YO-01A-21R-A28M-07,-7.481645992651757,0
TCGA-EW-A3E8-01B-11R-A24H-07,-6.433009681226211,0
TCGA-BH-A0E9-01B-11R-A115-07,-5.23233038107573,1
TCGA-AR-A1AH-01A-11R-A12D-07,-8.991300714789428,1
TCGA-E2-A10A-01A-21R-A115-07,-5.82912101039735,1
TCGA-C8-A1HF-01A-11R-A137-07,-7.031837212559224,1
TCGA-A7-A13H-01A-11R-A22K-07,-6.011656151754236,1
TCGA-A7-A13F-01A-11R-A12P-07,-6.648611838493549,1
TCGA-D8-A1XV-01A-11R-A14M-07,-7.394384358205922,0
TCGA-E2-A574-01A-11R-A29R-07,-10.011746075462034,1
TCGA-GM-A5PV-01A-11R-A28M-07,-6.212130425196945,1
TCGA-EW-A1PB-01A-11R-A144-07,-9.00125999058265,0
TCGA-E2-A1IO-01A-11R-A144-07,-5.499532921828446,1
TCGA-B6-A0RH-01A-21R-A115-07,-6.811120998071677,1
TCGA-BH-A0B7-01A-12R-A115-07,-5.762183181286925,1
TCGA-C8-A137-01A-11R-A115-07,-7.763780426766855,0
TCGA-LL-A8F5-01A-11R-A36F-07,-9.254367432807115,1
TCGA-AQ-A0Y5-01A-11R-A14M-07,-6.664792343962093,1
TCGA-D8-A13Z-01A-11R-A115-07,-7.2162858340928135,0
TCGA-A2-A4RX-01A-11R-A266-07,-7.220129531765941,1
TCGA-AR-A24U-01A-11R-A169-07,-7.04966141370329,1
TCGA-E2-A105-01A-11R-A10J-07,-6.798718869615577,1
TCGA-C8-A1HN-01A-11R-A137-07,-7.047067869649879,1
TCGA-BH-A18S-01A-11R-A12D-07,-6.570148162501381,1
TCGA-E2-A14Q-01A-11R-A12D-07,-5.071167524912268,1
TCGA-A7-A0DA-01A-31R-A115-07,-7.727357610630569,1
TCGA-EW-A1P4-01A-21R-A144-07,-8.415265634832897,1
TCGA-A8-A081-01A-11R-A00Z-07,-6.48453031141417,1
TCGA-BH-A0E0-01A-11R-A056-07,-8.9989974030484,1
TCGA-OL-A66N-01A-12R-A31O-07,-8.744138292840438,0
TCGA-E2-A2P6-01A-11R-A19W-07,-7.606021918906141,0
TCGA-BH-A0DK-01A-21R-A056-07,-5.381658371391062,1
TCGA-E9-A5UO-01A-11R-A28M-07,-8.111844680558807,1
TCGA-D8-A1JC-01A-11R-A13Q-07,-5.726125581623419,1
TCGA-C8-A134-01A-11R-A115-07,-8.05002541347109,1
TCGA-A2-A3XT-01A-11R-A22U-07,-8.499330415646451,1
TCGA-AR-A256-01A-11R-A169-07,-9.01949107514689,1
TCGA-D8-A1JL-01A-11R-A13Q-07,-7.707591695104897,1
TCGA-E9-A24A-01A-11R-A169-07,-6.041881794038654,1
TCGA-A2-A3XZ-01A-42R-A239-07,-6.870677923321309,1
TCGA-BH-A0BF-01A-21R-A12P-07,-4.705518944168311,1
TCGA-D8-A27F-01A-11R-A16F-07,-9.182114449607054,1
TCGA-A2-A0CY-01A-12R-A034-07,-8.832836544637635,1
TCGA-D8-A27E-01A-11R-A16F-07,-6.833740277558237,0
TCGA-A2-A0EP-01A-52R-A22U-07,-6.96044658453697,1
TCGA-GI-A2C8-01A-11R-A16F-07,-6.191246791306264,1
TCGA-A8-A099-01A-11R-A00Z-07,-7.3349363572668365,0
TCGA-A2-A04U-01A-11R-A115-07,-10.406614586227917,1
TCGA-BH-A0HP-01A-12R-A084-07,-4.86721480469057,1
TCGA-EW-A2FV-01A-11R-A17B-07,-5.1896885105437836,1
TCGA-A2-A0CR-01A-11R-A22K-07,-9.518770876183844,1
TCGA-BH-A0DS-01A-11R-A056-07,-5.537032566689624,1
TCGA-D8-A1XC-01A-11R-A14D-07,-7.030904575288833,1
TCGA-E2-A14O-01A-31R-A115-07,-8.714922617580877,1
TCGA-A1-A0SF-01A-11R-A144-07,-4.860074716812223,1
TCGA-A8-A06X-01A-21R-A00Z-07,-6.95348857927527,1
TCGA-BH-A0HI-01A-11R-A084-07,-4.426611832122345,1
TCGA-E2-A14U-01A-11R-A22K-07,-6.343425988636888,1
TCGA-E2-A15A-01A-11R-A12D-07,-5.483327581072422,0
TCGA-A2-A1G6-01A-11R-A13Q-07,-6.691047698317842,1
TCGA-B6-A1KC-01B-11R-A157-07,-8.512351794035837,1
TCGA-OL-A5RZ-01A-11R-A28M-07,-9.466780866973659,1
TCGA-A8-A07I-01A-11R-A00Z-07,-6.729209614549348,0
TCGA-A2-A0T0-01A-22R-A084-07,-8.316239878163728,1
TCGA-BH-A42V-01A-11R-A24H-07,-5.612432820983505,1
TCGA-GM-A3XN-01A-12R-A22U-07,-6.035797915402611,1
TCGA-D8-A3Z6-01A-11R-A239-07,-5.925285142758984,1
TCGA-B6-A0IQ-01A-11R-A034-07,-9.198938997301186,1
TCGA-A8-A095-01A-11R-A00Z-07,-4.846002948748287,1
TCGA-AO-A125-01A-11R-A10J-07,-8.173662279767793,1
TCGA-EW-A6SA-01A-21R-A32P-07,-8.383327843296389,0
TCGA-BH-A0DD-01A-31R-A12P-07,-6.603635695496919,1
TCGA-AO-A0J3-01A-11R-A034-07,-8.366882629312242,0
TCGA-A2-A3XS-01A-11R-A22U-07,-7.312117296745312,0
TCGA-AC-A8OR-01A-21R-A41B-07,-6.870575907165603,1
TCGA-BH-A0HK-01A-11R-A056-07,-6.037875353244082,1
TCGA-E2-A1IG-01A-11R-A144-07,-5.441717165280913,1
TCGA-AO-A12B-01A-11R-A10J-07,-7.896781018232828,1
TCGA-EW-A1J5-01A-11R-A13Q-07,-5.826387845246853,1
TCGA-C8-A12Q-01A-11R-A115-07,-6.374463647943498,1
TCGA-A2-A0EQ-01A-11R-A034-07,-6.797700180725737,0
TCGA-GM-A3XL-01A-11R-A22U-07,-9.317948446433629,1
TCGA-BH-A1EU-01A-11R-A137-07,-7.147910000894798,1
TCGA-BH-A0RX-01A-21R-A084-07,-7.410877734396982,1
TCGA-E9-A1RF-01A-11R-A157-07,-5.5706072686777395,1
TCGA-AC-A2QI-01A-12R-A19W-07,-5.1712600567159495,1
TCGA-A8-A090-01A-11R-A00Z-07,-6.127285947390551,0
TCGA-AR-A5QQ-01A-11R-A28M-07,-9.130305056029588,1
TCGA-XX-A899-01A-11R-A36F-07,-5.2148262437676225,1
TCGA-E2-A156-01A-11R-A12D-07,-6.036882033108424,1
TCGA-AN-A04C-01A-21R-A034-07,-7.9159926308340225,0
TCGA-AN-A0AT-01A-11R-A034-07,-8.556485174856697,1
TCGA-UL-AAZ6-01A-11R-A41B-07,-8.364484576974903,1
TCGA-D8-A1X9-01A-12R-A157-07,-6.415495919490759,1
TCGA-E9-A22E-01A-11R-A157-07,-5.827289351798247,1
TCGA-BH-A1FB-01A-11R-A13Q-07,-5.575721824156818,1
TCGA-C8-A8HR-01A-11R-A36F-07,-5.4933252471492295,1
TCGA-EW-A2FR-01A-11R-A21T-07,-5.640538912042461,1
TCGA-AN-A0AJ-01A-11R-A00Z-07,-7.132778983123262,1
TCGA-LD-A7W6-01A-81R-A352-07,-5.041650161375343,1
TCGA-BH-A0B6-01A-11R-A19W-07,-6.843244036601672,1
TCGA-AR-A252-01A-11R-A169-07,-6.972579124415336,1
TCGA-AR-A254-01A-21R-A169-07,-6.434691981017032,1
TCGA-AO-A03P-01A-11R-A00Z-07,-6.529792219421246,1
TCGA-A8-A07O-01A-11R-A00Z-07,-9.519141246928937,0
TCGA-EW-A1PE-01A-11R-A144-07,-5.2021311965594546,0
TCGA-AR-A2LL-01A-11R-A180-07,-5.567395415466985,1
TCGA-A7-A26H-01A-11R-A169-07,-5.209813734070574,1
TCGA-C8-A26Z-01A-11R-A16F-07,-6.389005019025859,1
TCGA-AO-A0J9-01A-11R-A034-07,-6.859104326411089,1
TCGA-EW-A1PF-01A-11R-A144-07,-5.208773985313425,1
TCGA-A2-A25F-01A-11R-A169-07,-7.9559672452890835,1
TCGA-D8-A73W-01A-22R-A352-07,-5.923444134871386,1
TCGA-AR-A2LJ-01A-12R-A19W-07,-7.978659103548705,0
TCGA-A8-A07C-01A-11R-A034-07,-9.789219712741506,1
TCGA-E9-A245-01A-22R-A16F-07,-6.080055188285613,0
TCGA-B6-A408-01A-12R-A24H-07,-6.938839408589578,0
TCGA-AR-A255-01A-11R-A169-07,-5.094891243395168,0
TCGA-E2-A1L6-01A-11R-A13Q-07,-4.597253041498921,0
TCGA-E9-A295-01A-11R-A16F-07,-5.172716290622538,1
TCGA-BH-A1FE-01A-11R-A13Q-07,-6.38343183158905,0
TCGA-BH-A1FM-01A-11R-A13Q-07,-9.83284062811553,0
TCGA-OL-A5RU-01A-11R-A28M-07,-5.6447430388855,1
TCGA-C8-A1HO-01A-11R-A13Q-07,-7.569678716661531,0
TCGA-GM-A2DO-01A-11R-A18M-07,-7.696263041454843,0
TCGA-AN-A0FZ-01A-11R-A034-07,-6.982758697623253,1
TCGA-D8-A1JN-01A-11R-A13Q-07,-8.09587057132506,1
TCGA-OL-A6VO-01A-12R-A33J-07,-8.749107533624185,0
TCGA-AN-A0FV-01A-11R-A00Z-07,-6.965382703158657,1
TCGA-D8-A1J9-01A-11R-A13Q-07,-6.570633295916726,1
TCGA-B6-A0IB-01A-11R-A034-07,-7.72700178072494,1
TCGA-A8-A06R-01A-11R-A00Z-07,-7.075460094468687,0
TCGA-AR-A24H-01A-11R-A169-07,-8.14122230696891,1
TCGA-E2-A109-01A-11R-A10J-07,-6.7061086471486995,1
TCGA-AR-A5QN-01A-12R-A28M-07,-4.830105852632673,1
TCGA-A2-A0EX-01A-21R-A034-07,-4.827256653304133,1
TCGA-C8-A12N-01A-11R-A115-07,-4.7834007313077755,1
TCGA-A2-A259-01A-11R-A16F-07,-5.823901463772302,1
TCGA-AO-A12A-01A-21R-A115-07,-4.24942667595699,0
TCGA-A7-A3RF-01A-11R-A22K-07,-8.402973192586773,1
TCGA-AN-A0FS-01A-11R-A034-07,-4.761457306036788,1
TCGA-C8-A26W-01A-11R-A16F-07,-5.520479682195999,1
TCGA-E9-A1RC-01A-11R-A157-07,-6.71969715168009,1
TCGA-E2-A1B0-01A-11R-A12P-07,-6.970866162221242,1
TCGA-AO-A126-01A-11R-A10J-07,-7.640335783938616,1
TCGA-AC-A4ZE-01A-11R-A41B-07,-6.7625069550088845,0
TCGA-E9-A229-01A-31R-A157-07,-4.377605409384848,1
TCGA-EW-A1P1-01A-31R-A14D-07,-6.09530074102436,0
TCGA-BH-AB28-01A-31R-A41B-07,-5.442528119770396,1
TCGA-A8-A08P-01A-11R-A00Z-07,-5.408028395172878,0
TCGA-EW-A1IX-01A-12R-A144-07,-5.4372611049045165,0
TCGA-LL-A73Z-01A-11R-A32P-07,-5.6534831050026755,0
TCGA-E9-A1R7-01A-11R-A14M-07,-8.953698829157407,1
TCGA-BH-A1F2-01A-31R-A13Q-07,-8.270413401185683,0
TCGA-A8-A0A6-01A-12R-A056-07,-5.065261631768501,1
TCGA-A1-A0SE-01A-11R-A084-07,-3.989522445876162,1
TCGA-E9-A1NG-01A-21R-A14M-07,-5.518585542112413,1
TCGA-B6-A1KF-01A-11R-A13Q-07,-9.034656004829182,1
TCGA-BH-A0EE-01A-11R-A034-07,-9.007753961688445,1
TCGA-BH-A0BD-01A-11R-A034-07,-5.3065639759528525,1
TCGA-OL-A5RY-01A-21R-A28M-07,-6.3291974542856995,1
TCGA-E9-A1RD-01A-11R-A157-07,-5.199569534864675,1
TCGA-AR-A24K-01A-11R-A169-07,-7.495896741960855,1
TCGA-BH-A0BP-01A-11R-A115-07,-5.851809316149143,1
TCGA-C8-A130-01A-31R-A115-07,-6.308678722562488,1
TCGA-B6-A0RG-01A-11R-A056-07,-6.668967373911935,1
TCGA-E9-A1NA-01A-11R-A144-07,-6.3247026306139915,1
TCGA-A8-A0A2-01A-11R-A034-07,-6.198108476316505,0
TCGA-E2-A14V-01A-11R-A12D-07,-6.05900666994953,0
TCGA-E2-A1LL-01A-11R-A144-07,-8.907556068114621,1
TCGA-AR-A24M-01A-11R-A169-07,-6.83471539510537,1
TCGA-A8-A0AB-01A-11R-A034-07,-6.960768751292817,1
TCGA-C8-A1HL-01A-11R-A137-07,-6.8666959515585635,1
TCGA-OL-A66P-01A-11R-A31O-07,-10.461848300468242,0
TCGA-OL-A66K-01A-11R-A29R-07,-6.066212520735814,1
TCGA-BH-A0HF-01A-11R-A056-07,-4.329251497840436,1
TCGA-AN-A03X-01A-21R-A00Z-07,-6.1950242775344035,1
TCGA-A2-A1FV-01A-11R-A13Q-07,-8.805687133282182,1
TCGA-E9-A3HO-01A-11R-A213-07,-8.592254344877503,1
TCGA-A2-A0YE-01A-11R-A109-07,-8.27092873133067,1
TCGA-A1-A0SP-01A-11R-A084-07,-8.411085846446484,1
TCGA-AO-A0J7-01A-11R-A034-07,-7.279713598192743,1
TCGA-C8-A3M7-01A-12R-A21T-07,-6.095055716462852,1
TCGA-A2-A0YG-01A-21R-A109-07,-7.128326590720826,1
TCGA-E2-A14Y-01A-21R-A12D-07,-8.751298584561264,1
TCGA-EW-A424-01A-11R-A24H-07,-6.443007236227987,1
TCGA-D8-A141-01A-11R-A115-07,-4.7079047388616315,1
TCGA-C8-A1HJ-01A-11R-A13Q-07,-10.269059811973223,1
TCGA-C8-A12O-01A-11R-A115-07,-5.382170210638522,0
TCGA-LL-A442-01A-11R-A24H-07,-6.619048721771876,1
TCGA-C8-A12Z-01A-11R-A115-07,-7.337158843494273,1
TCGA-EW-A1OX-01A-11R-A144-07,-7.628555325428037,0
TCGA-E9-A1RG-01A-11R-A14D-07,-8.562174607368203,1
TCGA-AQ-A1H2-01A-11R-A13Q-07,-6.916977277631813,0
TCGA-AR-A24Q-01A-12R-A169-07,-7.34710584301434,1
TCGA-A8-A09K-01A-11R-A00Z-07,-7.5788534910718175,1
TCGA-BH-A0W7-01A-11R-A115-07,-5.041004171217185,1
TCGA-BH-A0H0-01A-11R-A056-07,-7.70659428463756,0
TCGA-AO-A0JD-01A-11R-A056-07,-8.208221373584704,1
TCGA-A2-A4RW-01A-21R-A266-07,-5.402048986808871,1
TCGA-C8-A12U-01A-11R-A115-07,-8.243714240307893,1
TCGA-C8-A12V-01A-11R-A115-07,-7.299936906611242,1
TCGA-E9-A1NC-01A-21R-A26B-07,-7.35394965709576,1
TCGA-AO-A12G-01A-11R-A10J-07,-5.798677137160896,0
TCGA-S3-AA11-01A-31R-A41B-07,-5.640672674480869,1
TCGA-BH-A0HQ-01A-11R-A034-07,-4.499486245370335,1
TCGA-AO-A03L-01A-41R-A056-07,-6.251826705608364,1
TCGA-C8-A1HM-01A-12R-A137-07,-7.637574925558918,1
TCGA-D8-A146-01A-31R-A115-07,-4.777525065210658,0
TCGA-A2-A0EV-01A-11R-A034-07,-4.667319299224908,1
TCGA-E2-A154-01A-11R-A115-07,-4.971787319227296,1
TCGA-E2-A1LE-01A-12R-A19W-07,-7.138789433705559,1
TCGA-E9-A1R5-01A-11R-A14M-07,-6.308523657467182,1
TCGA-AC-A3EH-01A-22R-A22K-07,-6.600259372996804,1
TCGA-C8-A12Y-01A-11R-A12D-07,-7.476758711821516,1
TCGA-BH-A0E2-01A-11R-A056-07,-5.469785576514356,0
TCGA-D8-A1XG-01A-11R-A14D-07,-6.329419552605906,1
TCGA-OL-A5DA-01A-11R-A27Q-07,-6.224412674545418,1
TCGA-AC-A3HN-01A-11R-A213-07,-4.449786318293937,1
TCGA-B6-A0RP-01A-21R-A084-07,-4.8733218279593675,1
TCGA-3C-AALI-01A-11R-A41B-07,-7.5142261350529775,1
TCGA-D8-A1Y2-01A-11R-A157-07,-5.314425576234322,0
TCGA-S3-AA15-01A-11R-A41B-07,-7.12911422184233,1
TCGA-BH-A0W5-01A-11R-A109-07,-4.326109922435311,1
TCGA-A8-A097-01A-11R-A034-07,-6.341438484094226,1
TCGA-AO-A12D-01A-11R-A115-07,-6.374233849705472,1
TCGA-AN-A04A-01A-21R-A034-07,-6.17084341474836,1
TCGA-E2-A1B4-01A-11R-A12P-07,-7.408109229256785,1
TCGA-A8-A09R-01A-11R-A00Z-07,-5.807235720373969,1
TCGA-XX-A89A-01A-11R-A36F-07,-6.151110442955482,1
TCGA-AR-A24O-01A-11R-A169-07,-5.731690616860933,1
TCGA-E2-A1LG-01A-21R-A14M-07,-9.392453055837915,1
TCGA-AC-A8OS-01A-12R-A41B-07,-6.444371961779269,1
TCGA-HN-A2NL-01A-11R-A18M-07,-9.513832666055828,0
TCGA-E9-A1N6-01A-11R-A144-07,-5.8275036324214415,0
TCGA-E2-A10C-01A-21R-A10J-07,-7.637687785926823,1
TCGA-BH-A0AU-01A-11R-A12P-07,-5.681606069592394,0
TCGA-A2-A0EW-01A-21R-A115-07,-5.04812389784888,1
TCGA-A8-A07B-01A-11R-A00Z-07,-7.46879902372104,1
TCGA-E2-A15K-01A-11R-A12P-07,-5.69975001931152,1
TCGA-EW-A6S9-01A-22R-A33J-07,-5.477280932462735,0
TCGA-AC-A3W5-01A-11R-A22K-07,-6.1599501434111925,1
TCGA-BH-A0AV-01A-31R-A115-07,-8.098388363266311,1
TCGA-A2-A0T7-01A-21R-A084-07,-4.827606927888318,0
TCGA-AO-A03V-01A-11R-A115-07,-6.146567627618686,1
TCGA-BH-A0DZ-01A-11R-A00Z-07,-6.769681318741354,1
TCGA-AN-A041-01A-11R-A034-07,-6.124505748965391,0
TCGA-B6-A0I5-01A-11R-A034-07,-7.943076194787332,1
TCGA-BH-A0BM-01A-11R-A056-07,-6.119131217242532,1
TCGA-BH-A0GZ-01A-11R-A056-07,-5.981205910862315,1
TCGA-LL-A5YN-01A-11R-A28M-07,-9.052455398081388,1
TCGA-B6-A0RM-01A-11R-A084-07,-6.553117337065405,0
TCGA-A2-A4S3-01A-21R-A266-07,-7.541419236671909,1
TCGA-BH-A201-01A-11R-A14M-07,-5.4100051003655665,1
TCGA-A2-A0SV-01A-11R-A084-07,-6.72438805171018,0
TCGA-A8-A07L-01A-11R-A00Z-07,-6.878859490207998,1
TCGA-AR-A2LN-01A-21R-A18M-07,-5.967262690956039,0
TCGA-C8-A278-01A-11R-A169-07,-7.009601872688809,1
TCGA-A2-A0CM-01A-31R-A034-07,-7.634440714646057,1
TCGA-C8-A1HE-01A-11R-A13Q-07,-5.426244931369098,1
TCGA-LL-A7T0-01A-31R-A352-07,-7.921755267536021,0
TCGA-B6-A0WT-01A-11R-A109-07,-5.232903878437554,1
TCGA-OL-A5D6-01A-21R-A27Q-07,-7.180825843286683,1
TCGA-E2-A14S-01A-11R-A12D-07,-6.406474908891741,0
TCGA-AQ-A1H3-01A-31R-A13Q-07,-4.811214534194413,1
TCGA-BH-A1F8-01A-11R-A13Q-07,-9.542174915822862,1
TCGA-A8-A0AD-01A-11R-A056-07,-5.802140019077088,1
TCGA-GM-A2DA-01A-11R-A18M-07,-7.260841743642704,1
TCGA-A2-A0T5-01A-21R-A084-07,-4.649333534744596,1
TCGA-A8-A09M-01A-11R-A00Z-07,-5.6735840295673885,1
TCGA-B6-A0X1-01A-11R-A109-07,-8.813014156781938,0
TCGA-AN-A0XU-01A-11R-A109-07,-8.070324325337152,1
TCGA-BH-A1EV-01A-11R-A137-07,-6.896647128921581,1
TCGA-EW-A1OZ-01A-11R-A144-07,-6.9022439113159395,1
TCGA-C8-A12X-01A-11R-A115-07,-7.599167860200666,1
TCGA-JL-A3YX-01A-11R-A22U-07,-6.5019180946260295,1
TCGA-OL-A5D7-01A-11R-A27Q-07,-10.325261597448515,1
TCGA-E2-A1IK-01A-11R-A144-07,-6.422988781733261,0
TCGA-A2-A0CW-01A-21R-A115-07,-7.631124461401526,0
TCGA-A2-A0ET-01A-31R-A034-07,-7.912227877117639,1
TCGA-B6-A400-01A-11R-A239-07,-7.6823647930305,1
