sample_id,score,y_member
TCGA-E2-A158-01A-11R-A12D-07,0.5679495998396125,1
TCGA-AO-A1KO-01A-31R-A13Q-07,0.4954591196844466,1
TCGA-AR-A0TX-01A-11R-A084-07,0.907066059322797,0
TCGA-D8-A1XB-01A-11R-A14D-07,0.9267848781916134,1
TCGA-B6-A0IG-01A-11R-A034-07,0.35555664039465995,1
TCGA-AC-A5EH-01A-11R-A28M-07,0.8887918083698494,1
TCGA-LL-A7SZ-01A-32R-A352-07,0.0814714760542275,1
TCGA-A7-A26J-01A-11R-A169-07,0.7032153561754801,1
TCGA-E9-A22H-01A-11R-A157-07,0.753383492664344,1
TCGA-BH-A208-01A-11R-A157-07,0.5399426217359712,1
TCGA-BH-A6R9-01A-21R-A32P-07,0.35562680712569716,1
TCGA-OL-A5S0-01A-11R-A28M-07,0.6470784542759154,1
TCGA-A1-A0SD-01A-11R-A115-07,0.8434977521404864,1
TCGA-AO-A0JB-01A-11R-A32Y-07,0.5460747273613498,1
TCGA-E2-A1BD-01A-11R-A12P-07,0.7437788403220589,1
TCGA-AN-A0AS-01A-11R-A00Z-07,0.7149855408161985,1
TCGA-A7-A13G-01A-11R-A13Q-07,0.2657634087919536,1
TCGA-B6-A0RS-01A-11R-A084-07,0.9242001084699266,1
TCGA-A2-A4S0-01A-21R-A266-07,0.42357750864670607,0
TCGA-BH-A1F5-01A-12R-A13Q-07,0.29911434038586293,1
TCGA-A2-A0CX-01A-21R-A00Z-07,0.9110078409018588,1
TCGA-A7-A13D-01A-13R-A12P-07,0.576125679874499,0
TCGA-AN-A03Y-01A-21R-A00Z-07,0.7203538979098562,1
TCGA-E9-A1ND-01A-11R-A144-07,0.755330390236153,0
TCGA-EW-A1P5-01A-11R-A144-07,0.5699684656410688,1
TCGA-EW-A423-01A-11R-A24H-07,0.24326500967628156,1
TCGA-A7-A5ZV-01A-11R-A28M-07,0.5477997456544071,1
TCGA-C8-A8HP-01A-11R-A36F-07,0.46757899007522086,1
TCGA-AQ-A54O-01A-11R-A266-07,0.24692730840610383,1
TCGA-E9-A5FK-01A-11R-A27Q-07,0.23638695334935506,1
TCGA-D8-A142-01A-11R-A115-07,0.9494378740035807,1
TCGA-BH-A0BC-01A-22R-A084-07,0.8495574082391145,1
TCGA-A2-A0EY-01A-11R-A034-07,0.8901464754564704,1
TCGA-D8-A1J8-01A-11R-A13Q-07,0.23541717615893615,1
TCGA-A8-A06Y-01A-21R-A00Z-07,0.5574156158287178,0
TCGA-EW-A1J1-01A-11R-A13Q-07,0.6106317399252364,1
TCGA-BH-A0C0-01A-21R-A056-07,0.6493485568370193,0
TCGA-AC-A2FK-01A-12R-A180-07,0.4707530577877277,0
TCGA-A2-A3XV-01A-21R-A239-07,0.032234755057378675,0
TCGA-BH-A0HB-01A-11R-A056-07,0.4975441617960007,1
TCGA-AN-A0XL-01A-11R-A10J-07,0.8307629785896298,1
TCGA-E2-A10B-01A-11R-A10J-07,0.8330627668333003,1
TCGA-A2-A04X-01A-21R-A034-07,0.8526090616405505,1
TCGA-AR-A1AN-01A-11R-A12P-07,0.8513353934879734,1
TCGA-A2-A0EM-01A-11R-A034-07,0.7945963481625161,0
TCGA-B6-A0WS-01A-11R-A115-07,0.8997250508760583,1
TCGA-D8-A1XD-01A-11R-A14D-07,0.5125325083675715,1
TCGA-A8-A091-01A-11R-A00Z-07,0.5732716698356907,1
TCGA-E9-A2JS-01A-11R-A180-07,0.7227421049342135,0
TCGA-A2-A1G1-01A-21R-A13Q-07,0.45372463101172394,1
TCGA-E9-A22B-01A-11R-A157-07,0.49669349898997417,0
TCGA-D8-A27G-01A-11R-A16F-07,0.9158564970944323,1
TCGA-A7-A13E-01A-11R-A12P-07,0.5371775685326465,1
TCGA-BH-A0AY-01A-21R-A00Z-07,0.7165640246849064,0
TCGA-E2-A1L7-01A-11R-A144-07,0.7130450953388254,1
TCGA-AN-A046-01A-21R-A034-07,0.8711727555034622,0
TCGA-AN-A0AL-01A-11R-A00Z-07,0.5629158905751009,0
TCGA-D8-A27K-01A-11R-A16F-07,0.7786268431932578,1
TCGA-BH-A0DO-01B-11R-A12D-07,0.6685589130737518,0
TCGA-A7-A4SB-01A-21R-A266-07,0.5439590855293559,0
TCGA-EW-A6SB-01A-12R-A32P-07,0.7357929644508375,1
TCGA-D8-A1JM-01A-11R-A13Q-07,0.3702367175983951,1
TCGA-OL-A66J-01A-11R-A29R-07,0.525625444452547,1
TCGA-D8-A13Y-01A-11R-A115-07,0.3716907687767525,1
TCGA-AR-A24N-01A-11R-A169-07,0.8454727452003163,1
TCGA-BH-A0B1-01A-12R-A056-07,0.5985223497639671,1
TCGA-B6-A0RN-01A-12R-A084-07,0.6889003193834701,1
TCGA-A2-A0T1-01A-21R-A084-07,0.7889008875166702,1
TCGA-AN-A0AM-01A-11R-A034-07,0.663984141986677,1
TCGA-E2-A1LA-01A-11R-A144-07,0.4299116247831478,0
TCGA-JL-A3YW-01A-12R-A239-07,0.5452991030140545,0
TCGA-BH-A0H3-01A-11R-A12P-07,0.8244260170040179,1
TCGA-E2-A1IF-01A-11R-A144-07,0.6028299138493615,1
TCGA-C8-A26X-01A-31R-A16F-07,0.6841228688674978,1
TCGA-A8-A09B-01A-11R-A00Z-07,0.9271683285432145,0
TCGA-A7-A26G-01A-21R-A169-07,0.7940346774749734,1
TCGA-AC-A2FE-01A-11R-A19W-07,0.8994517666899116,1
TCGA-A8-A08G-01A-11R-A00Z-07,0.7746720327026746,0
TCGA-AN-A0FJ-01A-11R-A00Z-07,0.48130011487299024,1
TCGA-B6-A0RV-01A-11R-A084-07,0.9096895186981565,1
TCGA-B6-A0WV-01A-11R-A109-07,0.8447835192298822,1
TCGA-A8-A07P-01A-11R-A00Z-07,0.6491795224112432,1
TCGA-A8-A08H-01A-21R-A00Z-07,0.806360771023614,1
TCGA-AR-A0TW-01A-11R-A084-07,0.32036890640997173,1
TCGA-E2-A15F-01A-11R-A115-07,0.7272614952955081,1
TCGA-B6-A0WX-01A-11R-A109-07,0.8960950555978381,1
TCGA-D8-A1Y1-01A-21R-A14M-07,0.9083977579627639,1
TCGA-E2-A14Z-01A-11R-A115-07,0.7576666050534684,0
TCGA-A2-A25A-01A-12R-A16F-07,0.8946099237651343,0
TCGA-A2-A0CT-01A-31R-A056-07,0.35477803192582225,1
TCGA-HN-A2OB-01A-21R-A27Q-07,0.8326435393764477,0
TCGA-B6-A0RT-01A-21R-A084-07,0.8809528480357359,1
TCGA-AR-A24T-01A-11R-A169-07,0.672402456429369,1
TCGA-E9-A1R0-01A-22R-A16F-07,0.8931257988161752,1
TCGA-E9-A5FL-01A-11R-A27Q-07,0.23073095405760455,1
TCGA-E2-A3DX-01A-21R-A213-07,0.8309798166386858,1
TCGA-E2-A14T-01A-11R-A115-07,0.5374516544678458,1
TCGA-A2-A4RY-01A-31R-A266-07,0.6882439613406598,1
TCGA-AR-A2LK-01A-11R-A180-07,0.8571422729856422,1
TCGA-BH-A42U-01A-12R-A24H-07,0.42595469559208476,1
TCGA-AO-A12C-01A-11R-A10J-07,0.6004817811486495,0
TCGA-A2-A3XY-01A-11R-A239-07,0.7883284023314701,1
TCGA-D8-A73X-01A-11R-A32P-07,0.9099794115812683,1
TCGA-AR-A2LO-01A-31R-A18M-07,0.8672352433115066,1
TCGA-AO-A0JJ-01A-11R-A056-07,0.8774739426846289,0
TCGA-LD-A74U-01A-13R-A33J-07,0.6911947748545634,1
TCGA-AN-A0XN-01A-21R-A109-07,0.7192043080177353,1
TCGA-E2-A107-01A-11R-A10J-07,0.4930534382321016,1
TCGA-A7-A6VV-01A-22R-A33J-07,0.8979022516302948,1
TCGA-AC-A5XS-01A-11R-A29R-07,0.5754872072166578,1
TCGA-BH-A0H6-01A-21R-A056-07,0.8515499892482589,1
TCGA-AC-A23C-01A-12R-A169-07,0.726533507379426,1
TCGA-E9-A1NH-01A-11R-A14D-07,0.9047673484916747,1
TCGA-D8-A1XW-01A-11R-A14M-07,0.40701121229411147,1
TCGA-AO-A0JG-01A-31R-A084-07,0.5049753254785025,0
TCGA-BH-A18N-01A-11R-A12D-07,0.5813280123831613,1
TCGA-A1-A0SO-01A-22R-A084-07,0.393769812813542,0
TCGA-BH-A0B5-01A-11R-A12P-07,0.908980157004587,0
TCGA-A8-A09T-01A-11R-A00Z-07,0.8364991192508044,1
TCGA-BH-A0BR-01A-21R-A115-07,0.6313094743923912,1
TCGA-D8-A27W-01A-11R-A16F-07,0.6956906356885209,1
TCGA-BH-A0BW-01A-11R-A115-07,0.7418375486242558,1
TCGA-GM-A2DB-01A-31R-A18M-07,0.22362447990957096,0
TCGA-AC-A2QH-01A-11R-A18M-07,0.5563821455368217,1
TCGA-D8-A1JB-01A-11R-A13Q-07,0.8874415184469958,1
TCGA-BH-A1ES-01A-11R-A137-07,0.652285515550115,1
TCGA-OL-A97C-01A-32R-A41B-07,0.5555266642058133,1
TCGA-A2-A0YF-01A-21R-A109-07,0.510689268358182,1
TCGA-D8-A1XS-01A-11R-A14M-07,0.7535053418149061,1
TCGA-D8-A140-01A-11R-A115-07,0.46658691628097604,1
TCGA-A8-A09Q-01A-11R-A00Z-07,0.7351091256550878,1
TCGA-B6-A0I1-01A-11R-A21T-07,0.6450123448941931,1
TCGA-AO-A0JE-01A-11R-A056-07,0.9225876332707179,1
TCGA-A2-A1FW-01A-11R-A13Q-07,0.2593117367175192,1
TCGA-D8-A1XY-01A-11R-A14M-07,0.7877603452601839,1
TCGA-A2-A04R-01A-41R-A109-07,0.7299576896829234,0
TCGA-A2-A1FX-01A-11R-A13Q-07,0.8477711155320604,1
TCGA-A8-A07W-01A-11R-A00Z-07,0.8584503595506849,1
TCGA-D8-A1XK-01A-21R-A14M-07,0.39728080484669775,1
TCGA-D8-A3Z5-01A-41R-A24H-07,0.5776829468267204,1
TCGA-LL-A5YM-01A-11R-A28M-07,0.11245872029225633,1
TCGA-B6-A0IJ-01A-11R-A034-07,0.5117300538292356,0
TCGA-A8-A06N-01A-11R-A00Z-07,0.669414152006715,1
TCGA-GM-A2DM-01A-11R-A180-07,0.5965769531905823,1
TCGA-E2-A15D-01A-11R-A115-07,0.8760362314212362,1
TCGA-B6-A1KI-01A-11R-A14M-07,0.8255310980560632,1
TCGA-D8-A1JS-01A-11R-A13Q-07,0.21835329847651033,1
TCGA-PE-A5DD-01A-12R-A27Q-07,0.459183750915211,1
TCGA-BH-A0BG-01A-11R-A115-07,0.9393527432140197,1
TCGA-LL-A6FQ-01A-11R-A31O-07,0.16105474211164958,0
TCGA-E2-A1IN-01A-11R-A13Q-07,0.8404019479586894,1
TCGA-A8-A06T-01A-11R-A00Z-07,0.5543969119626364,1
TCGA-B6-A402-01A-11R-A239-07,0.6869655470173966,1
TCGA-E2-A9RU-01A-11R-A41B-07,0.2543357545021361,1
TCGA-A2-A3XW-01A-11R-A239-07,0.18215828585061178,1
TCGA-B6-A0RU-01A-11R-A084-07,0.7700966121351587,0
TCGA-A8-A086-01A-11R-A00Z-07,0.8298028572308909,1
TCGA-B6-A40C-01A-11R-A239-07,0.4632906392298861,1
TCGA-D8-A1JF-01A-11R-A13Q-07,0.31439288024427714,1
TCGA-A2-A0T6-01A-11R-A084-07,0.910214601546362,1
TCGA-BH-A1FG-01A-11R-A13Q-07,0.5035541208312383,0
TCGA-GM-A3NY-01A-11R-A21T-07,0.32785636452678824,1
TCGA-AN-A0AK-01A-21R-A00Z-07,0.3522584566041497,1
TCGA-BH-A1FC-01A-11R-A13Q-07,0.3613858443749343,1
TCGA-E9-A227-01A-11R-A157-07,0.859960281749896,1
TCGA-BH-A18P-01A-11R-A12D-07,0.9497922062909815,1
TCGA-E2-A15R-01A-11R-A115-07,0.3291569687487289,1
TCGA-BH-A0WA-01A-11R-A109-07,0.7411428112340748,0
TCGA-BH-A42T-01A-11R-A24H-07,0.4910881614561938,1
TCGA-AC-A23H-01A-11R-A157-07,0.6612817647269086,1
TCGA-OL-A66I-01A-21R-A29R-07,0.7801953561796678,1
TCGA-S3-AA17-01A-11R-A41B-07,0.7427811297540446,1
TCGA-AR-A1AL-01A-21R-A12P-07,0.6384989374932871,0
TCGA-AC-A2B8-01A-11R-A17B-07,0.8372791566481864,1
TCGA-D8-A1XO-01A-11R-A14M-07,0.8259208991479782,1
TCGA-C8-A26Y-01A-11R-A16F-07,0.5403906885618028,1
TCGA-BH-A0DG-01A-21R-A12P-07,0.9097806837630964,1
TCGA-E9-A243-01A-21R-A169-07,0.8307853480449174,1
TCGA-A2-A04W-01A-31R-A115-07,0.7098882533482185,1
TCGA-A8-A09G-01A-21R-A00Z-07,0.8711274406249548,1
TCGA-BH-A0DI-01A-21R-A12P-07,0.7402213608544862,1
TCGA-E2-A152-01A-11R-A12D-07,0.8655836821807249,1
TCGA-AQ-A7U7-01A-22R-A352-07,0.7642785233381216,1
TCGA-BH-A0BZ-01A-31R-A12P-07,0.7827828210755936,1
TCGA-EW-A1OV-01A-11R-A144-07,0.8420557347267759,1
TCGA-A8-A0A7-01A-11R-A00Z-07,0.8762809686342271,1
TCGA-BH-A1EN-01A-11R-A13Q-07,0.45741290350874336,1
TCGA-E2-A1IE-01A-11R-A13Q-07,0.6666284257400942,1
TCGA-BH-A0HW-01A-11R-A034-07,0.7798036859188985,1
TCGA-BH-A0BJ-01A-11R-A056-07,0.8808357530113403,1
TCGA-AO-A03N-01B-11R-A10J-07,0.4352316028598902,1
TCGA-EW-A1P3-01A-11R-A144-07,0.6780294137442361,1
TCGA-B6-A0I2-01A-11R-A034-07,0.4644661423386985,0
TCGA-EW-A1PD-01A-11R-A144-07,0.7201953967778751,1
TCGA-B6-A0IH-01A-11R-A115-07,0.7429573911897567,0
TCGA-E2-A15M-01A-11R-A12D-07,0.6215906252939407,1
TCGA-BH-A0H9-01A-11R-A056-07,0.6777026518432342,0
TCGA-BH-A0HL-01A-11R-A10U-07,0.25916828065471786,0
TCGA-A8-A07G-01A-11R-A034-07,0.7744368741508272,1
TCGA-E2-A1IL-01A-11R-A14D-07,0.7959532192086894,1
TCGA-AR-A0U4-01A-11R-A109-07,0.6989472015059837,1
TCGA-D8-A147-01A-11R-A115-07,0.7184470749569483,1
TCGA-BH-A0HY-01A-11R-A056-07,0.5856842056892565,1
TCGA-D8-A1XT-01A-11R-A14M-07,0.7549433413379922,0
TCGA-E2-A14W-01A-11R-A12D-07,0.7099441116276096,1
TCGA-E9-A1RB-01A-11R-A157-07,0.6235964086093505,1
TCGA-LL-A5YL-01A-12R-A29R-07,0.3548387065815268,0
TCGA-WT-AB41-01A-11R-A41B-07,0.10324554572381087,1
TCGA-A8-A09Z-01A-11R-A00Z-07,0.5947076012764836,0
TCGA-AN-A0FX-01A-11R-A034-07,0.8107075216720283,1
TCGA-B6-A409-01A-11R-A24H-07,0.6312587450407612,1
TCGA-EW-A1PG-01A-11R-A144-07,0.7732198551906214,1
TCGA-OL-A6VR-01A-32R-A33J-07,0.5356574899175743,1
TCGA-BH-A1FN-01A-11R-A13Q-07,0.6834936605127936,1
TCGA-AR-A2LR-01A-12R-A18M-07,0.7424798482370301,1
TCGA-A7-A5ZX-01A-12R-A29R-07,0.8114080889675072,1
TCGA-LL-A73Y-01A-11R-A33J-07,0.9310962645826942,1
TCGA-A2-A25D-01A-12R-A16F-07,0.4803323390401463,0
TCGA-BH-A0C7-01B-11R-A115-07,0.7999219542753871,1
TCGA-E2-A570-01A-11R-A29R-07,0.6633949472382978,1
TCGA-BH-A1FL-01A-11R-A13Q-07,0.74567948777412,1
TCGA-A1-A0SG-01A-11R-A144-07,0.755218443949358,1
TCGA-A8-A07U-01A-11R-A034-07,0.569726147832441,0
TCGA-E2-A15L-01A-11R-A12D-07,0.8738115798208199,1
TCGA-E9-A1R4-01A-21R-A14D-07,0.8528509553725055,0
TCGA-AR-A0TS-01A-11R-A115-07,0.8808323623345238,1
TCGA-E2-A10F-01A-11R-A10J-07,0.8961287727400133,1
TCGA-AO-A128-01A-11R-A10J-07,0.5710358299750394,1
TCGA-AR-A0U3-01A-11R-A109-07,0.45516698313358367,1
TCGA-BH-A0DL-01A-11R-A115-07,0.6596125654429374,1
TCGA-A7-A0D9-01A-31R-A056-07,0.6672041989248491,1
TCGA-AN-A0FD-01A-11R-A034-07,0.7504741944744056,1
TCGA-A2-A0YK-01A-22R-A109-07,0.8865893620489637,1
TCGA-BH-A1FH-01A-12R-A13Q-07,0.5496442691014471,1
TCGA-C8-A12T-01A-11R-A115-07,0.8477569970003981,1
TCGA-B6-A2IU-01A-32R-A18M-07,0.5568492375182562,1
TCGA-4H-AAAK-01A-12R-A41B-07,0.7594409430392202,1
TCGA-E2-A1IU-01A-11R-A14D-07,0.6530459512106739,0
TCGA-3C-AALK-01A-11R-A41B-07,0.7812252723578134,1
TCGA-D8-A27M-01A-11R-A16F-07,0.752941740002648,1
TCGA-E2-A56Z-01A-12R-A29R-07,0.5938854798249961,1
TCGA-AO-A1KQ-01A-11R-A13Q-07,0.7383444419243458,1
TCGA-AR-A2LE-01A-11R-A180-07,0.6948114676066834,1
TCGA-E2-A1BC-01A-11R-A12P-07,0.6931931493166467,1
TCGA-BH-A0E6-01A-11R-A034-07,0.5755080400017697,1
TCGA-AO-A0J2-01A-11R-A034-07,0.2423667831412077,1
TCGA-A7-A6VX-01A-12R-A33J-07,0.8244336879779708,0
TCGA-E2-A1LI-01A-12R-A157-07,0.7750447939973771,0
TCGA-AR-A1AT-01A-11R-A12P-07,0.961549263616204,1
TCGA-A7-A426-01A-22R-A24H-07,0.5985866289583782,1
TCGA-A2-A25C-01A-11R-A169-07,0.8254554264526833,1
TCGA-B6-A0RL-01A-11R-A084-07,0.5702552548291518,1
TCGA-OK-A5Q2-01A-11R-A27Q-07,0.8501498633034691,1
TCGA-E9-A244-01A-11R-A169-07,0.6620909640112744,1
TCGA-E9-A1R6-01A-11R-A14D-07,0.5212302543688088,1
TCGA-BH-A8G0-01A-11R-A352-07,0.8299064067165,1
TCGA-EW-A1IZ-01A-11R-A13Q-07,0.47027016733028154,0
TCGA-AO-A0J5-01A-11R-A034-07,0.6978203145726272,1
TCGA-E2-A1AZ-01A-11R-A12P-07,0.8492336282135964,1
TCGA-B6-A0RE-01A-11R-A056-07,0.7444307377956072,1
TCGA-A7-A4SE-01A-11R-A266-07,0.8425037510609331,0
TCGA-LL-A740-01A-21R-A32P-07,0.37142819885238937,1
TCGA-A8-A07R-01A-21R-A034-07,0.44795323699954953,0
TCGA-S3-AA10-01A-21R-A41B-07,0.8168946286773843,1
TCGA-A7-A4SF-01A-11R-A266-07,0.37462929607472734,0
TCGA-A7-A0CG-01A-12R-A056-07,0.726741832992738,0
TCGA-E2-A1LS-01A-12R-A157-07,0.5741333667060551,1
TCGA-AR-A24P-01A-11R-A169-07,0.6863551605488901,0
TCGA-E9-A54Y-01A-11R-A466-07,0.0940633294544929,1
TCGA-AO-A0JA-01A-11R-A056-07,0.8316568126716792,1
TCGA-A8-A08A-01A-11R-A32Y-07,0.7583346160430247,1
TCGA-AR-A24V-01A-21R-A169-07,0.752323630362057,1
TCGA-A2-A0CO-01A-13R-A22K-07,0.7593682573575504,1
TCGA-E2-A15I-01A-21R-A137-07,0.45775704966091524,0
TCGA-A2-A0SU-01A-11R-A084-07,0.7726416199396389,0
TCGA-AC-A3OD-01A-11R-A21T-07,0.2458690743583669,1
TCGA-AC-A3YJ-01A-11R-A22U-07,0.2920056330640266,0
TCGA-AR-A0TZ-01A-12R-A084-07,0.5906886260376986,1
TCGA-A2-A0D3-01A-11R-A115-07,0.687744669858716,1
TCGA-BH-A18L-01A-32R-A12D-07,0.42695631699137554,1
TCGA-EW-A2FW-01A-11R-A17B-07,0.6385003098258308,1
TCGA-A2-A0YL-01A-21R-A109-07,0.8619563883716659,1
TCGA-E9-A54X-01A-11R-A266-07,0.8153796204748858,1
TCGA-BH-A18F-01A-11R-A12D-07,0.8938793022062463,1
TCGA-W8-A86G-01A-21R-A36F-07,0.5169836809834495,1
TCGA-A8-A08T-01A-21R-A00Z-07,0.8168411206204448,1
TCGA-BH-A1EX-01A-11R-A13Q-07,0.6649712275567815,0
TCGA-A8-A08O-01A-21R-A056-07,0.7746773838935322,0
TCGA-AC-A6IX-01A-12R-A32P-07,0.8978294413320955,1
TCGA-C8-A27B-01A-11R-A169-07,0.547010955634863,1
TCGA-PL-A8LZ-01A-31R-A36F-07,0.8278047737849368,1
TCGA-AR-A1AQ-01A-11R-A12P-07,0.8086267876436181,1
TCGA-BH-A1FU-01A-11R-A14D-07,0.792049908658046,1
TCGA-A2-A0SY-01A-31R-A084-07,0.9244429985377557,1
TCGA-BH-A1EW-01A-11R-A137-07,0.4470878810593166,1
TCGA-GM-A3NW-01A-21R-A22K-07,0.5646981742807688,0
TCGA-BH-A0W4-01A-11R-A109-07,0.9185292801508579,1
TCGA-AR-A1AS-01A-11R-A12P-07,0.640020217022784,0
TCGA-EW-A1J6-01A-11R-A13Q-07,0.5051201074388542,1
TCGA-AC-A6NO-01A-12R-A33J-07,0.6318280864751108,1
TCGA-A7-A0CE-01A-11R-A00Z-07,0.822883549762505,0
TCGA-BH-A6R8-01A-21R-A33J-07,0.22153656185840606,1
TCGA-EW-A1OY-01A-11R-A144-07,0.7590608218917146,1
TCGA-BH-A0BS-01A-11R-A12P-07,0.4913947452048341,0
TCGA-A7-A6VY-01A-12R-A33J-07,0.593114511866368,1
TCGA-A2-A0CK-01A-11R-A22K-07,0.471660772988488,0
TCGA-AO-A12H-01A-11R-A115-07,0.5817871676634581,0
TCGA-C8-A12L-01A-11R-A115-07,0.4304268766303737,1
TCGA-A1-A0SQ-01A-21R-A144-07,0.463753204217599,1
TCGA-A7-A56D-01A-11R-A27Q-07,0.1189940650479146,1
TCGA-A8-A09I-01A-22R-A034-07,0.5658882143837067,1
TCGA-BH-A0DH-01A-11R-A084-07,0.6527399986618116,1
TCGA-B6-A0X0-01A-21R-A115-07,0.7032465847585879,1
TCGA-S3-AA12-01A-11R-A41B-07,0.36006562213024657,1
TCGA-E2-A159-01A-11R-A115-07,0.907795585822921,1
TCGA-D8-A27V-01A-12R-A17B-07,0.6073502947428542,1
TCGA-D8-A1JT-01A-31R-A13Q-07,0.47290692651421967,1
TCGA-C8-A138-01A-11R-A115-07,0.6680717229322007,1
TCGA-AO-A0J6-01A-11R-A034-07,0.9151114126979526,1
TCGA-AR-A24R-01A-11R-A169-07,0.713797771629966,1
TCGA-AR-A0TY-01A-12R-A115-07,0.6698223322288246,1
TCGA-E9-A1QZ-01A-21R-A169-07,0.8104672665725331,1
TCGA-AR-A24W-01A-11R-A169-07,0.5828715289512109,0
TCGA-LL-A5YP-01A-21R-A28M-07,0.6572939243040927,1
TCGA-B6-A0WY-01A-11R-A109-07,0.9068589024331578,1
TCGA-GM-A2DC-01A-11R-A18M-07,0.18996829937923937,1
TCGA-A2-A4S2-01A-12R-A266-07,0.8335079425159131,1
TCGA-A8-A09X-01A-11R-A00Z-07,0.8265782791330479,1
TCGA-OL-A5RV-01A-12R-A28M-07,0.7178675741101329,1
TCGA-E2-A14P-01A-31R-A12D-07,0.24949911149362064,1
TCGA-C8-A8HQ-01A-11R-A36F-07,0.9040557439524977,1
TCGA-AR-A0TP-01A-11R-A084-07,0.6757642222759719,1
TCGA-A8-A09A-01A-11R-A00Z-07,0.7271103425319702,1
TCGA-A8-A08L-01A-11R-A00Z-07,0.688203467537222,1
TCGA-A8-A08F-01A-11R-A00Z-07,0.6754399882093123,1
TCGA-GI-A2C9-01A-11R-A21T-07,0.8968494891636708,1
TCGA-A2-A0SW-01A-11R-A084-07,0.846653447002112,1
TCGA-LD-A7W5-01A-22R-A352-07,0.457887432894848,0
TCGA-D8-A27R-01A-11R-A16F-07,0.7999792296816495,1
TCGA-AO-A0JM-01A-21R-A056-07,0.8477090823062758,1
TCGA-GM-A2D9-01A-11R-A18M-07,0.6324167551793329,1
TCGA-D8-A1XU-01A-11R-A14M-07,0.6768540919669492,1
TCGA-AO-A1KT-01A-11R-A13Q-07,0.7982029078152935,1
TCGA-C8-A12P-01A-11R-A115-07,0.7581762366633215,1
TCGA-LL-A6FR-01A-12R-A31O-07,0.5574287748320461,0
TCGA-AR-A1AJ-01A-21R-A12P-07,0.9090773946593579,1
TCGA-A8-A09D-01A-11R-A00Z-07,0.7103800513319957,1
TCGA-S3-A6ZF-01A-32R-A32P-07,0.8879335071538063,0
TCGA-E2-A150-01A-11R-A12D-07,0.7085812463264828,1
TCGA-BH-A18U-01A-21R-A12D-07,0.8116813979757537,1
TCGA-BH-A0GY-01A-11R-A056-07,0.5901631524867516,1
TCGA-AQ-A54N-01A-11R-A266-07,0.38078227890297384,1
TCGA-C8-A273-01A-11R-A16F-07,0.6704932492695208,1
TCGA-S3-AA14-01A-11R-A41B-07,0.7538146708363991,1
TCGA-A7-A2KD-01A-31R-A21T-07,0.8417173785469134,1
TCGA-C8-A131-01A-11R-A115-07,0.8519273084506667,1
TCGA-E2-A576-01A-11R-A31O-07,0.20767252405047318,1
TCGA-A2-A0T4-01A-31R-A084-07,0.8880049419966386,1
TCGA-A2-A04V-01A-21R-A034-07,0.7033070380062681,0
TCGA-AR-A0U0-01A-11R-A109-07,0.7284733194465578,1
TCGA-BH-A0BO-01A-23R-A12D-07,0.7675516727812954,1
TCGA-A2-A3KC-01A-11R-A213-07,0.8253892566916458,0
TCGA-BH-A18T-01A-11R-A12D-07,0.29251816283365617,0
TCGA-EW-A1J2-01A-21R-A13Q-07,0.8654754262959755,1
TCGA-A8-A084-01A-21R-A00Z-07,0.7865724866778487,1
TCGA-A8-A08X-01A-21R-A00Z-07,0.9544447308604578,1
TCGA-GM-A2DH-01A-11R-A180-07,0.5661185834060818,1
TCGA-D8-A27L-01A-11R-A16F-07,0.8869938869591042,1
TCGA-A7-A3IZ-01A-11R-A213-07,0.48202653979690946,1
TCGA-AN-A04D-01A-21R-A034-07,0.5172258641182821,1
TCGA-5L-AAT0-01A-12R-A41B-07,0.9027748623839382,1
TCGA-AR-A1AU-01A-11R-A12P-07,0.8989019932006279,1
TCGA-AC-A6IV-01A-12R-A33J-07,0.8134647084177802,1
TCGA-E2-A15C-01A-31R-A12D-07,0.6632305755478871,1
TCGA-AO-A1KP-01A-11R-A13Q-07,0.5251537418214781,1
TCGA-E2-A15G-01A-11R-A12D-07,0.8522075637528689,1
TCGA-A2-A3KD-01A-12R-A213-07,0.7279343045972229,0
TCGA-D8-A1X5-01A-11R-A14D-07,0.6831528948666312,1
TCGA-AQ-A04L-01B-21R-A10J-07,0.4781199359995985,1
TCGA-A8-A096-01A-11R-A00Z-07,0.8561395789038514,1
TCGA-A2-A0YH-01A-11R-A109-07,0.8824708967360821,1
TCGA-AN-A0FW-01A-11R-A034-07,0.55776093716608,1
TCGA-D8-A27H-01A-11R-A16F-07,0.7527744702286384,0
TCGA-OL-A6VQ-01A-12R-A41B-07,0.9521316686117847,1
TCGA-A7-A4SA-01A-11R-A266-07,0.6959496795554674,0
TCGA-C8-A274-01A-11R-A16F-07,0.7464640596181484,1
TCGA-E2-A15J-01A-11R-A12P-07,0.762316489005108,1
TCGA-BH-A0B3-01A-11R-A056-07,0.9223331678517499,1
TCGA-E2-A153-01A-12R-A12D-07,0.8684844028683509,1
TCGA-WT-AB44-01A-11R-A41B-07,0.2453486832030096,1
TCGA-B6-A0RQ-01A-11R-A115-07,0.8896080788605802,1
TCGA-A2-A0YM-01A-11R-A109-07,0.6891685412965951,1
TCGA-C8-A1HI-01A-11R-A137-07,0.5959144025342455,1
TCGA-AC-A3TM-01A-11R-A22K-07,0.12485087408571365,1
TCGA-A7-A0CD-01A-11R-A00Z-07,0.46719910545949883,0
TCGA-D8-A145-01A-11R-A115-07,0.921016200907487,1
TCGA-BH-A0EB-01A-11R-A034-07,0.8130260589071435,1
TCGA-AR-A0TV-01A-21R-A084-07,0.5745353878943107,1
TCGA-E2-A15P-01A-11R-A115-07,0.8192112404658428,1
TCGA-A2-A04T-01A-21R-A034-07,0.7682125326272198,1
TCGA-E9-A2JT-01A-22R-A18M-07,0.6795897703247474,1
TCGA-OL-A5RW-01A-11R-A28M-07,0.34724517146410305,0
TCGA-PL-A8LV-01A-21R-A41B-07,0.7625790896030767,1
TCGA-BH-A18M-01A-11R-A12D-07,0.8741107158562672,1
TCGA-D8-A27N-01A-11R-A16F-07,0.7687950176692039,1
TCGA-C8-A3M8-01A-11R-A213-07,0.7132199274953315,1
TCGA-B6-A0WW-01A-11R-A109-07,0.8014658119937857,1
TCGA-E9-A3X8-01A-31R-A22U-07,0.10275897437201069,1
TCGA-C8-A133-01A-32R-A12D-07,0.2101593581937607,0
TCGA-D8-A1X6-01A-11R-A14M-07,0.7554096436019686,1
TCGA-A2-A04P-01A-31R-A034-07,0.5773157015088669,1
TCGA-E9-A1N3-01A-12R-A157-07,0.5179721743999645,1
TCGA-AN-A0XP-01A-11R-A109-07,0.7390828977150928,1
TCGA-E2-A1LK-01A-21R-A14D-07,0.7662192743416435,0
TCGA-C8-A132-01A-31R-A115-07,0.8781691588156372,1
TCGA-PE-A5DE-01A-11R-A27Q-07,0.7409493089394328,1
TCGA-EW-A6SC-01A-12R-A32P-07,0.8986723337977064,1
TCGA-BH-A0EI-01A-11R-A115-07,0.6591960572580662,1
TCGA-A8-A08I-01A-11R-A00Z-07,0.6055303868180645,0
TCGA-AO-A124-01A-11R-A10J-07,0.7742237307798122,0
TCGA-AN-A0XR-01A-11R-A109-07,0.6163981597597988,1
TCGA-BH-A204-01A-11R-A157-07,0.1586191422247366,0
TCGA-AN-A0FF-01A-11R-A034-07,0.9283963433548243,1
TCGA-A2-A0T3-01A-21R-A115-07,0.5819535159216042,1
TCGA-B6-A0RI-01A-11R-A056-07,0.8577629200526239,1
TCGA-AO-A03R-01A-21R-A034-07,0.8784941288002649,1
TCGA-E9-A1RA-01A-11R-A14D-07,0.8649341672525852,1
TCGA-AN-A0XV-01A-11R-A109-07,0.8189439594440518,1
TCGA-E9-A1RI-01A-11R-A169-07,0.8026392773029584,1
TCGA-A8-A07J-01A-11R-A00Z-07,0.7419691315057884,0
TCGA-AC-A6IW-01A-12R-A33J-07,0.7509453898999991,1
TCGA-3C-AALJ-01A-31R-A41B-07,0.7164418315494416,1
TCGA-AN-A0XS-01A-22R-A109-07,0.8749308636190094,1
TCGA-E9-A226-01A-21R-A157-07,0.7582994876473881,1
TCGA-C8-A12K-01A-21R-A115-07,0.6501474628256891,0
TCGA-BH-A202-01A-11R-A14M-07,0.7396113185612397,0
TCGA-OL-A66H-01A-11R-A29R-07,0.4965982588276315,1
TCGA-E9-A1N9-01A-11R-A14D-07,0.8767003610317541,0
TCGA-A2-A0T2-01A-11R-A084-07,0.5725953710055431,1
TCGA-BH-A18H-01A-11R-A12D-07,0.8090188964610251,1
TCGA-UU-A93S-01A-21R-A41B-07,0.12095500028179804,1
TCGA-B6-A0RO-01A-22R-A084-07,0.2541621198667494,1
TCGA-E2-A10E-01A-21R-A10J-07,0.7228639604440837,1
TCGA-A7-A4SC-01A-12R-A266-07,0.6247852304396894,1
TCGA-B6-A0WZ-01A-11R-A109-07,0.48454682873996296,1
TCGA-A7-A6VW-01A-21R-A33J-07,0.46068748437336987,1
TCGA-E2-A1B5-01A-21R-A12P-07,0.680925194788269,1
TCGA-A8-A092-01A-11R-A00Z-07,0.7763200995827455,1
TCGA-C8-A1HK-01A-21R-A13Q-07,0.335201803417346,1
TCGA-BH-A0W3-01A-11R-A109-07,0.8214204650032582,1
TCGA-A7-A0CH-01A-21R-A00Z-07,0.9082772216453311,1
TCGA-AR-A1AX-01A-11R-A12P-07,0.7138289135150648,1
TCGA-EW-A1P0-01A-11R-A144-07,0.7526275067648289,1
TCGA-E9-A1NI-01A-11R-A14D-07,0.9260618834280331,1
TCGA-AO-A12E-01A-11R-A10J-07,0.7209741561082361,1
TCGA-D8-A1XJ-01A-11R-A14M-07,0.5713883733332156,1
TCGA-B6-A0I6-01A-11R-A034-07,0.5844667057968467,1
TCGA-E9-A1RH-01A-21R-A169-07,0.2973206937667798,1
TCGA-BH-A18Q-01A-12R-A12D-07,0.852341304766838,1
TCGA-AO-A0JI-01A-21R-A056-07,0.5503485171490227,1
TCGA-A2-A0CL-01A-11R-A115-07,0.87602969236221,1
TCGA-E2-A155-01A-11R-A12D-07,0.6762950455763892,1
TCGA-B6-A0I8-01A-11R-A034-07,0.6647301631251735,0
TCGA-E2-A14X-01A-11R-A115-07,0.9136420994608194,0
TCGA-AC-A3YI-01A-21R-A239-07,0.722123802182723,1
TCGA-AR-A1AI-01A-11R-A12P-07,0.4347651349437526,1
TCGA-D8-A1JK-01A-11R-A13Q-07,0.8541994347804243,1
TCGA-BH-A0C3-01A-21R-A12P-07,0.9264748766034485,1
TCGA-A8-A09C-01A-11R-A00Z-07,0.864109631659559,1
TCGA-LL-A50Y-01A-11R-A266-07,0.32375462378483955,1
TCGA-BH-A0B0-01A-21R-A115-07,0.791461401054855,0
TCGA-OL-A66L-01A-12R-A31O-07,0.1195684943127331,1
TCGA-BH-A0AW-01A-11R-A056-07,0.6937806198110724,1
TCGA-D8-A1X8-01A-11R-A14M-07,0.860354119109265,1
TCGA-D8-A1JE-01A-11R-A13Q-07,0.7550517964391493,1
TCGA-BH-A1EO-01A-11R-A137-07,0.5834470369991384,1
TCGA-BH-A0HU-01A-11R-A034-07,0.3940342857824378,1
TCGA-BH-A0H7-01A-13R-A056-07,0.6228579973469773,1
TCGA-E9-A22D-01A-11R-A157-07,0.8460246223877433,1
TCGA-3C-AAAU-01A-11R-A41B-07,0.32945761849929195,1
TCGA-BH-A1FJ-01A-11R-A13Q-07,0.8730813269450483,1
TCGA-A8-A06P-01A-11R-A00Z-07,0.8414494776901824,1
TCGA-A2-A25B-01A-11R-A169-07,0.5837164506294177,1
TCGA-AC-A2BM-01A-11R-A21T-07,0.8976723902476217,1
TCGA-E9-A6HE-01A-11R-A31O-07,0.31522987622197546,1
TCGA-AO-A03O-01A-11R-A00Z-07,0.5334536773911004,1
TCGA-A2-A0EU-01A-22R-A056-07,0.7432927552791664,1
TCGA-A8-A06O-01A-11R-A00Z-07,0.8039070024725976,1
TCGA-BH-A0BT-01A-11R-A12P-07,0.43326744901194597,1
TCGA-A2-A0YT-01A-11R-A109-07,0.5907706714434409,1
TCGA-E2-A14R-01A-11R-A115-07,0.52810019968074,1
TCGA-B6-A0IC-01A-11R-A034-07,0.63808895567261,0
TCGA-AC-A5XU-01A-11R-A28M-07,0.6661781970303372,1
TCGA-AR-A250-01A-31R-A169-07,0.8369572443281186,0
TCGA-D8-A1XZ-01A-11R-A14M-07,0.703743699490601,1
TCGA-B6-A0I9-01A-11R-A034-07,0.6490838552717415,1
TCGA-B6-A0IA-01A-11R-A034-07,0.17845518819330508,1
TCGA-E2-A14N-01A-31R-A137-07,0.2594816376534593,0
TCGA-PL-A8LY-01A-11R-A41B-07,0.6963965972696449,1
TCGA-LL-A441-01A-11R-A24H-07,0.7404677735791242,1
TCGA-A8-A08S-01A-11R-A034-07,0.5168792806632457,0
TCGA-A8-A09V-01A-11R-A034-07,0.5922003220979569,1
TCGA-BH-A209-01A-11R-A157-07,0.568414681787941,1
TCGA-GM-A5PX-01A-12R-A28M-07,0.8001476171732261,1
TCGA-A8-A085-01A-11R-A00Z-07,0.6696883417403807,1
TCGA-A2-A25E-01A-11R-A169-07,0.7135944982119315,0
TCGA-D8-A1JG-01B-11R-A13Q-07,0.7472527062651234,1
TCGA-AC-A2FO-01A-11R-A180-07,0.8107619007725936,1
TCGA-B6-A3ZX-01A-11R-A239-07,0.8236712733158267,1
TCGA-AN-A0FT-01A-11R-A034-07,0.3767906846999865,1
TCGA-AQ-A04H-01B-11R-A10J-07,0.7082188199015931,1
TCGA-AR-A1AR-01A-31R-A137-07,0.7521243688772878,1
TCGA-A2-A0CS-01A-11R-A115-07,0.7585942922191309,1
TCGA-A2-A1FZ-01A-51R-A14D-07,0.8811966428019675,1
TCGA-AC-A8OQ-01A-11R-A41B-07,0.9059841825781699,1
TCGA-AR-A0TR-01A-11R-A084-07,0.6037667972349052,1
TCGA-C8-A12M-01A-11R-A115-07,0.6044024836612011,1
TCGA-A1-A0SM-01A-11R-A084-07,0.8196094452672529,1
TCGA-BH-A1ET-01A-11R-A137-07,0.7153986915406035,1
TCGA-A8-A0A1-01A-11R-A00Z-07,0.9037280583660099,1
TCGA-C8-A1HG-01A-11R-A137-07,0.43640000304762894,1
TCGA-E9-A1NF-01A-11R-A14D-07,0.8663093281586962,1
TCGA-A2-A0D4-01A-11R-A00Z-07,0.5259043305108522,1
TCGA-BH-A2L8-01A-11R-A18M-07,0.8436345660137631,1
TCGA-A8-A093-01A-11R-A00Z-07,0.8015356866127221,1
TCGA-D8-A1Y3-01A-11R-A157-07,0.16749779332269957,1
TCGA-AR-A1AY-01A-21R-A12P-07,0.6463495866727657,1
TCGA-AO-A12F-01A-11R-A115-07,0.692991202625388,1
TCGA-AN-A0FL-01A-11R-A034-07,0.4638144654232907,1
TCGA-AR-A0TQ-01A-11R-A084-07,0.8110447246021297,1
TCGA-A2-A0CP-01A-11R-A034-07,0.6483273870539201,0
TCGA-AO-A129-01A-21R-A10J-07,0.8117035617475219,1
TCGA-D8-A1JH-01A-11R-A13Q-07,0.8726892589730645,1
TCGA-BH-A18K-01A-11R-A12D-07,0.7403031797522286,1
TCGA-B6-A0IM-01A-11R-A034-07,0.5506927588411884,1
TCGA-AO-A0J4-01A-11R-A034-07,0.9102039670086423,0
TCGA-AR-A1AW-01A-21R-A12P-07,0.683475610384273,1
TCGA-AC-A62Y-01A-11R-A29R-07,0.5947966415862889,0
TCGA-A1-A0SH-01A-11R-A084-07,0.7199973515779549,1
TCGA-A8-A08C-01A-11R-A00Z-07,0.6298983575248362,1
TCGA-A2-A3XU-01A-12R-A22U-07,0.29326264905336946,1
TCGA-E2-A1LB-01A-11R-A144-07,0.4283476646397131,1
TCGA-D8-A1JJ-01A-31R-A14M-07,0.770435373585167,1
TCGA-AN-A049-01A-21R-A00Z-07,0.6579286491195917,1
TCGA-A1-A0SN-01A-11R-A144-07,0.9056909547349938,0
TCGA-EW-A1IW-01A-11R-A13Q-07,0.8713702591012984,1
TCGA-LQ-A4E4-01A-11R-A266-07,0.49931826347973446,1
TCGA-E9-A5UP-01A-11R-A28M-07,0.251706835133723,0
TCGA-EW-A1IY-01A-11R-A13Q-07,0.642575879012643,1
TCGA-AN-A0XW-01A-11R-A109-07,0.8308091118494679,1
TCGA-AR-A24S-01A-11R-A169-07,0.6616896360885135,1
TCGA-AR-A2LM-01A-11R-A180-07,0.7078125813338315,1
TCGA-E9-A1NE-01A-21R-A14M-07,0.757523674113737,1
TCGA-LL-A9Q3-01A-11R-A41B-07,0.2887269857651172,1
TCGA-AC-A8OP-01A-11R-A36F-07,0.5568013310456058,1
TCGA-E2-A572-01A-13R-A31O-07,0.03907350269138673,1
TCGA-B6-A0IP-01A-11R-A034-07,0.9325937926145238,1
TCGA-C8-A135-01A-11R-A115-07,0.601795775257281,0
TCGA-D8-A1XL-01A-11R-A14M-07,0.3513859660604558,0
TCGA-EW-A1PC-01B-11R-A21T-07,0.5251542459176705,0
TCGA-AO-A03M-01B-11R-A10J-07,0.552354148962514,0
TCGA-AN-A0FN-01A-11R-A034-07,0.7992795637459538,1
TCGA-A7-A4SD-01A-11R-A266-07,0.8548214131154515,1
TCGA-BH-A0HN-01A-11R-A10U-07,0.3189141711836711,1
TCGA-S3-A6ZH-01A-22R-A32P-07,0.28919993891832146,0
TCGA-AC-A3QP-01A-11R-A22U-07,0.3895439534498033,0
TCGA-5L-AAT1-01A-12R-A41B-07,0.6587043370921032,1
TCGA-AN-A0FY-01A-11R-A034-07,0.6496399342589512,0
TCGA-BH-A0BA-01A-11R-A056-07,0.7489149142400217,1
TCGA-A2-A0CU-01A-12R-A034-07,0.5093294129802242,1
TCGA-D8-A143-01A-11R-A115-07,0.7234192845165094,1
TCGA-BH-A0DE-01A-11R-A115-07,0.8683807440564919,1
TCGA-A2-A0EO-01A-11R-A034-07,0.8979587130775303,1
TCGA-AO-A0JF-01A-11R-A056-07,0.8768534902005645,1
TCGA-A8-A09E-01A-11R-A00Z-07,0.5317782909105122,1
TCGA-BH-A0AZ-01A-21R-A12P-07,0.7062580754310344,1
TCGA-GM-A2DN-01A-11R-A180-07,0.8971178013394064,1
TCGA-E2-A15T-01A-11R-A115-07,0.7570218405078312,1
TCGA-BH-A1F6-01A-11R-A13Q-07,0.8129891215126168,0
TCGA-BH-A0DX-01A-11R-A115-07,0.8640154634996059,1
TCGA-EW-A3U0-01A-11R-A22K-07,0.7933156586018886,0
TCGA-BH-A0DV-01A-21R-A12P-07,0.7615371331997292,1
TCGA-AC-A3TN-01A-11R-A22K-07,0.32779381962455734,1
TCGA-A1-A0SK-01A-12R-A084-07,0.26801947559785677,1
TCGA-B6-A0X5-01A-21R-A109-07,0.6799687789340003,1
TCGA-A2-A0YC-01A-11R-A109-07,0.7433597436471722,0
TCGA-A2-A0CZ-01A-11R-A034-07,0.6166680136832386,0
TCGA-C8-A27A-01A-11R-A169-07,0.5255336526446328,1
TCGA-AR-A1AP-01A-11R-A12P-07,0.7617973071282158,1
TCGA-BH-A0B4-01A-11R-A00Z-07,0.7135088710727583,0
TCGA-BH-A0BV-01A-11R-A00Z-07,0.7243406558788797,1
TCGA-AN-A0XO-01A-11R-A109-07,0.7390549823790127,0
TCGA-AC-A2QJ-01A-12R-A19W-07,0.28787502411774313,1
TCGA-GM-A2DD-01A-11R-A180-07,0.6152169206649599,0
TCGA-AR-A1AV-01A-21R-A12P-07,0.6720691143451241,1
TCGA-D8-A1XF-01A-11R-A14D-07,0.444014201091861,1
TCGA-LL-A6FP-01A-11R-A31O-07,0.10656231727286526,1
TCGA-D8-A1XA-01A-11R-A14D-07,0.7023403915386873,1
TCGA-C8-A26V-01A-11R-A16F-07,0.8589066567805338,1
TCGA-PE-A5DC-01A-12R-A27Q-07,0.4043646852300693,0
TCGA-E2-A1LH-01A-11R-A14D-07,0.5653878494109006,1
TCGA-BH-A0B9-01A-11R-A056-07,0.6108570078870825,1
TCGA-E9-A1N8-01A-11R-A144-07,0.6148848808512603,1
TCGA-AC-A62V-01A-11R-A31O-07,0.14190318483099032,1
TCGA-EW-A1PH-01A-11R-A14M-07,0.7641614869827447,1
TCGA-AR-A5QP-01A-11R-A28M-07,0.8673996973184707,1
TCGA-BH-A5J0-01A-11R-A27Q-07,0.394441191368565,1
TCGA-A1-A0SB-01A-11R-A144-07,0.6447923005201602,1
TCGA-B6-A0IK-01A-12R-A056-07,0.5812701404162833,1
TCGA-A8-A06Q-01A-11R-A034-07,0.49725850850292236,0
TCGA-AR-A2LH-01A-31R-A18M-07,0.9352372696014997,1
TCGA-AR-A24Z-01A-11R-A169-07,0.5361024824468319,1
TCGA-Z7-A8R5-01A-42R-A41B-07,0.5441925828756689,1
TCGA-A8-A0A9-01A-11R-A00Z-07,0.8188399921164544,0
TCGA-D8-A1JA-01A-11R-A13Q-07,0.19231280262094774,1
TCGA-AN-A0FK-01A-11R-A034-07,0.44795377895650873,1
TCGA-GM-A2DL-01A-11R-A18M-07,0.805356161439258,1
TCGA-EW-A1P6-01A-11R-A144-07,0.789041962720181,1
TCGA-BH-A0EA-01A-11R-A115-07,0.88110095464495,1
TCGA-BH-A8FY-01A-11R-A36F-07,0.39427779507631805,1
TCGA-E2-A1L9-01A-11R-A13Q-07,0.7011896680659474,1
TCGA-E9-A1R2-01A-11R-A14D-07,0.5868983331654989,1
TCGA-AC-A2FM-01A-11R-A19W-07,0.34080460185501604,1
TCGA-E2-A108-01A-13R-A10J-07,0.8999519750226347,1
TCGA-OL-A66O-01A-11R-A31O-07,0.16981988579068613,0
TCGA-C8-A275-01A-21R-A16F-07,0.7628755797066877,1
TCGA-B6-A0IO-01A-11R-A034-07,0.5019028280823135,1
TCGA-BH-A0HO-01A-11R-A034-07,0.6575217780185081,1
TCGA-EW-A1P8-01A-11R-A144-07,0.5781250169942551,1
TCGA-A2-A0D0-01A-11R-A00Z-07,0.50918040095517,1
TCGA-A2-A0SX-01A-12R-A084-07,0.9015792941839128,1
TCGA-D8-A27I-01A-11R-A16F-07,0.8597156812793388,0
TCGA-EW-A2FS-01A-11R-A17B-07,0.3266330429765504,0
TCGA-Z7-A8R6-01A-11R-A41B-07,0.7421086176768634,0
TCGA-E2-A15O-01A-11R-A115-07,0.6451634036020891,1
TCGA-V7-A7HQ-01A-11R-A33J-07,0.09411867744733843,1
TCGA-C8-A12W-01A-11R-A115-07,0.828382727421204,1
TCGA-A7-A3IY-01A-21R-A21T-07,0.6986041980065233,1
TCGA-A8-A08B-01A-11R-A00Z-07,0.6633441100771682,1
TCGA-5T-A9QA-01A-11R-A41B-07,0.27881520958492084,1
TCGA-E2-A106-01A-11R-A10J-07,0.3763160593946476,1
TCGA-E2-A1B6-01A-31R-A12P-07,0.7439485551342161,1
TCGA-AC-A2FF-01A-11R-A17B-07,0.7776196514334822,0
TCGA-EW-A1PA-01A-11R-A144-07,0.6389748809915535,1
TCGA-D8-A27T-01A-11R-A16F-07,0.8514061598316784,1
TCGA-LD-A66U-01A-11R-A31O-07,0.2996414783258097,1
TCGA-A8-A07Z-01A-11R-A00Z-07,0.4592628819015575,1
TCGA-AR-A1AO-01A-11R-A12P-07,0.8126454460465531,1
TCGA-E2-A573-01A-11R-A29R-07,0.7019761571008077,1
TCGA-AC-A2FB-01A-11R-A17B-07,0.8695766197858046,1
TCGA-AN-A0G0-01A-11R-A034-07,0.74479681690334,1
TCGA-BH-A0H5-01A-21R-A115-07,0.8286898334584792,1
TCGA-A8-A07S-01A-11R-A034-07,0.8479421131548732,1
TCGA-E9-A3QA-01A-61R-A22K-07,0.5666287193551098,1
TCGA-A1-A0SI-01A-11R-A144-07,0.8999785755565642,0
TCGA-A8-A09W-01A-11R-A00Z-07,0.554046443879843,1
TCGA-BH-A1F0-01A-11R-A137-07,0.7709194723460228,1
TCGA-A2-A0D2-01A-21R-A034-07,0.5217233889932008,1
TCGA-OL-A5D8-01A-11R-A27Q-07,0.6326638566242935,1
TCGA-BH-A18G-01A-11R-A12D-07,0.868322109845497,1
TCGA-A2-A0YI-01A-31R-A10J-07,0.8105866840926431,1
TCGA-A8-A0A4-01A-11R-A00Z-07,0.6877221561939392,1
TCGA-A7-A425-01A-11R-A24H-07,0.442878144949163,1
TCGA-E9-A22A-01A-11R-A157-07,0.785464091582396,1
TCGA-A8-A08J-01A-11R-A00Z-07,0.9219892372791691,1
TCGA-A2-A3Y0-01A-11R-A239-07,0.41547213541719447,0
TCGA-AC-A2BK-01A-11R-A21T-07,0.5037887950712596,1
TCGA-B6-A0IN-01A-11R-A034-07,0.49621199889452644,0
TCGA-D8-A1JD-01A-11R-A13Q-07,0.899473020438519,0
TCGA-GM-A2DK-01A-21R-A180-07,0.5239815897252357,1
TCGA-OL-A5RX-01A-11R-A28M-07,0.8694779781935426,1
TCGA-A8-A08Z-01A-21R-A00Z-07,0.8218119972242838,1
TCGA-A2-A0YD-01A-11R-A109-07,0.8710749042606113,1
TCGA-A7-A3J1-01A-11R-A213-07,0.7646486832210759,1
TCGA-BH-A1FD-01A-11R-A13Q-07,0.7468510319977406,1
TCGA-A2-A0D1-01A-11R-A034-07,0.3572414504789103,0
TCGA-BH-A0BL-01A-11R-A115-07,0.898567631727777,1
TCGA-E2-A1IH-01A-11R-A13Q-07,0.807109646794519,1
TCGA-AR-A0TU-01A-31R-A109-07,0.3742274004383028,1
TCGA-AC-A2FG-01A-11R-A17B-07,0.8850745822579397,1
TCGA-GM-A4E0-01A-12R-A266-07,0.4804143872541132,0
TCGA-AC-A3W7-01A-11R-A22K-07,0.6343187179440735,1
TCGA-A8-A083-01A-21R-A00Z-07,0.7836947208788395,1
TCGA-A2-A0EN-01A-13R-A084-07,0.9217877331785378,1
TCGA-D8-A1Y0-01A-11R-A14M-07,0.8135541408900713,0
TCGA-AR-A1AK-01A-21R-A12P-07,0.8425237238876934,1
TCGA-AC-A7VC-01A-11R-A352-07,0.3081893301505265,1
TCGA-A7-A0CJ-01A-21R-A00Z-07,0.4373628771318999,1
TCGA-AO-A03U-01B-21R-A10J-07,0.632757291699362,1
TCGA-E2-A2P5-01A-11R-A19W-07,0.44030630187971415,1
TCGA-E2-A15S-01A-11R-A115-07,0.4334343975691264,1
TCGA-A1-A0SJ-01A-11R-A084-07,0.5437299742519636,0
TCGA-A2-A04N-01A-11R-A115-07,0.8986506649583783,1
TCGA-B6-A401-01A-11R-A239-07,0.41966108714821415,0
TCGA-D8-A1JU-01A-11R-A13Q-07,0.8470122585725267,1
TCGA-B6-A40B-01A-11R-A239-07,0.58226636871333,1
TCGA-LD-A9QF-01A-32R-A41B-07,0.5151898888221641,0
TCGA-AO-A03T-01A-21R-A034-07,0.42031798765363265,0
TCGA-E9-A3Q9-01A-11R-A21T-07,0.6775010104164565,0
TCGA-D8-A1JP-01A-11R-A13Q-07,0.6576283335263372,1
TCGA-BH-A18I-01A-11R-A12D-07,0.8440966228951974,1
TCGA-BH-A28Q-01A-11R-A16F-07,0.8143333895630035,1
TCGA-EW-A1OW-01A-21R-A144-07,0.8907656194703462,1
TCGA-BH-A18R-01A-11R-A12D-07,0.7298691979538523,1
TCGA-AO-A0J8-01A-21R-A034-07,0.8500418183924031,0
TCGA-AC-A3BB-01A-21R-A19W-07,0.8405145195582092,0
TCGA-E9-A247-01A-11R-A169-07,0.5300097693122555,1
TCGA-D8-A73U-01A-11R-A33J-07,0.6949715451579445,0
TCGA-BH-A18V-01A-11R-A12D-07,0.5798168522918787,1
TCGA-BH-A0C1-01B-11R-A12D-07,0.7262965002765066,0
TCGA-AC-A3W6-01A-12R-A22K-07,0.7261599958720177,1
TCGA-BH-A1FR-01A-11R-A13Q-07,0.6947399349105486,1
TCGA-A2-A1G0-01A-11R-A13Q-07,0.7294529465196968,0
TCGA-BH-A0DQ-01A-11R-A084-07,0.9125593800812951,1
TCGA-A2-A0ER-01A-21R-A034-07,0.6780151159279588,1
TCGA-D8-A27P-01A-11R-A16F-07,0.8311432568543907,1
TCGA-B6-A1KN-01A-11R-A13Q-07,0.867688283349071,1
TCGA-E9-A228-01A-31R-A157-07,0.6769728348925518,1
TCGA-BH-A0B2-01A-11R-A10J-07,0.8953545337134006,1
TCGA-B6-A0X4-01A-11R-A109-07,0.6809833646807896,0
TCGA-BH-A1EY-01A-11R-A13Q-07,0.7524684583769594,1
TCGA-BH-A0HX-01A-21R-A056-07,0.8196640409656225,1
TCGA-A8-A094-01A-11R-A00Z-07,0.7801304423819382,1
TCGA-AO-A1KR-01A-12R-A144-07,0.16504468742347364,0
TCGA-A2-A0CV-01A-31R-A115-07,0.8342797851434323,1
TCGA-A8-A076-01A-21R-A00Z-07,0.8759112000858634,1
TCGA-E9-A1RE-01A-11R-A157-07,0.6343426146016767,1
TCGA-S3-A6ZG-01A-22R-A32P-07,0.6444382579062473,1
TCGA-A8-A06Z-01A-11R-A00Z-07,0.6023259304927658,1
TCGA-BH-A8FZ-01A-11R-A352-07,0.7540094721147819,1
TCGA-LL-A440-01A-11R-A24H-07,0.6111534343619929,1
TCGA-E9-A249-01A-11R-A169-07,0.8507322192378995,1
TCGA-PL-A8LX-01A-11R-A41B-07,0.3764848551370031,1
TCGA-E2-A1L8-01A-11R-A13Q-07,0.6413638149923319,1
TCGA-EW-A6SD-01A-12R-A33J-07,0.8147296263826844,1
TCGA-AO-A0JL-01A-11R-A056-07,0.5907014839126709,1
TCGA-MS-A51U-01A-31R-A266-07,0.8932279710828981,1
TCGA-BH-A0E7-01A-11R-A034-07,0.7182133577977154,1
TCGA-E9-A22G-01A-11R-A157-07,0.43123133220902116,1
TCGA-A8-A08R-01A-11R-A034-07,0.8457416298580395,1
TCGA-A2-A4S1-01A-21R-A266-07,0.5211659886670981,1
TCGA-E2-A1II-01A-11R-A144-07,0.763730291919123,1
TCGA-A7-A3J0-01A-11R-A213-07,0.7496229148959197,0
TCGA-BH-A0B8-01A-21R-A056-07,0.6044736852764164,0
TCGA-AR-A24L-01A-11R-A169-07,0.6752676994331416,1
TCGA-EW-A1J3-01A-11R-A13Q-07,0.46958170851769876,1
TCGA-AR-A5QM-01A-11R-A27Q-07,0.7567439279598853,1
TCGA-AO-A1KS-01A-11R-A13Q-07,0.21551967256843824,1
TCGA-D8-A1JI-01A-11R-A13Q-07,0.5471374307651494,1
TCGA-A8-A09N-01A-11R-A00Z-07,0.748007583400496,1
TCGA-BH-A203-01A-12R-A169-07,0.7989105887947314,1
TCGA-AR-A2LQ-01A-22R-A18M-07,0.7149027077283954,1
TCGA-AR-A251-01A-12R-A169-07,0.38797645590467744,1
TCGA-BH-A18J-01A-11R-A12D-07,0.8333327793749763,1
TCGA-D8-A1XM-01A-21R-A14M-07,0.8829104702087561,1
TCGA-BH-A0HA-01A-11R-A12P-07,0.7689893783549725,1
TCGA-AR-A0U2-01A-11R-A109-07,0.5562798294036673,1
TCGA-E2-A1B1-01A-21R-A12P-07,0.6966027547243115,1
TCGA-AC-A62X-01A-11R-A29R-07,0.43179467910173397,0
TCGA-A7-A5ZW-01A-12R-A29R-07,0.941834833055902,1
TCGA-BH-A28O-01A-11R-A22K-07,0.5396818306540832,1
TCGA-D8-A1XQ-01A-11R-A14M-07,0.70575448900619,0
TCGA-E9-A248-01A-11R-A169-07,0.6753705091843969,1
TCGA-A8-A07E-01A-11R-A034-07,0.803126971392646,1
TCGA-AC-A23E-01A-11R-A157-07,0.8732425679399253,1
TCGA-E9-A1N4-01A-11R-A14M-07,0.562862332269066,1
TCGA-E2-A15H-01A-11R-A12D-07,0.6373767762764787,0
TCGA-E2-A1IJ-01A-11R-A144-07,0.8854492086963166,1
TCGA-D8-A1XR-01A-11R-A14M-07,0.7670208727119608,1
TCGA-A8-A075-01A-11R-A084-07,0.8684331181942778,1
TCGA-A8-A06U-01A-11R-A00Z-07,0.502885296713949,0
TCGA-B6-A0X7-01A-11R-A10J-07,0.7695874858837422,1
TCGA-AQ-A04J-01A-02R-A034-07,0.8590051604836815,1
TCGA-A2-A0CQ-01A-21R-A034-07,0.5575701941361193,1
TCGA-A8-A07F-01A-11R-A00Z-07,0.544267025896083,1
TCGA-A8-A082-01A-11R-A00Z-07,0.7577319140924396,1
TCGA-AN-A0XT-01A-11R-A109-07,0.5449602270255697,1
TCGA-AR-A24X-01A-11R-A169-07,0.7294085237162083,0
TCGA-A2-A04Y-01A-21R-A034-07,0.7940484604842067,1
TCGA-A2-A1G4-01A-11R-A13Q-07,0.7496936617718667,1
TCGA-B6-A0IE-01A-11R-A034-07,0.16366566071745123,1
TCGA-A8-A079-01A-21R-A00Z-07,0.5329851497868143,1
TCGA-E2-A15E-01A-11R-A12D-07,0.8306180607966248,1
TCGA-E9-A1R3-01A-31R-A14M-07,0.8468110534860159,1
TCGA-AR-A0TT-01A-31R-A084-07,0.8936088964156602,0
TCGA-S3-AA0Z-01A-11R-A41B-07,0.8302985242221875,1
TCGA-BH-A0E1-01A-11R-A056-07,0.7982105699860146,1
TCGA-AC-A23G-01A-11R-A213-07,0.6482331059716294,1
TCGA-GM-A3XG-01A-31R-A24H-07,0.5179445170518818,1
TCGA-AR-A1AM-01A-41R-A22K-07,0.7541134710426728,0
TCGA-E9-A1N5-01A-11R-A14D-07,0.8406344335962153,1
TCGA-A2-A3XX-01A-21R-A239-07,0.6815155054208304,1
TCGA-BH-A0BQ-01A-21R-A115-07,0.8444935033299928,1
TCGA-EW-A1P7-01A-21R-A144-07,0.33953900644817586,1
TCGA-BH-A5IZ-01A-11R-A27Q-07,0.6456410123323137,1
TCGA-D8-A1X7-01A-11R-A14M-07,0.7759763357643077,0
TCGA-BH-A0DP-01A-21R-A056-07,0.9329463006303291,1
TCGA-AC-A7VB-01A-11R-A352-07,0.47063279870667585,0
TCGA-A2-A0ST-01A-12R-A084-07,0.9188487068271245,1
TCGA-A2-A0ES-01A-11R-A115-07,0.7787024637682957,1
TCGA-BH-A0DT-01A-21R-A12D-07,0.8834314679959715,1
TCGA-AN-A0AR-01A-11R-A00Z-07,0.622184472885922,1
TCGA-A2-A0YJ-01A-11R-A109-07,0.5411378551060139,0
TCGA-D8-A4Z1-01A-21R-A266-07,0.7375664970968648,0
TCGA-AO-A0JC-01A-11R-A056-07,0.3417378189248189,1
TCGA-A2-A04Q-01A-21R-A034-07,0.8900198687755331,0
TCGA-GM-A2DF-01A-11R-A180-07,0.8536331533459227,1
TCGA-GM-A2DI-01A-31R-A18M-07,0.7551007878377054,1
TCGA-LL-A5YO-01A-21R-A28M-07,0.5385040065722402,0
TCGA-EW-A3E8-01B-11R-A24H-07,0.575648646434982,0
TCGA-BH-A0E9-01B-11R-A115-07,0.855548465910014,1
TCGA-AR-A1AH-01A-11R-A12D-07,0.4978108659563572,1
TCGA-E2-A10A-01A-21R-A115-07,0.7785291125868062,1
TCGA-C8-A1HF-01A-11R-A137-07,0.7166578664428149,1
TCGA-A7-A13H-01A-11R-A22K-07,0.723875082581614,1
TCGA-A7-A13F-01A-11R-A12P-07,0.7489160477187808,1
TCGA-D8-A1XV-01A-11R-A14M-07,0.5521775856770519,0
TCGA-E2-A574-01A-11R-A29R-07,0.4114035615576612,1
TCGA-GM-A5PV-01A-11R-A28M-07,0.6937989092738083,1
TCGA-EW-A1PB-01A-11R-A144-07,0.4316772915673323,0
TCGA-E2-A1IO-01A-11R-A144-07,0.797876780456952,1
TCGA-B6-A0RH-01A-21R-A115-07,0.8397458220200195,1
TCGA-BH-A0B7-01A-12R-A115-07,0.9388944524617236,1
TCGA-C8-A137-01A-11R-A115-07,0.6091102202904336,0
TCGA-LL-A8F5-01A-11R-A36F-07,0.4567169225960158,1
TCGA-AQ-A0Y5-01A-11R-A14M-07,0.6113831943640978,1
TCGA-D8-A13Z-01A-11R-A115-07,0.6837918318364723,0
TCGA-A2-A4RX-01A-11R-A266-07,0.8892139236024684,1
TCGA-AR-A24U-01A-11R-A169-07,0.7687424481065508,1
TCGA-E2-A105-01A-11R-A10J-07,0.6517860890611299,1
TCGA-C8-A1HN-01A-11R-A137-07,0.7291989342256765,1
TCGA-BH-A18S-01A-11R-A12D-07,0.608754220707245,1
TCGA-E2-A14Q-01A-11R-A12D-07,0.8985780021844705,1
TCGA-A7-A0DA-01A-31R-A115-07,0.8090988133681736,1
TCGA-EW-A1P4-01A-21R-A144-07,0.6755080018226298,1
TCGA-A8-A081-01A-11R-A00Z-07,0.8939952653443684,1
TCGA-BH-A0E0-01A-11R-A056-07,0.7712406615016493,1
TCGA-OL-A66N-01A-12R-A31O-07,0.21235253515030716,0
TCGA-E2-A2P6-01A-11R-A19W-07,0.31712258901586143,0
TCGA-BH-A0DK-01A-21R-A056-07,0.6784763807136189,1
TCGA-E9-A5UO-01A-11R-A28M-07,0.40964311261191527,1
TCGA-D8-A1JC-01A-11R-A13Q-07,0.9361908967305564,1
TCGA-C8-A134-01A-11R-A115-07,0.6827627078729839,1
TCGA-A2-A3XT-01A-11R-A22U-07,0.5150170380540924,1
TCGA-AR-A256-01A-11R-A169-07,0.5893351749260737,1
TCGA-D8-A1JL-01A-11R-A13Q-07,0.824320281753538,1
TCGA-E9-A24A-01A-11R-A169-07,0.6686495856006912,1
TCGA-A2-A3XZ-01A-42R-A239-07,0.6684968240644215,1
TCGA-BH-A0BF-01A-21R-A12P-07,0.9368402157200448,1
TCGA-D8-A27F-01A-11R-A16F-07,0.5310913468350854,1
TCGA-A2-A0CY-01A-12R-A034-07,0.3576391195292803,1
TCGA-D8-A27E-01A-11R-A16F-07,0.5866428773571704,0
TCGA-A2-A0EP-01A-52R-A22U-07,0.5790386749921841,1
TCGA-GI-A2C8-01A-11R-A16F-07,0.7126644570966347,1
TCGA-A8-A099-01A-11R-A00Z-07,0.3941339359670202,0
TCGA-A2-A04U-01A-11R-A115-07,0.29164567550520254,1
TCGA-BH-A0HP-01A-12R-A084-07,0.8372590535040103,1
TCGA-EW-A2FV-01A-11R-A17B-07,0.7523530605405171,1
TCGA-A2-A0CR-01A-11R-A22K-07,0.21652050933668274,1
TCGA-BH-A0DS-01A-11R-A056-07,0.6959586569744663,1
TCGA-D8-A1XC-01A-11R-A14D-07,0.46144214094139535,1
TCGA-E2-A14O-01A-31R-A115-07,0.27811943803113537,1
TCGA-A1-A0SF-01A-11R-A144-07,0.8437690527020622,1
TCGA-A8-A06X-01A-21R-A00Z-07,0.7213836662806457,1
TCGA-BH-A0HI-01A-11R-A084-07,0.8219663367419606,1
TCGA-E2-A14U-01A-11R-A22K-07,0.6994455246419464,1
TCGA-E2-A15A-01A-11R-A12D-07,0.9125941977461044,0
TCGA-A2-A1G6-01A-11R-A13Q-07,0.6948275294690248,1
TCGA-B6-A1KC-01B-11R-A157-07,0.46456061458510634,1
TCGA-OL-A5RZ-01A-11R-A28M-07,0.262433934441522,1
TCGA-A8-A07I-01A-11R-A00Z-07,0.7833489930311182,0
TCGA-A2-A0T0-01A-22R-A084-07,0.6196842491274092,1
TCGA-BH-A42V-01A-11R-A24H-07,0.8191498457291779,1
TCGA-GM-A3XN-01A-12R-A22U-07,0.6711455142573972,1
TCGA-D8-A3Z6-01A-11R-A239-07,0.6398626947825578,1
TCGA-B6-A0IQ-01A-11R-A034-07,0.5735968325044538,1
TCGA-A8-A095-01A-11R-A00Z-07,0.9427809608603853,1
TCGA-AO-A125-01A-11R-A10J-07,0.37095003197957743,1
TCGA-EW-A6SA-01A-21R-A32P-07,0.43361222363390345,0
TCGA-BH-A0DD-01A-31R-A12P-07,0.7930905948659029,1
TCGA-AO-A0J3-01A-11R-A034-07,0.2902057072755408,0
TCGA-A2-A3XS-01A-11R-A22U-07,0.8322904236609129,0
TCGA-AC-A8OR-01A-21R-A41B-07,0.5764127554826959,1
TCGA-BH-A0HK-01A-11R-A056-07,0.7999659937409058,1
TCGA-E2-A1IG-01A-11R-A144-07,0.7072549228896183,1
TCGA-AO-A12B-01A-11R-A10J-07,0.5037889330888032,1
TCGA-EW-A1J5-01A-11R-A13Q-07,0.7649030664271768,1
TCGA-C8-A12Q-01A-11R-A115-07,0.818430940833128,1
TCGA-A2-A0EQ-01A-11R-A034-07,0.5157755065203522,0
TCGA-GM-A3XL-01A-11R-A22U-07,0.6987850743129334,1
TCGA-BH-A1EU-01A-11R-A137-07,0.5525295057628726,1
TCGA-BH-A0RX-01A-21R-A084-07,0.8014581207020667,1
TCGA-E9-A1RF-01A-11R-A157-07,0.7082157618198974,1
TCGA-AC-A2QI-01A-12R-A19W-07,0.886282457293344,1
TCGA-A8-A090-01A-11R-A00Z-07,0.5748982415740037,0
TCGA-AR-A5QQ-01A-11R-A28M-07,0.5672149772394237,1
TCGA-XX-A899-01A-11R-A36F-07,0.9003077008195784,1
TCGA-E2-A156-01A-11R-A12D-07,0.696162139637974,1
TCGA-AN-A04C-01A-21R-A034-07,0.42888313588738575,0
TCGA-AN-A0AT-01A-11R-A034-07,0.5858533665180043,1
TCGA-UL-AAZ6-01A-11R-A41B-07,0.3102417573564379,1
TCGA-D8-A1X9-01A-12R-A157-07,0.6217779680851695,1
TCGA-E9-A22E-01A-11R-A157-07,0.825619980380857,1
TCGA-BH-A1FB-01A-11R-A13Q-07,0.7739683118634239,1
TCGA-C8-A8HR-01A-11R-A36F-07,0.8759581282614183,1
TCGA-EW-A2FR-01A-11R-A21T-07,0.9641821740276401,1
TCGA-AN-A0AJ-01A-11R-A00Z-07,0.6411948572262764,1
TCGA-LD-A7W6-01A-81R-A352-07,0.8490100076247843,1
TCGA-BH-A0B6-01A-11R-A19W-07,0.5679789415371065,1
TCGA-AR-A252-01A-11R-A169-07,0.6174808917555299,1
TCGA-AR-A254-01A-21R-A169-07,0.855029259580157,1
TCGA-AO-A03P-01A-11R-A00Z-07,0.7876252885079512,1
TCGA-A8-A07O-01A-11R-A00Z-07,0.50571117054022,0
TCGA-EW-A1PE-01A-11R-A144-07,0.8487583974721,0
TCGA-AR-A2LL-01A-11R-A180-07,0.9546149732643276,1
TCGA-A7-A26H-01A-11R-A169-07,0.727546327282779,1
TCGA-C8-A26Z-01A-11R-A16F-07,0.8153586662459434,1
TCGA-AO-A0J9-01A-11R-A034-07,0.4703791164066001,1
TCGA-EW-A1PF-01A-11R-A144-07,0.8334494351584509,1
TCGA-A2-A25F-01A-11R-A169-07,0.8206400343770172,1
TCGA-D8-A73W-01A-22R-A352-07,0.6218045016945021,1
TCGA-AR-A2LJ-01A-12R-A19W-07,0.36891554563058016,0
TCGA-A8-A07C-01A-11R-A034-07,0.3493955603656215,1
TCGA-E9-A245-01A-22R-A16F-07,0.5848106386927352,0
TCGA-B6-A408-01A-12R-A24H-07,0.4821220383918573,0
TCGA-AR-A255-01A-11R-A169-07,0.7926890727784186,0
TCGA-E2-A1L6-01A-11R-A13Q-07,0.8668034169334993,0
TCGA-E9-A295-01A-11R-A16F-07,0.7804362544063586,1
TCGA-BH-A1FE-01A-11R-A13Q-07,0.5004544911699782,0
TCGA-BH-A1FM-01A-11R-A13Q-07,0.2035933869991052,0
TCGA-OL-A5RU-01A-11R-A28M-07,0.6796463347328041,1
TCGA-C8-A1HO-01A-11R-A13Q-07,0.29740374515489687,0
TCGA-GM-A2DO-01A-11R-A18M-07,0.43743770957354183,0
TCGA-AN-A0FZ-01A-11R-A034-07,0.6635503764039655,1
TCGA-D8-A1JN-01A-11R-A13Q-07,0.26389007148082194,1
TCGA-OL-A6VO-01A-12R-A33J-07,0.6953970011311411,0
TCGA-AN-A0FV-01A-11R-A00Z-07,0.7917823040499966,1
TCGA-D8-A1J9-01A-11R-A13Q-07,0.6911036722053934,1
TCGA-B6-A0IB-01A-11R-A034-07,0.5150035683885787,1
TCGA-A8-A06R-01A-11R-A00Z-07,0.4817918367274151,0
TCGA-AR-A24H-01A-11R-A169-07,0.5861919722845161,1
TCGA-E2-A109-01A-11R-A10J-07,0.745420727350697,1
TCGA-AR-A5QN-01A-12R-A28M-07,0.8952751166863032,1
TCGA-A2-A0EX-01A-21R-A034-07,0.8774753137050615,1
TCGA-C8-A12N-01A-11R-A115-07,0.9102317261077743,1
TCGA-A2-A259-01A-11R-A16F-07,0.7946584732923662,1
TCGA-AO-A12A-01A-21R-A115-07,0.9257871794425526,0
TCGA-A7-A3RF-01A-11R-A22K-07,0.3662630665465104,1
TCGA-AN-A0FS-01A-11R-A034-07,0.8713994840590875,1
TCGA-C8-A26W-01A-11R-A16F-07,0.9354641928932218,1
TCGA-E9-A1RC-01A-11R-A157-07,0.5321925376242108,1
TCGA-E2-A1B0-01A-11R-A12P-07,0.7004625510982684,1
TCGA-AO-A126-01A-11R-A10J-07,0.44271003686612814,1
TCGA-AC-A4ZE-01A-11R-A41B-07,0.5147507000780986,0
TCGA-E9-A229-01A-31R-A157-07,0.8947853082347923,1
TCGA-EW-A1P1-01A-31R-A14D-07,0.6360763279528595,0
TCGA-BH-AB28-01A-31R-A41B-07,0.7702737360267107,1
TCGA-A8-A08P-01A-11R-A00Z-07,0.7125485529087955,0
TCGA-EW-A1IX-01A-12R-A144-07,0.638240691831874,0
TCGA-LL-A73Z-01A-11R-A32P-07,0.7859117283333814,0
TCGA-E9-A1R7-01A-11R-A14M-07,0.3130371038704471,1
TCGA-BH-A1F2-01A-31R-A13Q-07,0.38407745779779684,0
TCGA-A8-A0A6-01A-12R-A056-07,0.9011635944838348,1
TCGA-A1-A0SE-01A-11R-A084-07,0.9099781663557307,1
TCGA-E9-A1NG-01A-21R-A14M-07,0.8282603506762203,1
TCGA-B6-A1KF-01A-11R-A13Q-07,0.5342869221435571,1
TCGA-BH-A0EE-01A-11R-A034-07,0.3285471209752947,1
TCGA-BH-A0BD-01A-11R-A034-07,0.8455148287351741,1
TCGA-OL-A5RY-01A-21R-A28M-07,0.7885547112169332,1
TCGA-E9-A1RD-01A-11R-A157-07,0.7144430265668114,1
TCGA-AR-A24K-01A-11R-A169-07,0.7452183016989024,1
TCGA-BH-A0BP-01A-11R-A115-07,0.7202531484529731,1
TCGA-C8-A130-01A-31R-A115-07,0.6379142730675145,1
TCGA-B6-A0RG-01A-11R-A056-07,0.5810907298256827,1
TCGA-E9-A1NA-01A-11R-A144-07,0.7491400296751174,1
TCGA-A8-A0A2-01A-11R-A034-07,0.7184786232834789,0
TCGA-E2-A14V-01A-11R-A12D-07,0.8356548641356475,0
TCGA-E2-A1LL-01A-11R-A144-07,0.6657047795569904,1
TCGA-AR-A24M-01A-11R-A169-07,0.6303030150189028,1
TCGA-A8-A0AB-01A-11R-A034-07,0.2797861255961052,1
TCGA-C8-A1HL-01A-11R-A137-07,0.59780516250158,1
TCGA-OL-A66P-01A-11R-A31O-07,0.09888633704749772,0
TCGA-OL-A66K-01A-11R-A29R-07,0.636069801051313,1
TCGA-BH-A0HF-01A-11R-A056-07,0.8389602397925864,1
TCGA-AN-A03X-01A-21R-A00Z-07,0.6496268238189409,1
TCGA-A2-A1FV-01A-11R-A13Q-07,0.22833912656309768,1
TCGA-E9-A3HO-01A-11R-A213-07,0.4268215855497308,1
TCGA-A2-A0YE-01A-11R-A109-07,0.7707675354348538,1
TCGA-A1-A0SP-01A-11R-A084-07,0.6049938118109165,1
TCGA-AO-A0J7-01A-11R-A034-07,0.5091133885609487,1
TCGA-C8-A3M7-01A-12R-A21T-07,0.7116828428794904,1
TCGA-A2-A0YG-01A-21R-A109-07,0.6913710817956151,1
TCGA-E2-A14Y-01A-21R-A12D-07,0.4842481606684846,1
TCGA-EW-A424-01A-11R-A24H-07,0.5522282643542471,1
TCGA-D8-A141-01A-11R-A115-07,0.8667870327065725,1
TCGA-C8-A1HJ-01A-11R-A13Q-07,0.3250416534873141,1
TCGA-C8-A12O-01A-11R-A115-07,0.754269800807832,0
TCGA-LL-A442-01A-11R-A24H-07,0.6778077643380107,1
TCGA-C8-A12Z-01A-11R-A115-07,0.7124416838051203,1
TCGA-EW-A1OX-01A-11R-A144-07,0.3993897348895053,0
TCGA-E9-A1RG-01A-11R-A14D-07,0.6773379216421455,1
TCGA-AQ-A1H2-01A-11R-A13Q-07,0.7213162150954183,0
TCGA-AR-A24Q-01A-12R-A169-07,0.8824975393148158,1
TCGA-A8-A09K-01A-11R-A00Z-07,0.4274506500666959,1
TCGA-BH-A0W7-01A-11R-A115-07,0.7850953687271816,1
TCGA-BH-A0H0-01A-11R-A056-07,0.4461822261060776,0
TCGA-AO-A0JD-01A-11R-A056-07,0.399549951667066,1
TCGA-A2-A4RW-01A-21R-A266-07,0.7800691414950541,1
TCGA-C8-A12U-01A-11R-A115-07,0.40260702053420766,1
TCGA-C8-A12V-01A-11R-A115-07,0.8695967393100751,1
TCGA-E9-A1NC-01A-21R-A26B-07,0.7936081489975144,1
TCGA-AO-A12G-01A-11R-A10J-07,0.7697396769227054,0
TCGA-S3-AA11-01A-31R-A41B-07,0.7622220345209243,1
TCGA-BH-A0HQ-01A-11R-A034-07,0.8966787543020364,1
TCGA-AO-A03L-01A-41R-A056-07,0.5837386196143222,1
TCGA-C8-A1HM-01A-12R-A137-07,0.5298327156085,1
TCGA-D8-A146-01A-31R-A115-07,0.8278584276520208,0
TCGA-A2-A0EV-01A-11R-A034-07,0.833004544612805,1
TCGA-E2-A154-01A-11R-A115-07,0.8610605439506722,1
TCGA-E2-A1LE-01A-12R-A19W-07,0.645589669586724,1
TCGA-E9-A1R5-01A-11R-A14M-07,0.7622728735031774,1
TCGA-AC-A3EH-01A-22R-A22K-07,0.5402456965642927,1
TCGA-C8-A12Y-01A-11R-A12D-07,0.48252968530565843,1
TCGA-BH-A0E2-01A-11R-A056-07,0.6117805519298719,0
TCGA-D8-A1XG-01A-11R-A14D-07,0.597616440456816,1
TCGA-OL-A5DA-01A-11R-A27Q-07,0.6759961882441291,1
TCGA-AC-A3HN-01A-11R-A213-07,0.9237115611301152,1
TCGA-B6-A0RP-01A-21R-A084-07,0.9078529467637757,1
TCGA-3C-AALI-01A-11R-A41B-07,0.7160696082124288,1
TCGA-D8-A1Y2-01A-11R-A157-07,0.8372436996566599,0
TCGA-S3-AA15-01A-11R-A41B-07,0.8723895551143541,1
TCGA-BH-A0W5-01A-11R-A109-07,0.9216673564104793,1
TCGA-A8-A097-01A-11R-A034-07,0.5300711858580311,1
TCGA-AO-A12D-01A-11R-A115-07,0.7568887903953826,1
TCGA-AN-A04A-01A-21R-A034-07,0.6159450211400116,1
TCGA-E2-A1B4-01A-11R-A12P-07,0.46168846151803544,1
TCGA-A8-A09R-01A-11R-A00Z-07,0.925083250551335,1
TCGA-XX-A89A-01A-11R-A36F-07,0.7344325142598728,1
TCGA-AR-A24O-01A-11R-A169-07,0.743607304314411,1
TCGA-E2-A1LG-01A-21R-A14M-07,0.7486439842280493,1
TCGA-AC-A8OS-01A-12R-A41B-07,0.6948631448918172,1
TCGA-HN-A2NL-01A-11R-A18M-07,0.42752634757956004,0
TCGA-E9-A1N6-01A-11R-A144-07,0.7846616718064929,0
TCGA-E2-A10C-01A-21R-A10J-07,0.41933612040267615,1
TCGA-BH-A0AU-01A-11R-A12P-07,0.8826583843976844,0
TCGA-A2-A0EW-01A-21R-A115-07,0.8503481134875682,1
TCGA-A8-A07B-01A-11R-A00Z-07,0.4688765595243481,1
TCGA-E2-A15K-01A-11R-A12P-07,0.7679910379326317,1
TCGA-EW-A6S9-01A-22R-A33J-07,0.6459385344615115,0
TCGA-AC-A3W5-01A-11R-A22K-07,0.8880206653907898,1
TCGA-BH-A0AV-01A-31R-A115-07,0.6840970517593467,1
TCGA-A2-A0T7-01A-21R-A084-07,0.887942358876646,0
TCGA-AO-A03V-01A-11R-A115-07,0.7396936351423287,1
TCGA-BH-A0DZ-01A-11R-A00Z-07,0.630991663131051,1
TCGA-AN-A041-01A-11R-A034-07,0.735686225775648,0
TCGA-B6-A0I5-01A-11R-A034-07,0.31214312096965635,1
TCGA-BH-A0BM-01A-11R-A056-07,0.7047892709738256,1
TCGA-BH-A0GZ-01A-11R-A056-07,0.6483287344137586,1
TCGA-LL-A5YN-01A-11R-A28M-07,0.2424926079593619,1
TCGA-B6-A0RM-01A-11R-A084-07,0.4646454722739499,0
TCGA-A2-A4S3-01A-21R-A266-07,0.6224589933655484,1
TCGA-BH-A201-01A-11R-A14M-07,0.8027684178935119,1
TCGA-A2-A0SV-01A-11R-A084-07,0.675669364197486,0
TCGA-A8-A07L-01A-11R-A00Z-07,0.6589206033325871,1
TCGA-AR-A2LN-01A-21R-A18M-07,0.8013416453474409,0
TCGA-C8-A278-01A-11R-A169-07,0.562187830652465,1
TCGA-A2-A0CM-01A-31R-A034-07,0.8416958332710579,1
TCGA-C8-A1HE-01A-11R-A13Q-07,0.8058423753822753,1
TCGA-LL-A7T0-01A-31R-A352-07,0.4198863974997611,0
TCGA-B6-A0WT-01A-11R-A109-07,0.7483543442309455,1
TCGA-OL-A5D6-01A-21R-A27Q-07,0.5409419614818596,1
TCGA-E2-A14S-01A-11R-A12D-07,0.6918077455242657,0
TCGA-AQ-A1H3-01A-31R-A13Q-07,0.8625054685761955,1
TCGA-BH-A1F8-01A-11R-A13Q-07,0.35014834045291615,1
TCGA-A8-A0AD-01A-11R-A056-07,0.7791698368543998,1
TCGA-GM-A2DA-01A-11R-A18M-07,0.6164661710531798,1
TCGA-A2-A0T5-01A-21R-A084-07,0.8318597105417883,1
TCGA-A8-A09M-01A-11R-A00Z-07,0.8785488511912478,1
TCGA-B6-A0X1-01A-11R-A109-07,0.5391246281865416,0
TCGA-AN-A0XU-01A-11R-A109-07,0.7540420376193783,1
TCGA-BH-A1EV-01A-11R-A137-07,0.85339502366031,1
TCGA-EW-A1OZ-01A-11R-A144-07,0.8351393260500498,1
TCGA-C8-A12X-01A-11R-A115-07,0.303445149644169,1
TCGA-JL-A3YX-01A-11R-A22U-07,0.45656231418967874,1
TCGA-OL-A5D7-01A-11R-A27Q-07,0.5021063686659324,1
TCGA-E2-A1IK-01A-11R-A144-07,0.5080630770267122,0
TCGA-A2-A0CW-01A-21R-A115-07,0.6469655153817125,0
TCGA-A2-A0ET-01A-31R-A034-07,0.42501787461499274,1
TCGA-B6-A400-01A-11R-A239-07,0.7290012417248418,1
