sample_id,score,y_member
TCGA-E2-A158-01A-11R-A12D-07,0.8481396961325126,1
TCGA-AO-A1KO-01A-31R-A13Q-07,0.5125719107390008,1
TCGA-AR-A0TX-01A-11R-A084-07,0.8655138645618603,1
TCGA-D8-A1XB-01A-11R-A14D-07,0.9303521308699391,1
TCGA-B6-A0IG-01A-11R-A034-07,0.5995315163913607,1
TCGA-AC-A5EH-01A-11R-A28M-07,0.8774189833909052,1
TCGA-LL-A7SZ-01A-32R-A352-07,0.08716293666195715,1
TCGA-A7-A26J-01A-11R-A169-07,0.6202992481329354,1
TCGA-E9-A22H-01A-11R-A157-07,0.656886778707833,1
TCGA-BH-A208-01A-11R-A157-07,0.5848876543199656,0
TCGA-BH-A6R9-01A-21R-A32P-07,0.31309105184825,1
TCGA-OL-A5S0-01A-11R-A28M-07,0.5924684623414126,1
TCGA-A1-A0SD-01A-11R-A115-07,0.90976161448983,1
TCGA-AO-A0JB-01A-11R-A32Y-07,0.47847604617058015,0
TCGA-E2-A1BD-01A-11R-A12P-07,0.7787684507160227,1
TCGA-AN-A0AS-01A-11R-A00Z-07,0.709277479329572,1
TCGA-A7-A13G-01A-11R-A13Q-07,0.18484553874776966,0
TCGA-B6-A0RS-01A-11R-A084-07,0.8046586397571431,1
TCGA-A2-A4S0-01A-21R-A266-07,0.48061520402987323,1
TCGA-BH-A1F5-01A-12R-A13Q-07,0.27224513976267367,1
TCGA-A2-A0CX-01A-21R-A00Z-07,0.846386574584185,1
TCGA-A7-A13D-01A-13R-A12P-07,0.8171359393949853,1
TCGA-AN-A03Y-01A-21R-A00Z-07,0.7853240589379475,1
TCGA-E9-A1ND-01A-11R-A144-07,0.7337893271821628,1
TCGA-EW-A1P5-01A-11R-A144-07,0.8680048361130013,1
TCGA-EW-A423-01A-11R-A24H-07,0.25072486726907556,1
TCGA-A7-A5ZV-01A-11R-A28M-07,0.6065148596625951,0
TCGA-C8-A8HP-01A-11R-A36F-07,0.6785621724434264,1
TCGA-AQ-A54O-01A-11R-A266-07,0.3256389903963507,1
TCGA-E9-A5FK-01A-11R-A27Q-07,0.42001633610439365,1
TCGA-D8-A142-01A-11R-A115-07,0.9376967105427728,1
TCGA-BH-A0BC-01A-22R-A084-07,0.8406815926141212,1
TCGA-A2-A0EY-01A-11R-A034-07,0.775385287747136,1
TCGA-D8-A1J8-01A-11R-A13Q-07,0.42749087944068104,1
TCGA-A8-A06Y-01A-21R-A00Z-07,0.5385960372262407,1
TCGA-EW-A1J1-01A-11R-A13Q-07,0.6140087946836272,1
TCGA-BH-A0C0-01A-21R-A056-07,0.7601701250958265,1
TCGA-AC-A2FK-01A-12R-A180-07,0.6078024374421018,1
TCGA-A2-A3XV-01A-21R-A239-07,0.15521302314933108,1
TCGA-BH-A0HB-01A-11R-A056-07,0.5214980252543543,0
TCGA-AN-A0XL-01A-11R-A10J-07,0.7828544913726383,1
TCGA-E2-A10B-01A-11R-A10J-07,0.6924710995369614,1
TCGA-A2-A04X-01A-21R-A034-07,0.7096323381361535,1
TCGA-AR-A1AN-01A-11R-A12P-07,0.7287506985732639,0
TCGA-A2-A0EM-01A-11R-A034-07,0.7755284111295401,1
TCGA-B6-A0WS-01A-11R-A115-07,0.8874643183057963,1
TCGA-D8-A1XD-01A-11R-A14D-07,0.7444739676760856,1
TCGA-A8-A091-01A-11R-A00Z-07,0.5079991968625782,1
TCGA-E9-A2JS-01A-11R-A180-07,0.7497133107664499,1
TCGA-A2-A1G1-01A-21R-A13Q-07,0.7392374982066429,0
TCGA-E9-A22B-01A-11R-A157-07,0.6925732595134804,1
TCGA-D8-A27G-01A-11R-A16F-07,0.7174939085124622,0
TCGA-A7-A13E-01A-11R-A12P-07,0.6782870764515043,1
TCGA-BH-A0AY-01A-21R-A00Z-07,0.8033128608907284,1
TCGA-E2-A1L7-01A-11R-A144-07,0.6442832568277845,1
TCGA-AN-A046-01A-21R-A034-07,0.7060878932580735,1
TCGA-AN-A0AL-01A-11R-A00Z-07,0.8191391501959742,1
TCGA-D8-A27K-01A-11R-A16F-07,0.6604549786594093,1
TCGA-BH-A0DO-01B-11R-A12D-07,0.8460543003813182,1
TCGA-A7-A4SB-01A-21R-A266-07,0.8497294623977353,1
TCGA-EW-A6SB-01A-12R-A32P-07,0.47070951661174126,1
TCGA-D8-A1JM-01A-11R-A13Q-07,0.5518172000470192,0
TCGA-OL-A66J-01A-11R-A29R-07,0.7606267974513706,1
TCGA-D8-A13Y-01A-11R-A115-07,0.4075294470615363,0
TCGA-AR-A24N-01A-11R-A169-07,0.7673205929353575,0
TCGA-BH-A0B1-01A-12R-A056-07,0.7819777174122283,1
TCGA-B6-A0RN-01A-12R-A084-07,0.8401898278251332,1
TCGA-A2-A0T1-01A-21R-A084-07,0.7616775200709743,0
TCGA-AN-A0AM-01A-11R-A034-07,0.753073940454044,1
TCGA-E2-A1LA-01A-11R-A144-07,0.8039076271148611,1
TCGA-JL-A3YW-01A-12R-A239-07,0.6411534340372645,1
TCGA-BH-A0H3-01A-11R-A12P-07,0.7320491472955615,1
TCGA-E2-A1IF-01A-11R-A144-07,0.6812231516737667,1
TCGA-C8-A26X-01A-31R-A16F-07,0.6853367382163684,1
TCGA-A8-A09B-01A-11R-A00Z-07,0.8761278009970719,1
TCGA-A7-A26G-01A-21R-A169-07,0.9239227603549565,1
TCGA-AC-A2FE-01A-11R-A19W-07,0.7816554485921335,1
TCGA-A8-A08G-01A-11R-A00Z-07,0.8538256025693629,1
TCGA-AN-A0FJ-01A-11R-A00Z-07,0.6513977821620662,0
TCGA-B6-A0RV-01A-11R-A084-07,0.9086780523479252,1
TCGA-B6-A0WV-01A-11R-A109-07,0.7957597821083227,1
TCGA-A8-A07P-01A-11R-A00Z-07,0.6698415580430257,1
TCGA-A8-A08H-01A-21R-A00Z-07,0.6543005706905315,1
TCGA-AR-A0TW-01A-11R-A084-07,0.2988840032736545,1
TCGA-E2-A15F-01A-11R-A115-07,0.7998915710225218,0
TCGA-B6-A0WX-01A-11R-A109-07,0.9388375402309375,1
TCGA-D8-A1Y1-01A-21R-A14M-07,0.9457182298539261,0
TCGA-E2-A14Z-01A-11R-A115-07,0.7758210076075961,1
TCGA-A2-A25A-01A-12R-A16F-07,0.8742440432360725,1
TCGA-A2-A0CT-01A-31R-A056-07,0.6058220148772476,1
TCGA-HN-A2OB-01A-21R-A27Q-07,0.9063425662897487,1
TCGA-B6-A0RT-01A-21R-A084-07,0.9172057443664182,0
TCGA-AR-A24T-01A-11R-A169-07,0.7892365319835393,1
TCGA-E9-A1R0-01A-22R-A16F-07,0.843841320015937,0
TCGA-E9-A5FL-01A-11R-A27Q-07,0.3059278433676425,0
TCGA-E2-A3DX-01A-21R-A213-07,0.7334907205271289,1
TCGA-E2-A14T-01A-11R-A115-07,0.668609644530738,0
TCGA-A2-A4RY-01A-31R-A266-07,0.5773912685518708,1
TCGA-AR-A2LK-01A-11R-A180-07,0.7703664372721586,0
TCGA-BH-A42U-01A-12R-A24H-07,0.3011812034665153,1
TCGA-AO-A12C-01A-11R-A10J-07,0.6677011514569628,1
TCGA-A2-A3XY-01A-11R-A239-07,0.7675101645961955,1
TCGA-D8-A73X-01A-11R-A32P-07,0.8858672011653282,1
TCGA-AR-A2LO-01A-31R-A18M-07,0.89722681964481,1
TCGA-AO-A0JJ-01A-11R-A056-07,0.8286865971574731,1
TCGA-LD-A74U-01A-13R-A33J-07,0.7874160363457208,1
TCGA-AN-A0XN-01A-21R-A109-07,0.8147576360370237,1
TCGA-E2-A107-01A-11R-A10J-07,0.44630414560701787,1
TCGA-A7-A6VV-01A-22R-A33J-07,0.7183439599170942,1
TCGA-AC-A5XS-01A-11R-A29R-07,0.6691201417179179,1
TCGA-BH-A0H6-01A-21R-A056-07,0.8148918943560622,1
TCGA-AC-A23C-01A-12R-A169-07,0.7032954062939965,0
TCGA-E9-A1NH-01A-11R-A14D-07,0.8019075327167605,1
TCGA-D8-A1XW-01A-11R-A14M-07,0.679846745112826,0
TCGA-AO-A0JG-01A-31R-A084-07,0.7541423552924762,1
TCGA-BH-A18N-01A-11R-A12D-07,0.6491055810986438,1
TCGA-A1-A0SO-01A-22R-A084-07,0.40218725219528584,1
TCGA-BH-A0B5-01A-11R-A12P-07,0.8355200380062194,1
TCGA-A8-A09T-01A-11R-A00Z-07,0.916036874368275,1
TCGA-BH-A0BR-01A-21R-A115-07,0.6515283884122645,0
TCGA-D8-A27W-01A-11R-A16F-07,0.45805716709456223,1
TCGA-BH-A0BW-01A-11R-A115-07,0.7324347440417153,1
TCGA-GM-A2DB-01A-31R-A18M-07,0.34664299665088455,1
TCGA-AC-A2QH-01A-11R-A18M-07,0.7458250049025724,0
TCGA-D8-A1JB-01A-11R-A13Q-07,0.845959239569171,0
TCGA-BH-A1ES-01A-11R-A137-07,0.6602747137623882,1
TCGA-OL-A97C-01A-32R-A41B-07,0.602658689754057,0
TCGA-A2-A0YF-01A-21R-A109-07,0.575818632300651,1
TCGA-D8-A1XS-01A-11R-A14M-07,0.8045364577184108,1
TCGA-D8-A140-01A-11R-A115-07,0.5425189904916067,1
TCGA-A8-A09Q-01A-11R-A00Z-07,0.801341126723756,0
TCGA-B6-A0I1-01A-11R-A21T-07,0.693764076036666,1
TCGA-AO-A0JE-01A-11R-A056-07,0.8206412193164299,0
TCGA-A2-A1FW-01A-11R-A13Q-07,0.4109957623731268,1
TCGA-D8-A1XY-01A-11R-A14M-07,0.8069847641262583,1
TCGA-A2-A04R-01A-41R-A109-07,0.6823593689115452,1
TCGA-A2-A1FX-01A-11R-A13Q-07,0.8702984551095786,1
TCGA-A8-A07W-01A-11R-A00Z-07,0.6493360888556274,1
TCGA-D8-A1XK-01A-21R-A14M-07,0.6770780631092451,1
TCGA-D8-A3Z5-01A-41R-A24H-07,0.43974911511678033,1
TCGA-LL-A5YM-01A-11R-A28M-07,0.10813379103514574,1
TCGA-B6-A0IJ-01A-11R-A034-07,0.213488043978499,1
TCGA-A8-A06N-01A-11R-A00Z-07,0.5281521874534041,1
TCGA-GM-A2DM-01A-11R-A180-07,0.6550553896152383,0
TCGA-E2-A15D-01A-11R-A115-07,0.6399057619701117,1
TCGA-B6-A1KI-01A-11R-A14M-07,0.7304484198676001,1
TCGA-D8-A1JS-01A-11R-A13Q-07,0.16395457021685392,0
TCGA-PE-A5DD-01A-12R-A27Q-07,0.3118552438032901,0
TCGA-BH-A0BG-01A-11R-A115-07,0.7550050400399702,0
TCGA-LL-A6FQ-01A-11R-A31O-07,0.09581896148019706,1
TCGA-E2-A1IN-01A-11R-A13Q-07,0.9228328524416234,1
TCGA-A8-A06T-01A-11R-A00Z-07,0.7041075337158501,0
TCGA-B6-A402-01A-11R-A239-07,0.6697442016059916,1
TCGA-E2-A9RU-01A-11R-A41B-07,0.3117888695609616,1
TCGA-A2-A3XW-01A-11R-A239-07,0.22023481232150163,0
TCGA-B6-A0RU-01A-11R-A084-07,0.8250382320535863,1
TCGA-A8-A086-01A-11R-A00Z-07,0.883814243847806,1
TCGA-B6-A40C-01A-11R-A239-07,0.5070896653990754,1
TCGA-D8-A1JF-01A-11R-A13Q-07,0.4616192027787319,1
TCGA-A2-A0T6-01A-11R-A084-07,0.7751188397923073,1
TCGA-BH-A1FG-01A-11R-A13Q-07,0.756399073880395,1
TCGA-GM-A3NY-01A-11R-A21T-07,0.24704608688001617,0
TCGA-AN-A0AK-01A-21R-A00Z-07,0.20686461209692478,0
TCGA-BH-A1FC-01A-11R-A13Q-07,0.5391308031034102,1
TCGA-E9-A227-01A-11R-A157-07,0.8214089549040723,1
TCGA-BH-A18P-01A-11R-A12D-07,0.9051917787065107,1
TCGA-E2-A15R-01A-11R-A115-07,0.2982131423747903,1
TCGA-BH-A0WA-01A-11R-A109-07,0.8353368870670416,1
TCGA-BH-A42T-01A-11R-A24H-07,0.6703529195853435,1
TCGA-AC-A23H-01A-11R-A157-07,0.7249353924141784,1
TCGA-OL-A66I-01A-21R-A29R-07,0.7854382953069221,1
TCGA-S3-AA17-01A-11R-A41B-07,0.7382239280208008,1
TCGA-AR-A1AL-01A-21R-A12P-07,0.8624530033628262,1
TCGA-AC-A2B8-01A-11R-A17B-07,0.8106756225394829,1
TCGA-D8-A1XO-01A-11R-A14M-07,0.7557120603026598,1
TCGA-C8-A26Y-01A-11R-A16F-07,0.6635407608419964,1
TCGA-BH-A0DG-01A-21R-A12P-07,0.8344415269404717,1
TCGA-E9-A243-01A-21R-A169-07,0.9103455248562318,1
TCGA-A2-A04W-01A-31R-A115-07,0.6345325907170314,0
TCGA-A8-A09G-01A-21R-A00Z-07,0.758521761943521,1
TCGA-BH-A0DI-01A-21R-A12P-07,0.8483335463398726,1
TCGA-E2-A152-01A-11R-A12D-07,0.9269290454056864,1
TCGA-AQ-A7U7-01A-22R-A352-07,0.5313932409703547,1
TCGA-BH-A0BZ-01A-31R-A12P-07,0.8541703078554507,0
TCGA-EW-A1OV-01A-11R-A144-07,0.8588032903863851,1
TCGA-A8-A0A7-01A-11R-A00Z-07,0.94339177521631,1
TCGA-BH-A1EN-01A-11R-A13Q-07,0.4754807009638657,0
TCGA-E2-A1IE-01A-11R-A13Q-07,0.6479221682070794,1
TCGA-BH-A0HW-01A-11R-A034-07,0.5190215294409198,1
TCGA-BH-A0BJ-01A-11R-A056-07,0.9046346293784621,1
TCGA-AO-A03N-01B-11R-A10J-07,0.49243616621456937,0
TCGA-EW-A1P3-01A-11R-A144-07,0.7358241216596665,0
TCGA-B6-A0I2-01A-11R-A034-07,0.5294716869921259,1
TCGA-EW-A1PD-01A-11R-A144-07,0.7755277382459443,1
TCGA-B6-A0IH-01A-11R-A115-07,0.8001629615076432,1
TCGA-E2-A15M-01A-11R-A12D-07,0.8478636651207943,1
TCGA-BH-A0H9-01A-11R-A056-07,0.7508129031250595,1
TCGA-BH-A0HL-01A-11R-A10U-07,0.451515812488902,1
TCGA-A8-A07G-01A-11R-A034-07,0.6302524877860526,0
TCGA-E2-A1IL-01A-11R-A14D-07,0.7369038595808226,1
TCGA-AR-A0U4-01A-11R-A109-07,0.6554445325542354,1
TCGA-D8-A147-01A-11R-A115-07,0.7187658179164671,1
TCGA-BH-A0HY-01A-11R-A056-07,0.6759639556215044,1
TCGA-D8-A1XT-01A-11R-A14M-07,0.7384970622051525,1
TCGA-E2-A14W-01A-11R-A12D-07,0.524569425223515,1
TCGA-E9-A1RB-01A-11R-A157-07,0.5043725076991235,0
TCGA-LL-A5YL-01A-12R-A29R-07,0.3757894031348468,1
TCGA-WT-AB41-01A-11R-A41B-07,0.0844991848571971,0
TCGA-A8-A09Z-01A-11R-A00Z-07,0.7033747433745201,1
TCGA-AN-A0FX-01A-11R-A034-07,0.8433100252074202,1
TCGA-B6-A409-01A-11R-A24H-07,0.38165504516749815,1
TCGA-EW-A1PG-01A-11R-A144-07,0.6851174669275154,1
TCGA-OL-A6VR-01A-32R-A33J-07,0.47857309878893717,0
TCGA-BH-A1FN-01A-11R-A13Q-07,0.7917296150270832,0
TCGA-AR-A2LR-01A-12R-A18M-07,0.7041729718429383,0
TCGA-A7-A5ZX-01A-12R-A29R-07,0.8948469726939067,1
TCGA-LL-A73Y-01A-11R-A33J-07,0.9702484665844595,1
TCGA-A2-A25D-01A-12R-A16F-07,0.4959153441835476,1
TCGA-BH-A0C7-01B-11R-A115-07,0.8338894209444657,1
TCGA-E2-A570-01A-11R-A29R-07,0.697895622290382,1
TCGA-BH-A1FL-01A-11R-A13Q-07,0.7010308056480125,0
TCGA-A1-A0SG-01A-11R-A144-07,0.7992289339924432,1
TCGA-A8-A07U-01A-11R-A034-07,0.7334855768360642,1
TCGA-E2-A15L-01A-11R-A12D-07,0.7070439172505145,1
TCGA-E9-A1R4-01A-21R-A14D-07,0.9289846219644586,1
TCGA-AR-A0TS-01A-11R-A115-07,0.9289975384958524,1
TCGA-E2-A10F-01A-11R-A10J-07,0.9169216158057772,1
TCGA-AO-A128-01A-11R-A10J-07,0.629002265328414,1
TCGA-AR-A0U3-01A-11R-A109-07,0.4822015697150404,1
TCGA-BH-A0DL-01A-11R-A115-07,0.8443135357592836,0
TCGA-A7-A0D9-01A-31R-A056-07,0.7986150658980296,1
TCGA-AN-A0FD-01A-11R-A034-07,0.8181130129849049,1
TCGA-A2-A0YK-01A-22R-A109-07,0.703031252140706,1
TCGA-BH-A1FH-01A-12R-A13Q-07,0.6097282561424084,0
TCGA-C8-A12T-01A-11R-A115-07,0.7691478741618718,0
TCGA-B6-A2IU-01A-32R-A18M-07,0.5231386374287528,1
TCGA-4H-AAAK-01A-12R-A41B-07,0.9222495329968453,1
TCGA-E2-A1IU-01A-11R-A14D-07,0.708567374335334,1
TCGA-3C-AALK-01A-11R-A41B-07,0.6660235782945856,0
TCGA-D8-A27M-01A-11R-A16F-07,0.8525699705843011,1
TCGA-E2-A56Z-01A-12R-A29R-07,0.5423753490756928,1
TCGA-AO-A1KQ-01A-11R-A13Q-07,0.5763371061976791,1
TCGA-AR-A2LE-01A-11R-A180-07,0.565717764597593,0
TCGA-E2-A1BC-01A-11R-A12P-07,0.8803458153091391,1
TCGA-BH-A0E6-01A-11R-A034-07,0.4535593210782864,0
TCGA-AO-A0J2-01A-11R-A034-07,0.28600060562388124,0
TCGA-A7-A6VX-01A-12R-A33J-07,0.8786359691289624,1
TCGA-E2-A1LI-01A-12R-A157-07,0.7018915396426619,1
TCGA-AR-A1AT-01A-11R-A12P-07,0.8680616289038613,1
TCGA-A7-A426-01A-22R-A24H-07,0.568550305400179,1
TCGA-A2-A25C-01A-11R-A169-07,0.7675998754891611,1
TCGA-B6-A0RL-01A-11R-A084-07,0.5493013599075042,1
TCGA-OK-A5Q2-01A-11R-A27Q-07,0.8570503715470001,1
TCGA-E9-A244-01A-11R-A169-07,0.6252497092147657,1
TCGA-E9-A1R6-01A-11R-A14D-07,0.46118758471308674,0
TCGA-BH-A8G0-01A-11R-A352-07,0.768496727795737,1
TCGA-EW-A1IZ-01A-11R-A13Q-07,0.866714825418861,1
TCGA-AO-A0J5-01A-11R-A034-07,0.8542483991715989,1
TCGA-E2-A1AZ-01A-11R-A12P-07,0.8760800822519175,1
TCGA-B6-A0RE-01A-11R-A056-07,0.7443728337652381,0
TCGA-A7-A4SE-01A-11R-A266-07,0.786997039543571,1
TCGA-LL-A740-01A-21R-A32P-07,0.4529391284590322,1
TCGA-A8-A07R-01A-21R-A034-07,0.6004966723741346,1
TCGA-S3-AA10-01A-21R-A41B-07,0.4526700625929808,0
TCGA-A7-A4SF-01A-11R-A266-07,0.6012848960203983,1
TCGA-A7-A0CG-01A-12R-A056-07,0.7952879317983724,1
TCGA-E2-A1LS-01A-12R-A157-07,0.7912971593856395,1
TCGA-AR-A24P-01A-11R-A169-07,0.7954169811892133,1
TCGA-E9-A54Y-01A-11R-A466-07,0.09210136589012739,1
TCGA-AO-A0JA-01A-11R-A056-07,0.816599790725858,1
TCGA-A8-A08A-01A-11R-A32Y-07,0.5663247972393826,1
TCGA-AR-A24V-01A-21R-A169-07,0.6276641876981699,1
TCGA-A2-A0CO-01A-13R-A22K-07,0.7343493013871684,0
TCGA-E2-A15I-01A-21R-A137-07,0.5766267468850917,1
TCGA-A2-A0SU-01A-11R-A084-07,0.810571440313409,1
TCGA-AC-A3OD-01A-11R-A21T-07,0.4924605734754958,1
TCGA-AC-A3YJ-01A-11R-A22U-07,0.2151594961565782,1
TCGA-AR-A0TZ-01A-12R-A084-07,0.5976505432072031,1
TCGA-A2-A0D3-01A-11R-A115-07,0.5855515229890207,1
TCGA-BH-A18L-01A-32R-A12D-07,0.3071627824000957,1
TCGA-EW-A2FW-01A-11R-A17B-07,0.7582834116762027,1
TCGA-A2-A0YL-01A-21R-A109-07,0.8157462549133728,1
TCGA-E9-A54X-01A-11R-A266-07,0.7607748551647808,1
TCGA-BH-A18F-01A-11R-A12D-07,0.8956064813608532,0
TCGA-W8-A86G-01A-21R-A36F-07,0.7717881934186626,1
TCGA-A8-A08T-01A-21R-A00Z-07,0.8294991177020425,1
TCGA-BH-A1EX-01A-11R-A13Q-07,0.7473806689814808,1
TCGA-A8-A08O-01A-21R-A056-07,0.7466515379843535,1
TCGA-AC-A6IX-01A-12R-A32P-07,0.9059112301174914,1
TCGA-C8-A27B-01A-11R-A169-07,0.6453955842857716,1
TCGA-PL-A8LZ-01A-31R-A36F-07,0.770599723453641,1
TCGA-AR-A1AQ-01A-11R-A12P-07,0.7625533831925673,1
TCGA-BH-A1FU-01A-11R-A14D-07,0.8344791636661111,0
TCGA-A2-A0SY-01A-31R-A084-07,0.8485128097290723,1
TCGA-BH-A1EW-01A-11R-A137-07,0.5714442489245117,1
TCGA-GM-A3NW-01A-21R-A22K-07,0.7762809412292878,1
TCGA-BH-A0W4-01A-11R-A109-07,0.8137067480828665,1
TCGA-AR-A1AS-01A-11R-A12P-07,0.8358877788412054,1
TCGA-EW-A1J6-01A-11R-A13Q-07,0.3496259218516265,0
TCGA-AC-A6NO-01A-12R-A33J-07,0.4585842267098881,1
TCGA-A7-A0CE-01A-11R-A00Z-07,0.6990523048856724,1
TCGA-BH-A6R8-01A-21R-A33J-07,0.310917101287504,1
TCGA-EW-A1OY-01A-11R-A144-07,0.6957184150636879,1
TCGA-BH-A0BS-01A-11R-A12P-07,0.441690285889559,1
TCGA-A7-A6VY-01A-12R-A33J-07,0.5563156215299608,0
TCGA-A2-A0CK-01A-11R-A22K-07,0.694160592289878,1
TCGA-AO-A12H-01A-11R-A115-07,0.7265242585620991,1
TCGA-C8-A12L-01A-11R-A115-07,0.6113970722959129,1
TCGA-A1-A0SQ-01A-21R-A144-07,0.5093551536511414,0
TCGA-A7-A56D-01A-11R-A27Q-07,0.07983904997125361,1
TCGA-A8-A09I-01A-22R-A034-07,0.5341226121531352,1
TCGA-BH-A0DH-01A-11R-A084-07,0.5646774813775042,1
TCGA-B6-A0X0-01A-21R-A115-07,0.42488844026162015,1
TCGA-S3-AA12-01A-11R-A41B-07,0.4771939111753726,0
TCGA-E2-A159-01A-11R-A115-07,0.917070875156907,1
TCGA-D8-A27V-01A-12R-A17B-07,0.5208115123698925,1
TCGA-D8-A1JT-01A-31R-A13Q-07,0.31251213946616196,0
TCGA-C8-A138-01A-11R-A115-07,0.8258875713451552,1
TCGA-AO-A0J6-01A-11R-A034-07,0.7380648275731416,1
TCGA-AR-A24R-01A-11R-A169-07,0.619144004723302,1
TCGA-AR-A0TY-01A-12R-A115-07,0.42757429170007893,1
TCGA-E9-A1QZ-01A-21R-A169-07,0.7347225149213709,1
TCGA-AR-A24W-01A-11R-A169-07,0.8045621304894932,1
TCGA-LL-A5YP-01A-21R-A28M-07,0.8279270705203136,1
TCGA-B6-A0WY-01A-11R-A109-07,0.868455813177994,1
TCGA-GM-A2DC-01A-11R-A18M-07,0.26928716014042253,1
TCGA-A2-A4S2-01A-12R-A266-07,0.7179461855943761,1
TCGA-A8-A09X-01A-11R-A00Z-07,0.5200388377197591,1
TCGA-OL-A5RV-01A-12R-A28M-07,0.8102834522999864,0
TCGA-E2-A14P-01A-31R-A12D-07,0.2544157504436718,0
TCGA-C8-A8HQ-01A-11R-A36F-07,0.9168349826363955,0
TCGA-AR-A0TP-01A-11R-A084-07,0.7592994305830241,1
TCGA-A8-A09A-01A-11R-A00Z-07,0.7263340953192459,1
TCGA-A8-A08L-01A-11R-A00Z-07,0.6105525550830805,1
TCGA-A8-A08F-01A-11R-A00Z-07,0.6770069969978161,1
TCGA-GI-A2C9-01A-11R-A21T-07,0.8772479854359742,1
TCGA-A2-A0SW-01A-11R-A084-07,0.8717145323116094,1
TCGA-LD-A7W5-01A-22R-A352-07,0.4159083748966462,1
TCGA-D8-A27R-01A-11R-A16F-07,0.6982889395601094,1
TCGA-AO-A0JM-01A-21R-A056-07,0.8687812675493031,1
TCGA-GM-A2D9-01A-11R-A18M-07,0.5050694690748144,1
TCGA-D8-A1XU-01A-11R-A14M-07,0.7034312271310598,1
TCGA-AO-A1KT-01A-11R-A13Q-07,0.8694440372961542,0
TCGA-C8-A12P-01A-11R-A115-07,0.6427384630449915,1
TCGA-LL-A6FR-01A-12R-A31O-07,0.38704226344227155,1
TCGA-AR-A1AJ-01A-21R-A12P-07,0.8514740585293097,1
TCGA-A8-A09D-01A-11R-A00Z-07,0.847753969771031,1
TCGA-S3-A6ZF-01A-32R-A32P-07,0.8460788267705548,1
TCGA-E2-A150-01A-11R-A12D-07,0.5672334496438244,0
TCGA-BH-A18U-01A-21R-A12D-07,0.621128870644813,1
TCGA-BH-A0GY-01A-11R-A056-07,0.6181619227535428,1
TCGA-AQ-A54N-01A-11R-A266-07,0.34649119200986633,1
TCGA-C8-A273-01A-11R-A16F-07,0.7077600889294371,0
TCGA-S3-AA14-01A-11R-A41B-07,0.8536680324977155,1
TCGA-A7-A2KD-01A-31R-A21T-07,0.9144581943952316,1
TCGA-C8-A131-01A-11R-A115-07,0.9192111289935209,1
TCGA-E2-A576-01A-11R-A31O-07,0.16514280247865573,1
TCGA-A2-A0T4-01A-31R-A084-07,0.8807686407588788,1
TCGA-A2-A04V-01A-21R-A034-07,0.7624111848756561,1
TCGA-AR-A0U0-01A-11R-A109-07,0.6281846760953508,1
TCGA-BH-A0BO-01A-23R-A12D-07,0.596706907230886,1
TCGA-A2-A3KC-01A-11R-A213-07,0.8493457708921096,1
TCGA-BH-A18T-01A-11R-A12D-07,0.5334847985684898,1
TCGA-EW-A1J2-01A-21R-A13Q-07,0.8106340909160011,1
TCGA-A8-A084-01A-21R-A00Z-07,0.8245718381290409,1
TCGA-A8-A08X-01A-21R-A00Z-07,0.8079073944383959,0
TCGA-GM-A2DH-01A-11R-A180-07,0.7955301632816176,0
TCGA-D8-A27L-01A-11R-A16F-07,0.8584945236585331,1
TCGA-A7-A3IZ-01A-11R-A213-07,0.6261538774558691,1
TCGA-AN-A04D-01A-21R-A034-07,0.4148011033220865,1
TCGA-5L-AAT0-01A-12R-A41B-07,0.8804853558629885,1
TCGA-AR-A1AU-01A-11R-A12P-07,0.856277680254648,1
TCGA-AC-A6IV-01A-12R-A33J-07,0.6651906470587597,1
TCGA-E2-A15C-01A-31R-A12D-07,0.7940907656308788,1
TCGA-AO-A1KP-01A-11R-A13Q-07,0.5061420392550797,1
TCGA-E2-A15G-01A-11R-A12D-07,0.7431446848823621,1
TCGA-A2-A3KD-01A-12R-A213-07,0.8021901259848083,1
TCGA-D8-A1X5-01A-11R-A14D-07,0.69427452853199,1
TCGA-AQ-A04L-01B-21R-A10J-07,0.5829916038768389,1
TCGA-A8-A096-01A-11R-A00Z-07,0.9575338286707357,1
TCGA-A2-A0YH-01A-11R-A109-07,0.8458861378408886,1
TCGA-AN-A0FW-01A-11R-A034-07,0.4301341647847363,0
TCGA-D8-A27H-01A-11R-A16F-07,0.8929452305742489,1
TCGA-OL-A6VQ-01A-12R-A41B-07,0.8675408367055579,1
TCGA-A7-A4SA-01A-11R-A266-07,0.68647331720875,1
TCGA-C8-A274-01A-11R-A16F-07,0.761523547864174,1
TCGA-E2-A15J-01A-11R-A12P-07,0.6259262591598553,1
TCGA-BH-A0B3-01A-11R-A056-07,0.8833079744019845,1
TCGA-E2-A153-01A-12R-A12D-07,0.8626240962773724,1
TCGA-WT-AB44-01A-11R-A41B-07,0.21337682971549757,1
TCGA-B6-A0RQ-01A-11R-A115-07,0.8769925396626436,1
TCGA-A2-A0YM-01A-11R-A109-07,0.7194666385552964,1
TCGA-C8-A1HI-01A-11R-A137-07,0.60918806123906,0
TCGA-AC-A3TM-01A-11R-A22K-07,0.1488824289496423,1
TCGA-A7-A0CD-01A-11R-A00Z-07,0.7241352835508844,1
TCGA-D8-A145-01A-11R-A115-07,0.9182690335542206,1
TCGA-BH-A0EB-01A-11R-A034-07,0.8328347245569293,1
TCGA-AR-A0TV-01A-21R-A084-07,0.541043756078026,1
TCGA-E2-A15P-01A-11R-A115-07,0.7082244388822434,1
TCGA-A2-A04T-01A-21R-A034-07,0.5568034289338819,1
TCGA-E9-A2JT-01A-22R-A18M-07,0.5585929129176724,1
TCGA-OL-A5RW-01A-11R-A28M-07,0.34226522701369977,1
TCGA-PL-A8LV-01A-21R-A41B-07,0.8048588220882777,1
TCGA-BH-A18M-01A-11R-A12D-07,0.8431573134143031,0
TCGA-D8-A27N-01A-11R-A16F-07,0.9407882224885973,1
TCGA-C8-A3M8-01A-11R-A213-07,0.8726526581697418,1
TCGA-B6-A0WW-01A-11R-A109-07,0.7567179699541723,1
TCGA-E9-A3X8-01A-31R-A22U-07,0.14994897731504067,1
TCGA-C8-A133-01A-32R-A12D-07,0.180353314423877,1
TCGA-D8-A1X6-01A-11R-A14M-07,0.7581050116445742,0
TCGA-A2-A04P-01A-31R-A034-07,0.7862221450705904,1
TCGA-E9-A1N3-01A-12R-A157-07,0.49991785294327856,1
TCGA-AN-A0XP-01A-11R-A109-07,0.7517653480021215,1
TCGA-E2-A1LK-01A-21R-A14D-07,0.6285402656731199,1
TCGA-C8-A132-01A-31R-A115-07,0.6069747273298001,1
TCGA-PE-A5DE-01A-11R-A27Q-07,0.5746031849337548,1
TCGA-EW-A6SC-01A-12R-A32P-07,0.9304849763443663,1
TCGA-BH-A0EI-01A-11R-A115-07,0.5331117978083182,1
TCGA-A8-A08I-01A-11R-A00Z-07,0.7485791366254165,1
TCGA-AO-A124-01A-11R-A10J-07,0.4987904547909807,1
TCGA-AN-A0XR-01A-11R-A109-07,0.9162968318076727,0
TCGA-BH-A204-01A-11R-A157-07,0.15243604114085882,1
TCGA-AN-A0FF-01A-11R-A034-07,0.9452816732387135,1
TCGA-A2-A0T3-01A-21R-A115-07,0.631007670204029,0
TCGA-B6-A0RI-01A-11R-A056-07,0.8555013129231861,1
TCGA-AO-A03R-01A-21R-A034-07,0.8870315133768496,1
TCGA-E9-A1RA-01A-11R-A14D-07,0.8293018941967778,0
TCGA-AN-A0XV-01A-11R-A109-07,0.8852587353718159,0
TCGA-E9-A1RI-01A-11R-A169-07,0.7730065682520247,1
TCGA-A8-A07J-01A-11R-A00Z-07,0.7842881467550873,1
TCGA-AC-A6IW-01A-12R-A33J-07,0.6026186544888491,1
TCGA-3C-AALJ-01A-31R-A41B-07,0.6449391837601728,0
TCGA-AN-A0XS-01A-22R-A109-07,0.8209012353719389,0
TCGA-E9-A226-01A-21R-A157-07,0.6571041099693644,1
TCGA-C8-A12K-01A-21R-A115-07,0.6070084915750326,1
TCGA-BH-A202-01A-11R-A14M-07,0.7228078324979472,1
TCGA-OL-A66H-01A-11R-A29R-07,0.5472133621378366,1
TCGA-E9-A1N9-01A-11R-A14D-07,0.9530685621140753,1
TCGA-A2-A0T2-01A-11R-A084-07,0.8502992645976236,1
TCGA-BH-A18H-01A-11R-A12D-07,0.5394678771392674,1
TCGA-UU-A93S-01A-21R-A41B-07,0.1099520574285104,1
TCGA-B6-A0RO-01A-22R-A084-07,0.31457857919793797,1
TCGA-E2-A10E-01A-21R-A10J-07,0.6349547357880319,1
TCGA-A7-A4SC-01A-12R-A266-07,0.584427160473871,1
TCGA-B6-A0WZ-01A-11R-A109-07,0.6200869021681026,1
TCGA-A7-A6VW-01A-21R-A33J-07,0.401450528682662,1
TCGA-E2-A1B5-01A-21R-A12P-07,0.5452306943832474,1
TCGA-A8-A092-01A-11R-A00Z-07,0.6487255365701976,1
TCGA-C8-A1HK-01A-21R-A13Q-07,0.3579627301209814,1
TCGA-BH-A0W3-01A-11R-A109-07,0.8805656268120415,1
TCGA-A7-A0CH-01A-21R-A00Z-07,0.7209870542898515,0
TCGA-AR-A1AX-01A-11R-A12P-07,0.759373739658896,1
TCGA-EW-A1P0-01A-11R-A144-07,0.7064495091551248,1
TCGA-E9-A1NI-01A-11R-A14D-07,0.9093473729002194,1
TCGA-AO-A12E-01A-11R-A10J-07,0.8547113830741442,0
TCGA-D8-A1XJ-01A-11R-A14M-07,0.5903305219052836,0
TCGA-B6-A0I6-01A-11R-A034-07,0.6482621823535936,1
TCGA-E9-A1RH-01A-21R-A169-07,0.3388192457189932,1
TCGA-BH-A18Q-01A-12R-A12D-07,0.8636401254086142,1
TCGA-AO-A0JI-01A-21R-A056-07,0.783516729613399,1
TCGA-A2-A0CL-01A-11R-A115-07,0.8012660615809353,1
TCGA-E2-A155-01A-11R-A12D-07,0.5059095916638162,0
TCGA-B6-A0I8-01A-11R-A034-07,0.5237775345240829,1
TCGA-E2-A14X-01A-11R-A115-07,0.8056057583824012,1
TCGA-AC-A3YI-01A-21R-A239-07,0.8065309664735912,1
TCGA-AR-A1AI-01A-11R-A12P-07,0.2481030256286102,1
TCGA-D8-A1JK-01A-11R-A13Q-07,0.9219242000371523,1
TCGA-BH-A0C3-01A-21R-A12P-07,0.9501463642047442,1
TCGA-A8-A09C-01A-11R-A00Z-07,0.837262325741057,1
TCGA-LL-A50Y-01A-11R-A266-07,0.12442935319295474,1
TCGA-BH-A0B0-01A-21R-A115-07,0.6383342152876219,1
TCGA-OL-A66L-01A-12R-A31O-07,0.15553941990975217,1
TCGA-BH-A0AW-01A-11R-A056-07,0.6664297333175357,1
TCGA-D8-A1X8-01A-11R-A14M-07,0.946222942551031,1
TCGA-D8-A1JE-01A-11R-A13Q-07,0.598355928086943,1
TCGA-BH-A1EO-01A-11R-A137-07,0.6534238668399243,1
TCGA-BH-A0HU-01A-11R-A034-07,0.5510506895667037,0
TCGA-BH-A0H7-01A-13R-A056-07,0.4412445154830431,0
TCGA-E9-A22D-01A-11R-A157-07,0.6219402520459292,1
TCGA-3C-AAAU-01A-11R-A41B-07,0.5476129053120852,0
TCGA-BH-A1FJ-01A-11R-A13Q-07,0.7569588871398303,0
TCGA-A8-A06P-01A-11R-A00Z-07,0.8704436915354455,1
TCGA-A2-A25B-01A-11R-A169-07,0.6804582863860421,1
TCGA-AC-A2BM-01A-11R-A21T-07,0.6614372905175617,0
TCGA-E9-A6HE-01A-11R-A31O-07,0.19231816724363343,1
TCGA-AO-A03O-01A-11R-A00Z-07,0.41303691441435086,0
TCGA-A2-A0EU-01A-22R-A056-07,0.7745257817167378,1
TCGA-A8-A06O-01A-11R-A00Z-07,0.7363230288678484,1
TCGA-BH-A0BT-01A-11R-A12P-07,0.43223361324092024,1
TCGA-A2-A0YT-01A-11R-A109-07,0.45516060520798757,1
TCGA-E2-A14R-01A-11R-A115-07,0.47302068365049127,1
TCGA-B6-A0IC-01A-11R-A034-07,0.5377454577817896,1
TCGA-AC-A5XU-01A-11R-A28M-07,0.5350624943061341,0
TCGA-AR-A250-01A-31R-A169-07,0.9114252636651019,1
TCGA-D8-A1XZ-01A-11R-A14M-07,0.6213085399878857,1
TCGA-B6-A0I9-01A-11R-A034-07,0.7320999014762534,1
TCGA-B6-A0IA-01A-11R-A034-07,0.20961993855545297,1
TCGA-E2-A14N-01A-31R-A137-07,0.4410824533732515,1
TCGA-PL-A8LY-01A-11R-A41B-07,0.7835576811955788,1
TCGA-LL-A441-01A-11R-A24H-07,0.6613974727780992,0
TCGA-A8-A08S-01A-11R-A034-07,0.6201685857342534,1
TCGA-A8-A09V-01A-11R-A034-07,0.4327216275322926,0
TCGA-BH-A209-01A-11R-A157-07,0.475776056809901,1
TCGA-GM-A5PX-01A-12R-A28M-07,0.741738746879865,1
TCGA-A8-A085-01A-11R-A00Z-07,0.8461432430996196,1
TCGA-A2-A25E-01A-11R-A169-07,0.7286868231781001,1
TCGA-D8-A1JG-01B-11R-A13Q-07,0.6122873944359374,1
TCGA-AC-A2FO-01A-11R-A180-07,0.8999954111453736,1
TCGA-B6-A3ZX-01A-11R-A239-07,0.8916993456924419,1
TCGA-AN-A0FT-01A-11R-A034-07,0.40026858493987855,1
TCGA-AQ-A04H-01B-11R-A10J-07,0.7476453325141884,1
TCGA-AR-A1AR-01A-31R-A137-07,0.7978001750995101,1
TCGA-A2-A0CS-01A-11R-A115-07,0.844032543289484,1
TCGA-A2-A1FZ-01A-51R-A14D-07,0.7978698049383316,1
TCGA-AC-A8OQ-01A-11R-A41B-07,0.8131217523105493,0
TCGA-AR-A0TR-01A-11R-A084-07,0.34824716250146615,1
TCGA-C8-A12M-01A-11R-A115-07,0.5425389363915414,0
TCGA-A1-A0SM-01A-11R-A084-07,0.6745613341483984,0
TCGA-BH-A1ET-01A-11R-A137-07,0.6296497680562001,1
TCGA-A8-A0A1-01A-11R-A00Z-07,0.8401494018842904,1
TCGA-C8-A1HG-01A-11R-A137-07,0.42085144141703273,1
TCGA-E9-A1NF-01A-11R-A14D-07,0.9318608706084787,0
TCGA-A2-A0D4-01A-11R-A00Z-07,0.3629497661399179,0
TCGA-BH-A2L8-01A-11R-A18M-07,0.9233327933103279,1
TCGA-A8-A093-01A-11R-A00Z-07,0.8230960861421002,0
TCGA-D8-A1Y3-01A-11R-A157-07,0.24355191023445374,0
TCGA-AR-A1AY-01A-21R-A12P-07,0.5081154318118046,1
TCGA-AO-A12F-01A-11R-A115-07,0.7945904305448909,0
TCGA-AN-A0FL-01A-11R-A034-07,0.4069801460386412,0
TCGA-AR-A0TQ-01A-11R-A084-07,0.8902319307994851,1
TCGA-A2-A0CP-01A-11R-A034-07,0.8320870290866662,1
TCGA-AO-A129-01A-21R-A10J-07,0.6538547177301333,1
TCGA-D8-A1JH-01A-11R-A13Q-07,0.8253576539306848,0
TCGA-BH-A18K-01A-11R-A12D-07,0.8388132004374208,0
TCGA-B6-A0IM-01A-11R-A034-07,0.6215753525970684,1
TCGA-AO-A0J4-01A-11R-A034-07,0.7751980753271167,1
TCGA-AR-A1AW-01A-21R-A12P-07,0.8493806995830909,1
TCGA-AC-A62Y-01A-11R-A29R-07,0.7597629144583216,1
TCGA-A1-A0SH-01A-11R-A084-07,0.6608821448229675,0
TCGA-A8-A08C-01A-11R-A00Z-07,0.6381631219443751,1
TCGA-A2-A3XU-01A-12R-A22U-07,0.337768120432006,0
TCGA-E2-A1LB-01A-11R-A144-07,0.7492034577400859,1
TCGA-D8-A1JJ-01A-31R-A14M-07,0.7966060913578114,1
TCGA-AN-A049-01A-21R-A00Z-07,0.8311138240890621,1
TCGA-A1-A0SN-01A-11R-A144-07,0.8544014319234235,1
TCGA-EW-A1IW-01A-11R-A13Q-07,0.7512488653048466,0
TCGA-LQ-A4E4-01A-11R-A266-07,0.6012340094307913,0
TCGA-E9-A5UP-01A-11R-A28M-07,0.27367261504809376,1
TCGA-EW-A1IY-01A-11R-A13Q-07,0.51297034391767,1
TCGA-AN-A0XW-01A-11R-A109-07,0.8096167420395216,1
TCGA-AR-A24S-01A-11R-A169-07,0.8902168631284555,1
TCGA-AR-A2LM-01A-11R-A180-07,0.7098082172653567,0
TCGA-E9-A1NE-01A-21R-A14M-07,0.7188624155630067,1
TCGA-LL-A9Q3-01A-11R-A41B-07,0.07775182438682655,1
TCGA-AC-A8OP-01A-11R-A36F-07,0.75708807646155,1
TCGA-E2-A572-01A-13R-A31O-07,0.06822216181607456,0
TCGA-B6-A0IP-01A-11R-A034-07,0.8640305908890699,0
TCGA-C8-A135-01A-11R-A115-07,0.5860245221486787,1
TCGA-D8-A1XL-01A-11R-A14M-07,0.328110638317047,1
TCGA-EW-A1PC-01B-11R-A21T-07,0.5970835609846596,1
TCGA-AO-A03M-01B-11R-A10J-07,0.7301057438030634,1
TCGA-AN-A0FN-01A-11R-A034-07,0.6673531048119733,1
TCGA-A7-A4SD-01A-11R-A266-07,0.8140047298788426,1
TCGA-BH-A0HN-01A-11R-A10U-07,0.2236006294255051,1
TCGA-S3-A6ZH-01A-22R-A32P-07,0.3704241288457463,1
TCGA-AC-A3QP-01A-11R-A22U-07,0.48976706704332634,1
TCGA-5L-AAT1-01A-12R-A41B-07,0.867707014744135,1
TCGA-AN-A0FY-01A-11R-A034-07,0.5828810660856876,1
TCGA-BH-A0BA-01A-11R-A056-07,0.7292213315999837,1
TCGA-A2-A0CU-01A-12R-A034-07,0.738945773393591,0
TCGA-D8-A143-01A-11R-A115-07,0.6648908152874335,1
TCGA-BH-A0DE-01A-11R-A115-07,0.883610560620892,1
TCGA-A2-A0EO-01A-11R-A034-07,0.8815256859468993,0
TCGA-AO-A0JF-01A-11R-A056-07,0.9426931250651258,1
TCGA-A8-A09E-01A-11R-A00Z-07,0.387373280809295,0
TCGA-BH-A0AZ-01A-21R-A12P-07,0.7898507179283706,1
TCGA-GM-A2DN-01A-11R-A180-07,0.7649960554049845,0
TCGA-E2-A15T-01A-11R-A115-07,0.544302095836432,1
TCGA-BH-A1F6-01A-11R-A13Q-07,0.8963670871827115,1
TCGA-BH-A0DX-01A-11R-A115-07,0.7760534006126055,1
TCGA-EW-A3U0-01A-11R-A22K-07,0.7256082742258642,1
TCGA-BH-A0DV-01A-21R-A12P-07,0.8894346583091518,1
TCGA-AC-A3TN-01A-11R-A22K-07,0.19760572689013484,1
TCGA-A1-A0SK-01A-12R-A084-07,0.34934189334080046,1
TCGA-B6-A0X5-01A-21R-A109-07,0.6257901920961919,1
TCGA-A2-A0YC-01A-11R-A109-07,0.8166095439294633,1
TCGA-A2-A0CZ-01A-11R-A034-07,0.8609498672184213,1
TCGA-C8-A27A-01A-11R-A169-07,0.3642982203623323,1
TCGA-AR-A1AP-01A-11R-A12P-07,0.8284806628490015,1
TCGA-BH-A0B4-01A-11R-A00Z-07,0.7310132890478206,1
TCGA-BH-A0BV-01A-11R-A00Z-07,0.7724552610191777,1
TCGA-AN-A0XO-01A-11R-A109-07,0.8253443059423349,1
TCGA-AC-A2QJ-01A-12R-A19W-07,0.2567461714316703,1
TCGA-GM-A2DD-01A-11R-A180-07,0.592156956213023,1
TCGA-AR-A1AV-01A-21R-A12P-07,0.7311218665139253,1
TCGA-D8-A1XF-01A-11R-A14D-07,0.3990704245041069,1
TCGA-LL-A6FP-01A-11R-A31O-07,0.15906226936820314,1
TCGA-D8-A1XA-01A-11R-A14D-07,0.44976174143546965,1
TCGA-C8-A26V-01A-11R-A16F-07,0.8498486278345497,0
TCGA-PE-A5DC-01A-12R-A27Q-07,0.5159500943987538,1
TCGA-E2-A1LH-01A-11R-A14D-07,0.6322952375778405,1
TCGA-BH-A0B9-01A-11R-A056-07,0.3506398828582384,1
TCGA-E9-A1N8-01A-11R-A144-07,0.5863054366484557,0
TCGA-AC-A62V-01A-11R-A31O-07,0.08865362655561287,1
TCGA-EW-A1PH-01A-11R-A14M-07,0.7188121442779257,1
TCGA-AR-A5QP-01A-11R-A28M-07,0.9144057402623725,1
TCGA-BH-A5J0-01A-11R-A27Q-07,0.4337784781828704,1
TCGA-A1-A0SB-01A-11R-A144-07,0.760897249635343,1
TCGA-B6-A0IK-01A-12R-A056-07,0.6029861348485733,1
TCGA-A8-A06Q-01A-11R-A034-07,0.4640930564434675,1
TCGA-AR-A2LH-01A-31R-A18M-07,0.8534475335178197,1
TCGA-AR-A24Z-01A-11R-A169-07,0.5151630552237405,1
TCGA-Z7-A8R5-01A-42R-A41B-07,0.43429018684633075,1
TCGA-A8-A0A9-01A-11R-A00Z-07,0.8936281415856578,1
TCGA-D8-A1JA-01A-11R-A13Q-07,0.37296246829472507,1
TCGA-AN-A0FK-01A-11R-A034-07,0.39177907009941937,1
TCGA-GM-A2DL-01A-11R-A18M-07,0.8433800212885291,0
TCGA-EW-A1P6-01A-11R-A144-07,0.9157089202846337,1
TCGA-BH-A0EA-01A-11R-A115-07,0.875509782415537,1
TCGA-BH-A8FY-01A-11R-A36F-07,0.303645873086809,1
TCGA-E2-A1L9-01A-11R-A13Q-07,0.7738691271300929,1
TCGA-E9-A1R2-01A-11R-A14D-07,0.5483433450456721,1
TCGA-AC-A2FM-01A-11R-A19W-07,0.4485635355233476,1
TCGA-E2-A108-01A-13R-A10J-07,0.811767186852334,1
TCGA-OL-A66O-01A-11R-A31O-07,0.14785908018662622,1
TCGA-C8-A275-01A-21R-A16F-07,0.49435490339447274,1
TCGA-B6-A0IO-01A-11R-A034-07,0.6339869013562478,0
TCGA-BH-A0HO-01A-11R-A034-07,0.5726469838247628,1
TCGA-EW-A1P8-01A-11R-A144-07,0.5183037536967546,1
TCGA-A2-A0D0-01A-11R-A00Z-07,0.33551431387731245,1
TCGA-A2-A0SX-01A-12R-A084-07,0.9200019744739787,1
TCGA-D8-A27I-01A-11R-A16F-07,0.9049185913396428,1
TCGA-EW-A2FS-01A-11R-A17B-07,0.7468713880213502,1
TCGA-Z7-A8R6-01A-11R-A41B-07,0.8302054692358068,1
TCGA-E2-A15O-01A-11R-A115-07,0.7320466226300295,1
TCGA-V7-A7HQ-01A-11R-A33J-07,0.08690311075785537,1
TCGA-C8-A12W-01A-11R-A115-07,0.8697389780107287,1
TCGA-A7-A3IY-01A-21R-A21T-07,0.7477988683275499,1
TCGA-A8-A08B-01A-11R-A00Z-07,0.6406180423345733,0
TCGA-5T-A9QA-01A-11R-A41B-07,0.48280257399153725,1
TCGA-E2-A106-01A-11R-A10J-07,0.5469964424575454,1
TCGA-E2-A1B6-01A-31R-A12P-07,0.7548614483929393,1
TCGA-AC-A2FF-01A-11R-A17B-07,0.8562261739199997,1
TCGA-EW-A1PA-01A-11R-A144-07,0.6921876856453734,0
TCGA-D8-A27T-01A-11R-A16F-07,0.8528005302550044,1
TCGA-LD-A66U-01A-11R-A31O-07,0.2666207284703762,1
TCGA-A8-A07Z-01A-11R-A00Z-07,0.3365871871752491,0
TCGA-AR-A1AO-01A-11R-A12P-07,0.8684382835605741,1
TCGA-E2-A573-01A-11R-A29R-07,0.624592355475359,0
TCGA-AC-A2FB-01A-11R-A17B-07,0.8593526444211661,1
TCGA-AN-A0G0-01A-11R-A034-07,0.7375185543049029,1
TCGA-BH-A0H5-01A-21R-A115-07,0.8603078356217743,0
TCGA-A8-A07S-01A-11R-A034-07,0.9393888571131724,1
TCGA-E9-A3QA-01A-61R-A22K-07,0.8069687236067613,1
TCGA-A1-A0SI-01A-11R-A144-07,0.9616131095226397,1
TCGA-A8-A09W-01A-11R-A00Z-07,0.6785630534583841,0
TCGA-BH-A1F0-01A-11R-A137-07,0.9125964668741691,1
TCGA-A2-A0D2-01A-21R-A034-07,0.3105120833045792,0
TCGA-OL-A5D8-01A-11R-A27Q-07,0.6708353078681191,1
TCGA-BH-A18G-01A-11R-A12D-07,0.7970597614700428,0
TCGA-A2-A0YI-01A-31R-A10J-07,0.7232142699916915,1
TCGA-A8-A0A4-01A-11R-A00Z-07,0.837504505572013,1
TCGA-A7-A425-01A-11R-A24H-07,0.2602518754637753,1
TCGA-E9-A22A-01A-11R-A157-07,0.9001541131062446,1
TCGA-A8-A08J-01A-11R-A00Z-07,0.9457447392370966,1
TCGA-A2-A3Y0-01A-11R-A239-07,0.3438148690102455,1
TCGA-AC-A2BK-01A-11R-A21T-07,0.7102155729862399,0
TCGA-B6-A0IN-01A-11R-A034-07,0.7822577906218369,1
TCGA-D8-A1JD-01A-11R-A13Q-07,0.9097233190256897,1
TCGA-GM-A2DK-01A-21R-A180-07,0.668732839759395,0
TCGA-OL-A5RX-01A-11R-A28M-07,0.896469310472802,1
TCGA-A8-A08Z-01A-21R-A00Z-07,0.8906357301891942,1
TCGA-A2-A0YD-01A-11R-A109-07,0.6774981927594894,0
TCGA-A7-A3J1-01A-11R-A213-07,0.6140589622521904,1
TCGA-BH-A1FD-01A-11R-A13Q-07,0.5938161930854373,1
TCGA-A2-A0D1-01A-11R-A034-07,0.511597819650144,1
TCGA-BH-A0BL-01A-11R-A115-07,0.9228415573939243,1
TCGA-E2-A1IH-01A-11R-A13Q-07,0.7456297293044973,1
TCGA-AR-A0TU-01A-31R-A109-07,0.3817659256904151,1
TCGA-AC-A2FG-01A-11R-A17B-07,0.9471483652220873,0
TCGA-GM-A4E0-01A-12R-A266-07,0.3647182035137273,1
TCGA-AC-A3W7-01A-11R-A22K-07,0.25076528993918745,0
TCGA-A8-A083-01A-21R-A00Z-07,0.6405015968731208,1
TCGA-A2-A0EN-01A-13R-A084-07,0.7037866757671494,1
TCGA-D8-A1Y0-01A-11R-A14M-07,0.7505393070873289,1
TCGA-AR-A1AK-01A-21R-A12P-07,0.8880452833148873,0
TCGA-AC-A7VC-01A-11R-A352-07,0.32342885530465876,0
TCGA-A7-A0CJ-01A-21R-A00Z-07,0.47660140790655703,1
TCGA-AO-A03U-01B-21R-A10J-07,0.6043989041561739,1
TCGA-E2-A2P5-01A-11R-A19W-07,0.46808059601714636,1
TCGA-E2-A15S-01A-11R-A115-07,0.31816886226295876,1
TCGA-A1-A0SJ-01A-11R-A084-07,0.7744668357057944,1
TCGA-A2-A04N-01A-11R-A115-07,0.8150256652645459,1
TCGA-B6-A401-01A-11R-A239-07,0.40361479879874845,1
TCGA-D8-A1JU-01A-11R-A13Q-07,0.7245249855241648,1
TCGA-B6-A40B-01A-11R-A239-07,0.6417271945331251,1
TCGA-LD-A9QF-01A-32R-A41B-07,0.6923407914037059,1
TCGA-AO-A03T-01A-21R-A034-07,0.7256439517448996,1
TCGA-E9-A3Q9-01A-11R-A21T-07,0.6791462726787225,1
TCGA-D8-A1JP-01A-11R-A13Q-07,0.857286793168136,1
TCGA-BH-A18I-01A-11R-A12D-07,0.8977470964516273,1
TCGA-BH-A28Q-01A-11R-A16F-07,0.8135969075028427,1
TCGA-EW-A1OW-01A-21R-A144-07,0.8765103662207154,1
TCGA-BH-A18R-01A-11R-A12D-07,0.6375147878009316,1
TCGA-AO-A0J8-01A-21R-A034-07,0.747350120016274,1
TCGA-AC-A3BB-01A-21R-A19W-07,0.6856380716839444,1
TCGA-E9-A247-01A-11R-A169-07,0.4320018347215589,1
TCGA-D8-A73U-01A-11R-A33J-07,0.45409676936120263,1
TCGA-BH-A18V-01A-11R-A12D-07,0.6593701488235051,1
TCGA-BH-A0C1-01B-11R-A12D-07,0.6650443623753716,1
TCGA-AC-A3W6-01A-12R-A22K-07,0.5800363490060355,1
TCGA-BH-A1FR-01A-11R-A13Q-07,0.647479473270195,0
TCGA-A2-A1G0-01A-11R-A13Q-07,0.6826740316220968,1
TCGA-BH-A0DQ-01A-11R-A084-07,0.8905894728391237,1
TCGA-A2-A0ER-01A-21R-A034-07,0.6064158559858823,1
TCGA-D8-A27P-01A-11R-A16F-07,0.8915621621877955,1
TCGA-B6-A1KN-01A-11R-A13Q-07,0.6770024161570194,1
TCGA-E9-A228-01A-31R-A157-07,0.5861734842944027,1
TCGA-BH-A0B2-01A-11R-A10J-07,0.786804689170324,0
TCGA-B6-A0X4-01A-11R-A109-07,0.5992268416476714,1
TCGA-BH-A1EY-01A-11R-A13Q-07,0.5708249105262184,0
TCGA-BH-A0HX-01A-21R-A056-07,0.7496969149042289,0
TCGA-A8-A094-01A-11R-A00Z-07,0.7512925138509069,1
TCGA-AO-A1KR-01A-12R-A144-07,0.2322328456460773,1
TCGA-A2-A0CV-01A-31R-A115-07,0.7486669691243372,0
TCGA-A8-A076-01A-21R-A00Z-07,0.8846676144140155,1
TCGA-E9-A1RE-01A-11R-A157-07,0.6067258159138035,1
TCGA-S3-A6ZG-01A-22R-A32P-07,0.77985035956183,1
TCGA-A8-A06Z-01A-11R-A00Z-07,0.3120879616660551,1
TCGA-BH-A8FZ-01A-11R-A352-07,0.7504242966754879,1
TCGA-LL-A440-01A-11R-A24H-07,0.3299633676926245,0
TCGA-E9-A249-01A-11R-A169-07,0.8473005863479339,1
TCGA-PL-A8LX-01A-11R-A41B-07,0.3854024622946092,1
TCGA-E2-A1L8-01A-11R-A13Q-07,0.6278951509885315,1
TCGA-EW-A6SD-01A-12R-A33J-07,0.7319083796899075,1
TCGA-AO-A0JL-01A-11R-A056-07,0.39514276077660937,1
TCGA-MS-A51U-01A-31R-A266-07,0.6581959410643483,1
TCGA-BH-A0E7-01A-11R-A034-07,0.6144833752691553,1
TCGA-E9-A22G-01A-11R-A157-07,0.2483332166556882,0
TCGA-A8-A08R-01A-11R-A034-07,0.7122816720919372,1
TCGA-A2-A4S1-01A-21R-A266-07,0.7999579240167166,1
TCGA-E2-A1II-01A-11R-A144-07,0.6037389858231301,0
TCGA-A7-A3J0-01A-11R-A213-07,0.6496769388727323,1
TCGA-BH-A0B8-01A-21R-A056-07,0.7704144841342183,1
TCGA-AR-A24L-01A-11R-A169-07,0.6670938523645407,1
TCGA-EW-A1J3-01A-11R-A13Q-07,0.5116382010449014,1
TCGA-AR-A5QM-01A-11R-A27Q-07,0.6772967479516714,1
TCGA-AO-A1KS-01A-11R-A13Q-07,0.25438066622369027,1
TCGA-D8-A1JI-01A-11R-A13Q-07,0.5604603091261766,1
TCGA-A8-A09N-01A-11R-A00Z-07,0.7686514762322801,1
TCGA-BH-A203-01A-12R-A169-07,0.7249086028403929,1
TCGA-AR-A2LQ-01A-22R-A18M-07,0.6919837145462941,1
TCGA-AR-A251-01A-12R-A169-07,0.4719185312837614,1
TCGA-BH-A18J-01A-11R-A12D-07,0.8460465671575276,1
TCGA-D8-A1XM-01A-21R-A14M-07,0.7013019832950731,1
TCGA-BH-A0HA-01A-11R-A12P-07,0.8676827117785331,0
TCGA-AR-A0U2-01A-11R-A109-07,0.31364799945259614,1
TCGA-E2-A1B1-01A-21R-A12P-07,0.6928668152684834,1
TCGA-AC-A62X-01A-11R-A29R-07,0.443705915832097,1
TCGA-A7-A5ZW-01A-12R-A29R-07,0.8971567793602524,1
TCGA-BH-A28O-01A-11R-A22K-07,0.41601286280016747,1
TCGA-D8-A1XQ-01A-11R-A14M-07,0.5429423730340411,1
TCGA-E9-A248-01A-11R-A169-07,0.7673781819957425,1
TCGA-A8-A07E-01A-11R-A034-07,0.7480358050256478,1
TCGA-AC-A23E-01A-11R-A157-07,0.7535928129158975,1
TCGA-E9-A1N4-01A-11R-A14M-07,0.6667619801703442,1
TCGA-E2-A15H-01A-11R-A12D-07,0.8865409598269284,1
TCGA-E2-A1IJ-01A-11R-A144-07,0.785008922174583,1
TCGA-D8-A1XR-01A-11R-A14M-07,0.745987819488442,0
TCGA-A8-A075-01A-11R-A084-07,0.7738524379378847,1
TCGA-A8-A06U-01A-11R-A00Z-07,0.3608106457126638,1
TCGA-B6-A0X7-01A-11R-A10J-07,0.7955864494867455,1
TCGA-AQ-A04J-01A-02R-A034-07,0.8767872184878341,1
TCGA-A2-A0CQ-01A-21R-A034-07,0.4541375772698559,0
TCGA-A8-A07F-01A-11R-A00Z-07,0.7006135377366055,1
TCGA-A8-A082-01A-11R-A00Z-07,0.7944311663243443,1
TCGA-AN-A0XT-01A-11R-A109-07,0.7122891997706743,1
TCGA-AR-A24X-01A-11R-A169-07,0.7201796595223418,1
TCGA-A2-A04Y-01A-21R-A034-07,0.8986545136785921,0
TCGA-A2-A1G4-01A-11R-A13Q-07,0.7236735468987849,1
TCGA-B6-A0IE-01A-11R-A034-07,0.588535596035337,1
TCGA-A8-A079-01A-21R-A00Z-07,0.6215528336637922,1
TCGA-E2-A15E-01A-11R-A12D-07,0.8865385354795207,1
TCGA-E9-A1R3-01A-31R-A14M-07,0.7640841192086464,0
TCGA-AR-A0TT-01A-31R-A084-07,0.9161324491376875,1
TCGA-S3-AA0Z-01A-11R-A41B-07,0.7303658414248959,1
TCGA-BH-A0E1-01A-11R-A056-07,0.7983286636142857,1
TCGA-AC-A23G-01A-11R-A213-07,0.7103712168047439,0
TCGA-GM-A3XG-01A-31R-A24H-07,0.5526067129362026,1
TCGA-AR-A1AM-01A-41R-A22K-07,0.7055056334191043,1
TCGA-E9-A1N5-01A-11R-A14D-07,0.7917673840995321,1
TCGA-A2-A3XX-01A-21R-A239-07,0.47808535599744056,1
TCGA-BH-A0BQ-01A-21R-A115-07,0.6640953761921086,1
TCGA-EW-A1P7-01A-21R-A144-07,0.44095836425129104,1
TCGA-BH-A5IZ-01A-11R-A27Q-07,0.641869441285083,1
TCGA-D8-A1X7-01A-11R-A14M-07,0.8913501780752288,1
TCGA-BH-A0DP-01A-21R-A056-07,0.8489383502337988,1
TCGA-AC-A7VB-01A-11R-A352-07,0.5132341473241668,1
TCGA-A2-A0ST-01A-12R-A084-07,0.9656848694394842,1
TCGA-A2-A0ES-01A-11R-A115-07,0.8174490606541495,1
TCGA-BH-A0DT-01A-21R-A12D-07,0.8080027123627962,0
TCGA-AN-A0AR-01A-11R-A00Z-07,0.404912806016373,1
TCGA-A2-A0YJ-01A-11R-A109-07,0.3573871873925715,1
TCGA-D8-A4Z1-01A-21R-A266-07,0.8841059620120413,1
TCGA-AO-A0JC-01A-11R-A056-07,0.40943121995635134,1
TCGA-A2-A04Q-01A-21R-A034-07,0.6428181993431781,1
TCGA-GM-A2DF-01A-11R-A180-07,0.6408884912533142,0
TCGA-GM-A2DI-01A-31R-A18M-07,0.7507057148365569,0
TCGA-LL-A5YO-01A-21R-A28M-07,0.4332698576478218,1
TCGA-EW-A3E8-01B-11R-A24H-07,0.6041185641502433,1
TCGA-BH-A0E9-01B-11R-A115-07,0.8941014252704722,1
TCGA-AR-A1AH-01A-11R-A12D-07,0.45992547749224466,1
TCGA-E2-A10A-01A-21R-A115-07,0.5829888753750463,1
TCGA-C8-A1HF-01A-11R-A137-07,0.569793588030142,1
TCGA-A7-A13H-01A-11R-A22K-07,0.7465665225977519,1
TCGA-A7-A13F-01A-11R-A12P-07,0.777858459315332,1
TCGA-D8-A1XV-01A-11R-A14M-07,0.5319754365941011,1
TCGA-E2-A574-01A-11R-A29R-07,0.6220567736758964,1
TCGA-GM-A5PV-01A-11R-A28M-07,0.6555169467435267,1
TCGA-EW-A1PB-01A-11R-A144-07,0.5987150985479113,1
TCGA-E2-A1IO-01A-11R-A144-07,0.7380374037962838,0
TCGA-B6-A0RH-01A-21R-A115-07,0.6821707796053516,0
TCGA-BH-A0B7-01A-12R-A115-07,0.9016547062256364,1
TCGA-C8-A137-01A-11R-A115-07,0.6931198415058112,1
TCGA-LL-A8F5-01A-11R-A36F-07,0.4230790214956605,0
TCGA-AQ-A0Y5-01A-11R-A14M-07,0.5711839118875298,1
TCGA-D8-A13Z-01A-11R-A115-07,0.5743548527583486,1
TCGA-A2-A4RX-01A-11R-A266-07,0.9394662843450436,1
TCGA-AR-A24U-01A-11R-A169-07,0.8840686573743874,1
TCGA-E2-A105-01A-11R-A10J-07,0.6599608560870063,1
TCGA-C8-A1HN-01A-11R-A137-07,0.5883074548618341,1
TCGA-BH-A18S-01A-11R-A12D-07,0.30503981323203827,1
TCGA-E2-A14Q-01A-11R-A12D-07,0.7525580070838901,1
TCGA-A7-A0DA-01A-31R-A115-07,0.7683281486798968,1
TCGA-EW-A1P4-01A-21R-A144-07,0.537681997948133,1
TCGA-A8-A081-01A-11R-A00Z-07,0.6278989665813626,0
TCGA-BH-A0E0-01A-11R-A056-07,0.6909906574525199,1
TCGA-OL-A66N-01A-12R-A31O-07,0.39092663855422105,1
TCGA-E2-A2P6-01A-11R-A19W-07,0.465160524731627,1
TCGA-BH-A0DK-01A-21R-A056-07,0.663372219980422,0
TCGA-E9-A5UO-01A-11R-A28M-07,0.4485803996724297,1
TCGA-D8-A1JC-01A-11R-A13Q-07,0.8633859075964945,1
TCGA-C8-A134-01A-11R-A115-07,0.6973056063740559,0
TCGA-A2-A3XT-01A-11R-A22U-07,0.6371305530630322,0
TCGA-AR-A256-01A-11R-A169-07,0.5951638480857778,1
TCGA-D8-A1JL-01A-11R-A13Q-07,0.6995180545114854,0
TCGA-E9-A24A-01A-11R-A169-07,0.7130618243390036,0
TCGA-A2-A3XZ-01A-42R-A239-07,0.7404489490186775,1
TCGA-BH-A0BF-01A-21R-A12P-07,0.9720892911204738,1
TCGA-D8-A27F-01A-11R-A16F-07,0.3839661195685479,1
TCGA-A2-A0CY-01A-12R-A034-07,0.40507235700383765,0
TCGA-D8-A27E-01A-11R-A16F-07,0.4166146700068166,1
TCGA-A2-A0EP-01A-52R-A22U-07,0.5833078114013047,1
TCGA-GI-A2C8-01A-11R-A16F-07,0.8009429390341958,1
TCGA-A8-A099-01A-11R-A00Z-07,0.47088525132913017,1
TCGA-A2-A04U-01A-11R-A115-07,0.44115020434412755,0
TCGA-BH-A0HP-01A-12R-A084-07,0.7663059679247425,0
TCGA-EW-A2FV-01A-11R-A17B-07,0.6623078058256385,1
TCGA-A2-A0CR-01A-11R-A22K-07,0.1586515887215716,0
TCGA-BH-A0DS-01A-11R-A056-07,0.792504141514804,1
TCGA-D8-A1XC-01A-11R-A14D-07,0.4529989460317102,1
TCGA-E2-A14O-01A-31R-A115-07,0.14088855393498562,0
TCGA-A1-A0SF-01A-11R-A144-07,0.9047776260291224,0
TCGA-A8-A06X-01A-21R-A00Z-07,0.7580751188273169,1
TCGA-BH-A0HI-01A-11R-A084-07,0.7305356281722225,1
TCGA-E2-A14U-01A-11R-A22K-07,0.8841536313177073,1
TCGA-E2-A15A-01A-11R-A12D-07,0.8745181492323715,1
TCGA-A2-A1G6-01A-11R-A13Q-07,0.6436577751700411,1
TCGA-B6-A1KC-01B-11R-A157-07,0.37684180780344967,1
TCGA-OL-A5RZ-01A-11R-A28M-07,0.4087495661250565,1
TCGA-A8-A07I-01A-11R-A00Z-07,0.8569105194534344,1
TCGA-A2-A0T0-01A-22R-A084-07,0.7113881004229173,0
TCGA-BH-A42V-01A-11R-A24H-07,0.8224674460875833,0
TCGA-GM-A3XN-01A-12R-A22U-07,0.6782862333233108,1
TCGA-D8-A3Z6-01A-11R-A239-07,0.6852533298948208,1
TCGA-B6-A0IQ-01A-11R-A034-07,0.5338663693166523,1
TCGA-A8-A095-01A-11R-A00Z-07,0.9344666226074163,0
TCGA-AO-A125-01A-11R-A10J-07,0.39868285893345967,1
TCGA-EW-A6SA-01A-21R-A32P-07,0.4436014523773605,1
TCGA-BH-A0DD-01A-31R-A12P-07,0.8537348815458001,1
TCGA-AO-A0J3-01A-11R-A034-07,0.5841284099065029,1
TCGA-A2-A3XS-01A-11R-A22U-07,0.805201057137521,1
TCGA-AC-A8OR-01A-21R-A41B-07,0.6843606736318668,1
TCGA-BH-A0HK-01A-11R-A056-07,0.7736593430241626,1
TCGA-E2-A1IG-01A-11R-A144-07,0.8350926789871754,1
TCGA-AO-A12B-01A-11R-A10J-07,0.5125459285871862,1
TCGA-EW-A1J5-01A-11R-A13Q-07,0.8533920731478948,0
TCGA-C8-A12Q-01A-11R-A115-07,0.844454560754928,1
TCGA-A2-A0EQ-01A-11R-A034-07,0.8298627646849911,1
TCGA-GM-A3XL-01A-11R-A22U-07,0.2934391763327099,0
TCGA-BH-A1EU-01A-11R-A137-07,0.40704811421427606,0
TCGA-BH-A0RX-01A-21R-A084-07,0.791827865208394,1
TCGA-E9-A1RF-01A-11R-A157-07,0.7447552027927871,0
TCGA-AC-A2QI-01A-12R-A19W-07,0.775351947221445,1
TCGA-A8-A090-01A-11R-A00Z-07,0.7686732161046473,1
TCGA-AR-A5QQ-01A-11R-A28M-07,0.603009817271026,1
TCGA-XX-A899-01A-11R-A36F-07,0.744937718363683,0
TCGA-E2-A156-01A-11R-A12D-07,0.6168875304607686,1
TCGA-AN-A04C-01A-21R-A034-07,0.501193655635316,1
TCGA-AN-A0AT-01A-11R-A034-07,0.5742494138431902,1
TCGA-UL-AAZ6-01A-11R-A41B-07,0.27257864951649746,1
TCGA-D8-A1X9-01A-12R-A157-07,0.6612822220504424,0
TCGA-E9-A22E-01A-11R-A157-07,0.8895687346127145,1
TCGA-BH-A1FB-01A-11R-A13Q-07,0.7900782640805664,1
TCGA-C8-A8HR-01A-11R-A36F-07,0.8113945310765984,1
TCGA-EW-A2FR-01A-11R-A21T-07,0.9433271506961268,1
TCGA-AN-A0AJ-01A-11R-A00Z-07,0.6883353883366078,1
TCGA-LD-A7W6-01A-81R-A352-07,0.8683032080350216,1
TCGA-BH-A0B6-01A-11R-A19W-07,0.5936182345215623,1
TCGA-AR-A252-01A-11R-A169-07,0.5110401732510674,1
TCGA-AR-A254-01A-21R-A169-07,0.8540341278821133,0
TCGA-AO-A03P-01A-11R-A00Z-07,0.6343412397685263,0
TCGA-A8-A07O-01A-11R-A00Z-07,0.40565131075280286,1
TCGA-EW-A1PE-01A-11R-A144-07,0.7375345835277093,1
TCGA-AR-A2LL-01A-11R-A180-07,0.8270480414087966,0
TCGA-A7-A26H-01A-11R-A169-07,0.7433489396394498,1
TCGA-C8-A26Z-01A-11R-A16F-07,0.6507980966264326,1
TCGA-AO-A0J9-01A-11R-A034-07,0.6231426336252914,1
TCGA-EW-A1PF-01A-11R-A144-07,0.755807728161568,1
TCGA-A2-A25F-01A-11R-A169-07,0.9219614479261554,1
TCGA-D8-A73W-01A-22R-A352-07,0.6537775769504219,0
TCGA-AR-A2LJ-01A-12R-A19W-07,0.2802548142369925,1
TCGA-A8-A07C-01A-11R-A034-07,0.5516238446849493,1
TCGA-E9-A245-01A-22R-A16F-07,0.6467572783839535,1
TCGA-B6-A408-01A-12R-A24H-07,0.4319965730602391,1
TCGA-AR-A255-01A-11R-A169-07,0.9310819194624868,1
TCGA-E2-A1L6-01A-11R-A13Q-07,0.8498198621587835,1
TCGA-E9-A295-01A-11R-A16F-07,0.8449047989347055,1
TCGA-BH-A1FE-01A-11R-A13Q-07,0.727098803955043,1
TCGA-BH-A1FM-01A-11R-A13Q-07,0.274272627551744,1
TCGA-OL-A5RU-01A-11R-A28M-07,0.727992904252376,1
TCGA-C8-A1HO-01A-11R-A13Q-07,0.4111441331403379,1
TCGA-GM-A2DO-01A-11R-A18M-07,0.6177518397659001,1
TCGA-AN-A0FZ-01A-11R-A034-07,0.6162718567308352,1
TCGA-D8-A1JN-01A-11R-A13Q-07,0.30067281018430925,1
TCGA-OL-A6VO-01A-12R-A33J-07,0.7852297600039404,1
TCGA-AN-A0FV-01A-11R-A00Z-07,0.629809561704583,0
TCGA-D8-A1J9-01A-11R-A13Q-07,0.8897432777331302,1
TCGA-B6-A0IB-01A-11R-A034-07,0.5394584532132741,1
TCGA-A8-A06R-01A-11R-A00Z-07,0.8314901402095513,1
TCGA-AR-A24H-01A-11R-A169-07,0.259485101334138,0
TCGA-E2-A109-01A-11R-A10J-07,0.668910883729381,1
TCGA-AR-A5QN-01A-12R-A28M-07,0.7074046490265566,0
TCGA-A2-A0EX-01A-21R-A034-07,0.879115480036662,0
TCGA-C8-A12N-01A-11R-A115-07,0.8005503087681347,1
TCGA-A2-A259-01A-11R-A16F-07,0.8842003206923342,1
TCGA-AO-A12A-01A-21R-A115-07,0.8856821485769267,1
TCGA-A7-A3RF-01A-11R-A22K-07,0.19990320552722746,1
TCGA-AN-A0FS-01A-11R-A034-07,0.7823835836857477,0
TCGA-C8-A26W-01A-11R-A16F-07,0.8963542126195055,1
TCGA-E9-A1RC-01A-11R-A157-07,0.7079146964511189,0
TCGA-E2-A1B0-01A-11R-A12P-07,0.7279312187774059,1
TCGA-AO-A126-01A-11R-A10J-07,0.5872583127634979,0
TCGA-AC-A4ZE-01A-11R-A41B-07,0.6661083412585793,1
TCGA-E9-A229-01A-31R-A157-07,0.7965377852364461,0
TCGA-EW-A1P1-01A-31R-A14D-07,0.5994264620020241,1
TCGA-BH-AB28-01A-31R-A41B-07,0.8335390311719343,0
TCGA-A8-A08P-01A-11R-A00Z-07,0.8891921926277971,1
TCGA-EW-A1IX-01A-12R-A144-07,0.6951994280465255,1
TCGA-LL-A73Z-01A-11R-A32P-07,0.8284453413891874,1
TCGA-E9-A1R7-01A-11R-A14M-07,0.2476823760050671,1
TCGA-BH-A1F2-01A-31R-A13Q-07,0.682066593357008,1
TCGA-A8-A0A6-01A-12R-A056-07,0.755846724787041,1
TCGA-A1-A0SE-01A-11R-A084-07,0.8459437011283768,1
TCGA-E9-A1NG-01A-21R-A14M-07,0.7454312439478632,0
TCGA-B6-A1KF-01A-11R-A13Q-07,0.456248304874589,0
TCGA-BH-A0EE-01A-11R-A034-07,0.35629596005284564,1
TCGA-BH-A0BD-01A-11R-A034-07,0.9095707852442563,1
TCGA-OL-A5RY-01A-21R-A28M-07,0.7550844874827213,1
TCGA-E9-A1RD-01A-11R-A157-07,0.7991254483883318,1
TCGA-AR-A24K-01A-11R-A169-07,0.7210189452269762,1
TCGA-BH-A0BP-01A-11R-A115-07,0.6679905413929781,1
TCGA-C8-A130-01A-31R-A115-07,0.8762215334370901,1
TCGA-B6-A0RG-01A-11R-A056-07,0.7868643322542338,1
TCGA-E9-A1NA-01A-11R-A144-07,0.7086926593221841,1
TCGA-A8-A0A2-01A-11R-A034-07,0.7025168445587331,1
TCGA-E2-A14V-01A-11R-A12D-07,0.8595975081090282,1
TCGA-E2-A1LL-01A-11R-A144-07,0.6424076850358156,1
TCGA-AR-A24M-01A-11R-A169-07,0.6313025486335885,0
TCGA-A8-A0AB-01A-11R-A034-07,0.5158662685616187,1
TCGA-C8-A1HL-01A-11R-A137-07,0.6054800051813279,0
TCGA-OL-A66P-01A-11R-A31O-07,0.38628656450588167,1
TCGA-OL-A66K-01A-11R-A29R-07,0.7456893641882733,1
TCGA-BH-A0HF-01A-11R-A056-07,0.9062231427421216,1
TCGA-AN-A03X-01A-21R-A00Z-07,0.5904193409027494,0
TCGA-A2-A1FV-01A-11R-A13Q-07,0.3458837487367078,1
TCGA-E9-A3HO-01A-11R-A213-07,0.433679483684622,1
TCGA-A2-A0YE-01A-11R-A109-07,0.7769818623605624,1
TCGA-A1-A0SP-01A-11R-A084-07,0.7500255664789477,1
TCGA-AO-A0J7-01A-11R-A034-07,0.35436375731728226,0
TCGA-C8-A3M7-01A-12R-A21T-07,0.7176318484004655,1
TCGA-A2-A0YG-01A-21R-A109-07,0.7836887495871785,1
TCGA-E2-A14Y-01A-21R-A12D-07,0.5455560619858714,1
TCGA-EW-A424-01A-11R-A24H-07,0.4870525708666321,1
TCGA-D8-A141-01A-11R-A115-07,0.7794941286969852,1
TCGA-C8-A1HJ-01A-11R-A13Q-07,0.5000547647047547,1
TCGA-C8-A12O-01A-11R-A115-07,0.6710617772303856,1
TCGA-LL-A442-01A-11R-A24H-07,0.551616640385205,0
TCGA-C8-A12Z-01A-11R-A115-07,0.46134777003496213,1
TCGA-EW-A1OX-01A-11R-A144-07,0.44672220670512197,1
TCGA-E9-A1RG-01A-11R-A14D-07,0.39442218739529294,1
TCGA-AQ-A1H2-01A-11R-A13Q-07,0.5325083360295745,1
TCGA-AR-A24Q-01A-12R-A169-07,0.8621013472493911,1
TCGA-A8-A09K-01A-11R-A00Z-07,0.3958605823836908,1
TCGA-BH-A0W7-01A-11R-A115-07,0.6345196533568878,1
TCGA-BH-A0H0-01A-11R-A056-07,0.5803529166141065,1
TCGA-AO-A0JD-01A-11R-A056-07,0.21731781814446385,0
TCGA-A2-A4RW-01A-21R-A266-07,0.6984491099839328,1
TCGA-C8-A12U-01A-11R-A115-07,0.350939154977755,1
TCGA-C8-A12V-01A-11R-A115-07,0.8064608985804965,1
TCGA-E9-A1NC-01A-21R-A26B-07,0.6580523386366195,0
TCGA-AO-A12G-01A-11R-A10J-07,0.7794323773293781,1
TCGA-S3-AA11-01A-31R-A41B-07,0.7128198305621615,0
TCGA-BH-A0HQ-01A-11R-A034-07,0.8488293353971478,1
TCGA-AO-A03L-01A-41R-A056-07,0.544293723934668,1
TCGA-C8-A1HM-01A-12R-A137-07,0.3288155588551006,0
TCGA-D8-A146-01A-31R-A115-07,0.8423800196324743,1
TCGA-A2-A0EV-01A-11R-A034-07,0.8279739288402619,1
TCGA-E2-A154-01A-11R-A115-07,0.7571765524500796,1
TCGA-E2-A1LE-01A-12R-A19W-07,0.7500962200716069,1
TCGA-E9-A1R5-01A-11R-A14M-07,0.5728629195883413,0
TCGA-AC-A3EH-01A-22R-A22K-07,0.6931589448264183,1
TCGA-C8-A12Y-01A-11R-A12D-07,0.33914005023052973,1
TCGA-BH-A0E2-01A-11R-A056-07,0.761547340599041,1
TCGA-D8-A1XG-01A-11R-A14D-07,0.634317935922865,0
TCGA-OL-A5DA-01A-11R-A27Q-07,0.6776099273082176,1
TCGA-AC-A3HN-01A-11R-A213-07,0.8546380391979582,1
TCGA-B6-A0RP-01A-21R-A084-07,0.7635540833377613,0
TCGA-3C-AALI-01A-11R-A41B-07,0.5094960405316069,1
TCGA-D8-A1Y2-01A-11R-A157-07,0.9134430605339763,1
TCGA-S3-AA15-01A-11R-A41B-07,0.9112847660539102,1
TCGA-BH-A0W5-01A-11R-A109-07,0.8715964747285951,1
TCGA-A8-A097-01A-11R-A034-07,0.7508785525000846,0
TCGA-AO-A12D-01A-11R-A115-07,0.7921240236589903,1
TCGA-AN-A04A-01A-21R-A034-07,0.6685696667598271,0
TCGA-E2-A1B4-01A-11R-A12P-07,0.415184446850266,1
TCGA-A8-A09R-01A-11R-A00Z-07,0.8356687624056952,1
TCGA-XX-A89A-01A-11R-A36F-07,0.6080049283644593,0
TCGA-AR-A24O-01A-11R-A169-07,0.7585965826208002,1
TCGA-E2-A1LG-01A-21R-A14M-07,0.8580247941818957,1
TCGA-AC-A8OS-01A-12R-A41B-07,0.6548328630842899,1
TCGA-HN-A2NL-01A-11R-A18M-07,0.6749842342754194,1
TCGA-E9-A1N6-01A-11R-A144-07,0.8335538827844915,1
TCGA-E2-A10C-01A-21R-A10J-07,0.5797346287472857,1
TCGA-BH-A0AU-01A-11R-A12P-07,0.9111972425415571,1
TCGA-A2-A0EW-01A-21R-A115-07,0.9009672703663276,1
TCGA-A8-A07B-01A-11R-A00Z-07,0.6608356941147049,1
TCGA-E2-A15K-01A-11R-A12P-07,0.8901981245298374,1
TCGA-EW-A6S9-01A-22R-A33J-07,0.7295062499089469,1
TCGA-AC-A3W5-01A-11R-A22K-07,0.8851796433106558,1
TCGA-BH-A0AV-01A-31R-A115-07,0.6165925588004554,0
TCGA-A2-A0T7-01A-21R-A084-07,0.7124785244895756,1
TCGA-AO-A03V-01A-11R-A115-07,0.8338563538222097,1
TCGA-BH-A0DZ-01A-11R-A00Z-07,0.6820191980538677,1
TCGA-AN-A041-01A-11R-A034-07,0.6838405736172435,1
TCGA-B6-A0I5-01A-11R-A034-07,0.43655715998451144,1
TCGA-BH-A0BM-01A-11R-A056-07,0.7426003637399847,0
TCGA-BH-A0GZ-01A-11R-A056-07,0.6034667957148858,0
TCGA-LL-A5YN-01A-11R-A28M-07,0.2022156766815062,0
TCGA-B6-A0RM-01A-11R-A084-07,0.6805187191917068,1
TCGA-A2-A4S3-01A-21R-A266-07,0.5529649676573712,1
TCGA-BH-A201-01A-11R-A14M-07,0.8414936517682308,1
TCGA-A2-A0SV-01A-11R-A084-07,0.7685883916839112,1
TCGA-A8-A07L-01A-11R-A00Z-07,0.48417081030683656,1
TCGA-AR-A2LN-01A-21R-A18M-07,0.7976658803014953,1
TCGA-C8-A278-01A-11R-A169-07,0.47520015253414927,0
TCGA-A2-A0CM-01A-31R-A034-07,0.7135999416776048,1
TCGA-C8-A1HE-01A-11R-A13Q-07,0.6669331006614997,0
TCGA-LL-A7T0-01A-31R-A352-07,0.5706810967442805,1
TCGA-B6-A0WT-01A-11R-A109-07,0.8338591543191813,1
TCGA-OL-A5D6-01A-21R-A27Q-07,0.5882989136804061,0
TCGA-E2-A14S-01A-11R-A12D-07,0.7704488942157561,1
TCGA-AQ-A1H3-01A-31R-A13Q-07,0.9081898697450229,1
TCGA-BH-A1F8-01A-11R-A13Q-07,0.33950513524829795,1
TCGA-A8-A0AD-01A-11R-A056-07,0.7859139619076163,1
TCGA-GM-A2DA-01A-11R-A18M-07,0.5804354376004957,1
TCGA-A2-A0T5-01A-21R-A084-07,0.6953013668971992,1
TCGA-A8-A09M-01A-11R-A00Z-07,0.8565442588615806,1
TCGA-B6-A0X1-01A-11R-A109-07,0.5949922680765494,1
TCGA-AN-A0XU-01A-11R-A109-07,0.6219917156075992,1
TCGA-BH-A1EV-01A-11R-A137-07,0.810440158215828,0
TCGA-EW-A1OZ-01A-11R-A144-07,0.6576655826605179,1
TCGA-C8-A12X-01A-11R-A115-07,0.3058057325147725,1
TCGA-JL-A3YX-01A-11R-A22U-07,0.6164003189472257,0
TCGA-OL-A5D7-01A-11R-A27Q-07,0.2628442533552354,1
TCGA-E2-A1IK-01A-11R-A144-07,0.5701882311143565,1
TCGA-A2-A0CW-01A-21R-A115-07,0.5117027262930088,1
TCGA-A2-A0ET-01A-31R-A034-07,0.38925461520433274,1
TCGA-B6-A400-01A-11R-A239-07,0.8423476072269649,1
