sample_id,score,y_member
TCGA-E2-A158-01A-11R-A12D-07,0.8472403683564366,1
TCGA-AO-A1KO-01A-31R-A13Q-07,0.8482371740268851,0
TCGA-AR-A0TX-01A-11R-A084-07,0.9818355969684917,1
TCGA-D8-A1XB-01A-11R-A14D-07,1.1308771399632986,1
TCGA-B6-A0IG-01A-11R-A034-07,1.0132852974264106,0
TCGA-AC-A5EH-01A-11R-A28M-07,1.0027557116081,0
TCGA-LL-A7SZ-01A-32R-A352-07,0.741563057934878,1
TCGA-A7-A26J-01A-11R-A169-07,1.0839546208643793,1
TCGA-E9-A22H-01A-11R-A157-07,1.002467566102369,0
TCGA-BH-A208-01A-11R-A157-07,0.9921402742477995,1
TCGA-BH-A6R9-01A-21R-A32P-07,0.9789458190281191,0
TCGA-OL-A5S0-01A-11R-A28M-07,0.9006343595623632,1
TCGA-A1-A0SD-01A-11R-A115-07,1.0911169435934094,1
TCGA-AO-A0JB-01A-11R-A32Y-07,0.8643669092349907,1
TCGA-E2-A1BD-01A-11R-A12P-07,1.102074995196852,0
TCGA-AN-A0AS-01A-11R-A00Z-07,1.0633138090193666,1
TCGA-A7-A13G-01A-11R-A13Q-07,0.7484046878423639,1
TCGA-B6-A0RS-01A-11R-A084-07,1.0588683720189922,1
TCGA-A2-A4S0-01A-21R-A266-07,0.916356484913001,1
TCGA-BH-A1F5-01A-12R-A13Q-07,0.8765358011858799,0
TCGA-A2-A0CX-01A-21R-A00Z-07,1.0579708678726223,1
TCGA-A7-A13D-01A-13R-A12P-07,0.9308683150465693,1
TCGA-AN-A03Y-01A-21R-A00Z-07,0.9807258416430773,1
TCGA-E9-A1ND-01A-11R-A144-07,0.9904313653196957,1
TCGA-EW-A1P5-01A-11R-A144-07,1.1189725404911013,0
TCGA-EW-A423-01A-11R-A24H-07,0.84151515685415,1
TCGA-A7-A5ZV-01A-11R-A28M-07,0.7957154715406182,1
TCGA-C8-A8HP-01A-11R-A36F-07,1.0051080375429409,1
TCGA-AQ-A54O-01A-11R-A266-07,0.8369894909245814,0
TCGA-E9-A5FK-01A-11R-A27Q-07,0.9121741266470791,1
TCGA-D8-A142-01A-11R-A115-07,0.9724341457738317,0
TCGA-BH-A0BC-01A-22R-A084-07,1.0836204532145912,0
TCGA-A2-A0EY-01A-11R-A034-07,0.9976852367776229,1
TCGA-D8-A1J8-01A-11R-A13Q-07,0.9039347444169556,1
TCGA-A8-A06Y-01A-21R-A00Z-07,1.0301885645261344,1
TCGA-EW-A1J1-01A-11R-A13Q-07,0.9952593451032274,1
TCGA-BH-A0C0-01A-21R-A056-07,1.0444113077669113,1
TCGA-AC-A2FK-01A-12R-A180-07,0.9691168680228421,1
TCGA-A2-A3XV-01A-21R-A239-07,0.6530142204618887,1
TCGA-BH-A0HB-01A-11R-A056-07,1.0538063684344918,1
TCGA-AN-A0XL-01A-11R-A10J-07,1.0986705281235045,1
TCGA-E2-A10B-01A-11R-A10J-07,1.1006013732496551,1
TCGA-A2-A04X-01A-21R-A034-07,1.029227724373428,1
TCGA-AR-A1AN-01A-11R-A12P-07,1.0591795285058945,1
TCGA-A2-A0EM-01A-11R-A034-07,1.0273776777578452,1
TCGA-B6-A0WS-01A-11R-A115-07,1.1554754016224211,1
TCGA-D8-A1XD-01A-11R-A14D-07,0.977409108792361,1
TCGA-A8-A091-01A-11R-A00Z-07,0.8736791400405998,0
TCGA-E9-A2JS-01A-11R-A180-07,1.000923375524936,1
TCGA-A2-A1G1-01A-21R-A13Q-07,0.8297007436751777,1
TCGA-E9-A22B-01A-11R-A157-07,1.072947401654568,1
TCGA-D8-A27G-01A-11R-A16F-07,1.098237727687523,1
TCGA-A7-A13E-01A-11R-A12P-07,0.8891180245038229,0
TCGA-BH-A0AY-01A-21R-A00Z-07,1.1306033113383482,1
TCGA-E2-A1L7-01A-11R-A144-07,1.0871528308894878,1
TCGA-AN-A046-01A-21R-A034-07,1.210208168661588,1
TCGA-AN-A0AL-01A-11R-A00Z-07,0.9335319460248535,1
TCGA-D8-A27K-01A-11R-A16F-07,0.980227649223408,1
TCGA-BH-A0DO-01B-11R-A12D-07,1.0670401825633093,1
TCGA-A7-A4SB-01A-21R-A266-07,0.927102557595569,1
TCGA-EW-A6SB-01A-12R-A32P-07,0.8493168343596105,1
TCGA-D8-A1JM-01A-11R-A13Q-07,0.8174795382425555,1
TCGA-OL-A66J-01A-11R-A29R-07,1.0470536863437725,0
TCGA-D8-A13Y-01A-11R-A115-07,0.836402053478332,1
TCGA-AR-A24N-01A-11R-A169-07,1.0466885814551072,1
TCGA-BH-A0B1-01A-12R-A056-07,1.0895200184375986,0
TCGA-B6-A0RN-01A-12R-A084-07,1.0965457117010016,1
TCGA-A2-A0T1-01A-21R-A084-07,1.1258414170953481,1
TCGA-AN-A0AM-01A-11R-A034-07,1.064199324718092,0
TCGA-E2-A1LA-01A-11R-A144-07,1.0611622661778213,1
TCGA-JL-A3YW-01A-12R-A239-07,1.0127714259041123,1
TCGA-BH-A0H3-01A-11R-A12P-07,1.0641618481007737,0
TCGA-E2-A1IF-01A-11R-A144-07,1.0230988663244547,0
TCGA-C8-A26X-01A-31R-A16F-07,1.073791353795354,0
TCGA-A8-A09B-01A-11R-A00Z-07,1.1227897939313896,1
TCGA-A7-A26G-01A-21R-A169-07,0.9572169004763801,1
TCGA-AC-A2FE-01A-11R-A19W-07,1.091886661009399,0
TCGA-A8-A08G-01A-11R-A00Z-07,1.0824748561703166,1
TCGA-AN-A0FJ-01A-11R-A00Z-07,0.8570740750388193,1
TCGA-B6-A0RV-01A-11R-A084-07,1.1878770993851209,1
TCGA-B6-A0WV-01A-11R-A109-07,1.0873517312956633,1
TCGA-A8-A07P-01A-11R-A00Z-07,1.0105862458076849,0
TCGA-A8-A08H-01A-21R-A00Z-07,1.0320800258934089,0
TCGA-AR-A0TW-01A-11R-A084-07,0.9585424492659093,1
TCGA-E2-A15F-01A-11R-A115-07,1.0213238719539741,1
TCGA-B6-A0WX-01A-11R-A109-07,1.0126321955807955,1
TCGA-D8-A1Y1-01A-21R-A14M-07,1.0969708830577405,1
TCGA-E2-A14Z-01A-11R-A115-07,1.1485358324912573,1
TCGA-A2-A25A-01A-12R-A16F-07,1.1256179945812999,1
TCGA-A2-A0CT-01A-31R-A056-07,1.0125324729511487,1
TCGA-HN-A2OB-01A-21R-A27Q-07,1.0877229789618796,1
TCGA-B6-A0RT-01A-21R-A084-07,0.9640641282919955,1
TCGA-AR-A24T-01A-11R-A169-07,1.0171853806245352,0
TCGA-E9-A1R0-01A-22R-A16F-07,1.1562714244596988,1
TCGA-E9-A5FL-01A-11R-A27Q-07,0.8028738560185379,1
TCGA-E2-A3DX-01A-21R-A213-07,1.020572409739006,1
TCGA-E2-A14T-01A-11R-A115-07,0.991119342832148,1
TCGA-A2-A4RY-01A-31R-A266-07,0.9650097103348437,1
TCGA-AR-A2LK-01A-11R-A180-07,1.0915206149846377,1
TCGA-BH-A42U-01A-12R-A24H-07,0.8369893670034096,1
TCGA-AO-A12C-01A-11R-A10J-07,1.072643601627421,1
TCGA-A2-A3XY-01A-11R-A239-07,0.8621337750231919,1
TCGA-D8-A73X-01A-11R-A32P-07,1.064697244439912,0
TCGA-AR-A2LO-01A-31R-A18M-07,1.127164662175939,1
TCGA-AO-A0JJ-01A-11R-A056-07,1.197063450845325,1
TCGA-LD-A74U-01A-13R-A33J-07,1.179970943512368,1
TCGA-AN-A0XN-01A-21R-A109-07,1.0607372186525001,0
TCGA-E2-A107-01A-11R-A10J-07,0.9578907097131245,1
TCGA-A7-A6VV-01A-22R-A33J-07,0.9221602906088007,1
TCGA-AC-A5XS-01A-11R-A29R-07,1.070545462207247,0
TCGA-BH-A0H6-01A-21R-A056-07,1.1445232206097686,0
TCGA-AC-A23C-01A-12R-A169-07,1.02800965116099,1
TCGA-E9-A1NH-01A-11R-A14D-07,1.10843626685445,0
TCGA-D8-A1XW-01A-11R-A14M-07,0.9018762610681972,1
TCGA-AO-A0JG-01A-31R-A084-07,1.0914831384480077,1
TCGA-BH-A18N-01A-11R-A12D-07,1.0015874997869614,1
TCGA-A1-A0SO-01A-22R-A084-07,0.766889894547106,1
TCGA-BH-A0B5-01A-11R-A12P-07,1.186679064910626,1
TCGA-A8-A09T-01A-11R-A00Z-07,1.0966767680277396,1
TCGA-BH-A0BR-01A-21R-A115-07,1.0815323950912008,1
TCGA-D8-A27W-01A-11R-A16F-07,1.0265440547505853,1
TCGA-BH-A0BW-01A-11R-A115-07,0.8538428966300632,1
TCGA-GM-A2DB-01A-31R-A18M-07,0.8948703340226392,1
TCGA-AC-A2QH-01A-11R-A18M-07,0.7613792627762285,1
TCGA-D8-A1JB-01A-11R-A13Q-07,1.0165221975140082,1
TCGA-BH-A1ES-01A-11R-A137-07,1.072769332496997,1
TCGA-OL-A97C-01A-32R-A41B-07,1.000200794675985,1
TCGA-A2-A0YF-01A-21R-A109-07,1.013123997364741,0
TCGA-D8-A1XS-01A-11R-A14M-07,1.1169467532331718,1
TCGA-D8-A140-01A-11R-A115-07,1.026513142138558,1
TCGA-A8-A09Q-01A-11R-A00Z-07,1.0610848857535138,1
TCGA-B6-A0I1-01A-11R-A21T-07,0.7724542022275096,1
TCGA-AO-A0JE-01A-11R-A056-07,1.0576820535418157,1
TCGA-A2-A1FW-01A-11R-A13Q-07,0.846660287472654,1
TCGA-D8-A1XY-01A-11R-A14M-07,1.0300564183472334,1
TCGA-A2-A04R-01A-41R-A109-07,1.0460213113839059,1
TCGA-A2-A1FX-01A-11R-A13Q-07,1.1339662396413897,1
TCGA-A8-A07W-01A-11R-A00Z-07,1.014339197191441,0
TCGA-D8-A1XK-01A-21R-A14M-07,0.8648012206140844,1
TCGA-D8-A3Z5-01A-41R-A24H-07,0.9095919630205526,0
TCGA-LL-A5YM-01A-11R-A28M-07,0.6548208209289059,1
TCGA-B6-A0IJ-01A-11R-A034-07,0.8580871049014789,1
TCGA-A8-A06N-01A-11R-A00Z-07,0.7792944697447224,1
TCGA-GM-A2DM-01A-11R-A180-07,1.0891072318985302,1
TCGA-E2-A15D-01A-11R-A115-07,1.0751487809815712,1
TCGA-B6-A1KI-01A-11R-A14M-07,1.0474317457010642,1
TCGA-D8-A1JS-01A-11R-A13Q-07,0.8517882279493268,1
TCGA-PE-A5DD-01A-12R-A27Q-07,1.0196274965627405,1
TCGA-BH-A0BG-01A-11R-A115-07,1.054549656645738,1
TCGA-LL-A6FQ-01A-11R-A31O-07,0.8040537591299314,1
TCGA-E2-A1IN-01A-11R-A13Q-07,1.1700458118860386,0
TCGA-A8-A06T-01A-11R-A00Z-07,0.965752453618098,1
TCGA-B6-A402-01A-11R-A239-07,0.8461109952821955,1
TCGA-E2-A9RU-01A-11R-A41B-07,0.756705523629307,0
TCGA-A2-A3XW-01A-11R-A239-07,0.8580910681379792,1
TCGA-B6-A0RU-01A-11R-A084-07,0.9410765390919119,1
TCGA-A8-A086-01A-11R-A00Z-07,1.1326751454153599,1
TCGA-B6-A40C-01A-11R-A239-07,1.1665846720428175,1
TCGA-D8-A1JF-01A-11R-A13Q-07,0.8357407776529878,0
TCGA-A2-A0T6-01A-11R-A084-07,0.9772333678854285,1
TCGA-BH-A1FG-01A-11R-A13Q-07,0.9980089268587078,1
TCGA-GM-A3NY-01A-11R-A21T-07,0.918764542586348,1
TCGA-AN-A0AK-01A-21R-A00Z-07,0.8254433331271082,1
TCGA-BH-A1FC-01A-11R-A13Q-07,0.7929297755960164,1
TCGA-E9-A227-01A-11R-A157-07,1.1386034681381274,1
TCGA-BH-A18P-01A-11R-A12D-07,1.1041660505212607,1
TCGA-E2-A15R-01A-11R-A115-07,0.8674590059201632,1
TCGA-BH-A0WA-01A-11R-A109-07,0.9412915150317341,1
TCGA-BH-A42T-01A-11R-A24H-07,0.9873282461585461,1
TCGA-AC-A23H-01A-11R-A157-07,1.0091940914023139,1
TCGA-OL-A66I-01A-21R-A29R-07,0.8878913809925341,0
TCGA-S3-AA17-01A-11R-A41B-07,0.938151340333916,1
TCGA-AR-A1AL-01A-21R-A12P-07,1.1137136675597847,1
TCGA-AC-A2B8-01A-11R-A17B-07,1.0386309341216362,1
TCGA-D8-A1XO-01A-11R-A14M-07,1.1307305531315999,0
TCGA-C8-A26Y-01A-11R-A16F-07,0.92625219020118,0
TCGA-BH-A0DG-01A-21R-A12P-07,1.1203837922237654,1
TCGA-E9-A243-01A-21R-A169-07,0.9247240751243587,1
TCGA-A2-A04W-01A-31R-A115-07,0.9108176652786284,1
TCGA-A8-A09G-01A-21R-A00Z-07,0.9989282283033089,1
TCGA-BH-A0DI-01A-21R-A12P-07,1.1120036687335733,0
TCGA-E2-A152-01A-11R-A12D-07,1.060748662209554,0
TCGA-AQ-A7U7-01A-22R-A352-07,1.0488096080782177,0
TCGA-BH-A0BZ-01A-31R-A12P-07,1.1056977076772074,1
TCGA-EW-A1OV-01A-11R-A144-07,1.0215829874400362,1
TCGA-A8-A0A7-01A-11R-A00Z-07,1.1009306365229306,1
TCGA-BH-A1EN-01A-11R-A13Q-07,0.944081025527218,1
TCGA-E2-A1IE-01A-11R-A13Q-07,1.0567150704841182,1
TCGA-BH-A0HW-01A-11R-A034-07,0.9479454156541536,0
TCGA-BH-A0BJ-01A-11R-A056-07,1.2081943698426414,0
TCGA-AO-A03N-01B-11R-A10J-07,0.9930464973825546,1
TCGA-EW-A1P3-01A-11R-A144-07,1.103115816616676,1
TCGA-B6-A0I2-01A-11R-A034-07,0.8777204848470194,1
TCGA-EW-A1PD-01A-11R-A144-07,1.146030628307018,1
TCGA-B6-A0IH-01A-11R-A115-07,1.0683078446689,1
TCGA-E2-A15M-01A-11R-A12D-07,1.096986413757231,1
TCGA-BH-A0H9-01A-11R-A056-07,1.1632346982805712,1
TCGA-BH-A0HL-01A-11R-A10U-07,0.9280172271593592,1
TCGA-A8-A07G-01A-11R-A034-07,1.0996170762283197,1
TCGA-E2-A1IL-01A-11R-A14D-07,1.0486149184553062,1
TCGA-AR-A0U4-01A-11R-A109-07,0.8505662163557283,1
TCGA-D8-A147-01A-11R-A115-07,0.8620296929000761,0
TCGA-BH-A0HY-01A-11R-A056-07,0.9391168372635206,0
TCGA-D8-A1XT-01A-11R-A14M-07,0.9237152560322671,1
TCGA-E2-A14W-01A-11R-A12D-07,1.0367947835895661,1
TCGA-E9-A1RB-01A-11R-A157-07,1.0736891789727996,1
TCGA-LL-A5YL-01A-12R-A29R-07,0.870506269552943,1
TCGA-WT-AB41-01A-11R-A41B-07,0.7766397064529013,1
TCGA-A8-A09Z-01A-11R-A00Z-07,0.9379272492334865,1
TCGA-AN-A0FX-01A-11R-A034-07,1.0222840434246365,1
TCGA-B6-A409-01A-11R-A24H-07,0.8110614696573527,0
TCGA-EW-A1PG-01A-11R-A144-07,0.934460238782174,1
TCGA-OL-A6VR-01A-32R-A33J-07,0.9732518172849499,1
TCGA-BH-A1FN-01A-11R-A13Q-07,1.0771514087859173,1
TCGA-AR-A2LR-01A-12R-A18M-07,0.8270436518219972,1
TCGA-A7-A5ZX-01A-12R-A29R-07,1.0845446590612642,1
TCGA-LL-A73Y-01A-11R-A33J-07,1.0273091401918575,1
TCGA-A2-A25D-01A-12R-A16F-07,1.041492796867434,1
TCGA-BH-A0C7-01B-11R-A115-07,1.1014932795067385,1
TCGA-E2-A570-01A-11R-A29R-07,1.1582383590758576,1
TCGA-BH-A1FL-01A-11R-A13Q-07,1.0905434020376854,1
TCGA-A1-A0SG-01A-11R-A144-07,1.0145769364272195,1
TCGA-A8-A07U-01A-11R-A034-07,0.8795334758044743,1
TCGA-E2-A15L-01A-11R-A12D-07,1.113839002016379,0
TCGA-E9-A1R4-01A-21R-A14D-07,1.0579028998930633,1
TCGA-AR-A0TS-01A-11R-A115-07,0.9497186266379117,0
TCGA-E2-A10F-01A-11R-A10J-07,1.1322936924601823,1
TCGA-AO-A128-01A-11R-A10J-07,0.9256584860279669,0
TCGA-AR-A0U3-01A-11R-A109-07,1.023685337847046,1
TCGA-BH-A0DL-01A-11R-A115-07,0.9264731603908938,1
TCGA-A7-A0D9-01A-31R-A056-07,0.9697390572940686,0
TCGA-AN-A0FD-01A-11R-A034-07,1.1030279585607283,1
TCGA-A2-A0YK-01A-22R-A109-07,1.0212643504161225,1
TCGA-BH-A1FH-01A-12R-A13Q-07,0.9849013883473808,1
TCGA-C8-A12T-01A-11R-A115-07,1.0814397565139617,1
TCGA-B6-A2IU-01A-32R-A18M-07,1.0389495960096942,1
TCGA-4H-AAAK-01A-12R-A41B-07,1.1548180889244821,1
TCGA-E2-A1IU-01A-11R-A14D-07,1.0105137696427258,1
TCGA-3C-AALK-01A-11R-A41B-07,1.2018389685131694,1
TCGA-D8-A27M-01A-11R-A16F-07,0.9296920777741918,0
TCGA-E2-A56Z-01A-12R-A29R-07,1.0037211837833913,1
TCGA-AO-A1KQ-01A-11R-A13Q-07,0.9939091257525176,1
TCGA-AR-A2LE-01A-11R-A180-07,1.029390783053576,1
TCGA-E2-A1BC-01A-11R-A12P-07,1.024351790453237,0
TCGA-BH-A0E6-01A-11R-A034-07,0.881784047957541,1
TCGA-AO-A0J2-01A-11R-A034-07,0.9104800795256119,1
TCGA-A7-A6VX-01A-12R-A33J-07,1.070492479832067,1
TCGA-E2-A1LI-01A-12R-A157-07,0.7915645952992693,1
TCGA-AR-A1AT-01A-11R-A12P-07,1.0310067809054877,1
TCGA-A7-A426-01A-22R-A24H-07,1.0256338932506408,0
TCGA-A2-A25C-01A-11R-A169-07,1.006851822063625,0
TCGA-B6-A0RL-01A-11R-A084-07,0.988975453808685,0
TCGA-OK-A5Q2-01A-11R-A27Q-07,1.110659864690717,0
TCGA-E9-A244-01A-11R-A169-07,0.8409074330773915,1
TCGA-E9-A1R6-01A-11R-A14D-07,1.0615346038398252,1
TCGA-BH-A8G0-01A-11R-A352-07,1.0012564531127484,1
TCGA-EW-A1IZ-01A-11R-A13Q-07,1.0674957463807762,1
TCGA-AO-A0J5-01A-11R-A034-07,0.9369888750118118,1
TCGA-E2-A1AZ-01A-11R-A12P-07,0.9000790730595506,1
TCGA-B6-A0RE-01A-11R-A056-07,0.9262930601628093,1
TCGA-A7-A4SE-01A-11R-A266-07,0.9055030606065037,1
TCGA-LL-A740-01A-21R-A32P-07,0.9204693644498796,1
TCGA-A8-A07R-01A-21R-A034-07,0.7487300125830222,1
TCGA-S3-AA10-01A-21R-A41B-07,0.9226327472658032,1
TCGA-A7-A4SF-01A-11R-A266-07,0.9365605580505598,1
TCGA-A7-A0CG-01A-12R-A056-07,1.1211184853868073,1
TCGA-E2-A1LS-01A-12R-A157-07,0.7435178800967627,0
TCGA-AR-A24P-01A-11R-A169-07,1.0417874567797667,1
TCGA-E9-A54Y-01A-11R-A466-07,0.6257663721588937,0
TCGA-AO-A0JA-01A-11R-A056-07,1.1324018616937912,0
TCGA-A8-A08A-01A-11R-A32Y-07,1.082374192158973,1
TCGA-AR-A24V-01A-21R-A169-07,1.0078742643411545,1
TCGA-A2-A0CO-01A-13R-A22K-07,1.0220317395518093,1
TCGA-E2-A15I-01A-21R-A137-07,0.9072847179804002,1
TCGA-A2-A0SU-01A-11R-A084-07,1.08068163126176,1
TCGA-AC-A3OD-01A-11R-A21T-07,0.8233150985871612,1
TCGA-AC-A3YJ-01A-11R-A22U-07,0.8709306234671932,1
TCGA-AR-A0TZ-01A-12R-A084-07,1.017634008924659,1
TCGA-A2-A0D3-01A-11R-A115-07,0.9502261075110305,1
TCGA-BH-A18L-01A-32R-A12D-07,0.8800160137653326,0
TCGA-EW-A2FW-01A-11R-A17B-07,0.9294283303387811,0
TCGA-A2-A0YL-01A-21R-A109-07,1.1170968821081375,1
TCGA-E9-A54X-01A-11R-A266-07,1.0198982042565896,0
TCGA-BH-A18F-01A-11R-A12D-07,1.1233518920181047,1
TCGA-W8-A86G-01A-21R-A36F-07,0.9488648656696298,0
TCGA-A8-A08T-01A-21R-A00Z-07,1.1090317544711523,1
TCGA-BH-A1EX-01A-11R-A13Q-07,1.0596443561316404,1
TCGA-A8-A08O-01A-21R-A056-07,1.0997048103834102,1
TCGA-AC-A6IX-01A-12R-A32P-07,1.0996849202798722,1
TCGA-C8-A27B-01A-11R-A169-07,0.78493343331342,1
TCGA-PL-A8LZ-01A-31R-A36F-07,0.9820588956293363,0
TCGA-AR-A1AQ-01A-11R-A12P-07,1.0086370216218028,1
TCGA-BH-A1FU-01A-11R-A14D-07,1.0144669839163154,1
TCGA-A2-A0SY-01A-31R-A084-07,1.1518650986817274,0
TCGA-BH-A1EW-01A-11R-A137-07,0.9894744634369901,0
TCGA-GM-A3NW-01A-21R-A22K-07,1.0605225152020905,1
TCGA-BH-A0W4-01A-11R-A109-07,1.1514121110142697,1
TCGA-AR-A1AS-01A-11R-A12P-07,1.0751141778550992,1
TCGA-EW-A1J6-01A-11R-A13Q-07,0.9057294801854445,1
TCGA-AC-A6NO-01A-12R-A33J-07,1.0569989804109545,1
TCGA-A7-A0CE-01A-11R-A00Z-07,0.9220226951201743,1
TCGA-BH-A6R8-01A-21R-A33J-07,0.94508875468475,1
TCGA-EW-A1OY-01A-11R-A144-07,1.0927817130971833,0
TCGA-BH-A0BS-01A-11R-A12P-07,0.9212260034924457,1
TCGA-A7-A6VY-01A-12R-A33J-07,0.8465548429535222,1
TCGA-A2-A0CK-01A-11R-A22K-07,1.1475674871276296,1
TCGA-AO-A12H-01A-11R-A115-07,1.031904978619357,1
TCGA-C8-A12L-01A-11R-A115-07,0.8946642255339552,1
TCGA-A1-A0SQ-01A-21R-A144-07,0.914843479319844,1
TCGA-A7-A56D-01A-11R-A27Q-07,0.6118584514128631,1
TCGA-A8-A09I-01A-22R-A034-07,1.0149893019290905,1
TCGA-BH-A0DH-01A-11R-A084-07,0.9299840378061235,1
TCGA-B6-A0X0-01A-21R-A115-07,1.0774321976192318,1
TCGA-S3-AA12-01A-11R-A41B-07,0.8857269083195352,1
TCGA-E2-A159-01A-11R-A115-07,1.0375729474424933,1
TCGA-D8-A27V-01A-12R-A17B-07,0.9983533242497353,1
TCGA-D8-A1JT-01A-31R-A13Q-07,0.8316296815861306,1
TCGA-C8-A138-01A-11R-A115-07,1.0373576990528905,1
TCGA-AO-A0J6-01A-11R-A034-07,0.8730713915418271,1
TCGA-AR-A24R-01A-11R-A169-07,0.9865615257730139,0
TCGA-AR-A0TY-01A-12R-A115-07,0.9258499060579851,1
TCGA-E9-A1QZ-01A-21R-A169-07,1.092894514086062,0
TCGA-AR-A24W-01A-11R-A169-07,0.974469196910974,1
TCGA-LL-A5YP-01A-21R-A28M-07,1.0140646998445297,1
TCGA-B6-A0WY-01A-11R-A109-07,1.126414289834255,0
TCGA-GM-A2DC-01A-11R-A18M-07,0.8548850804536403,1
TCGA-A2-A4S2-01A-12R-A266-07,1.0831317724765852,0
TCGA-A8-A09X-01A-11R-A00Z-07,0.9735369657309144,1
TCGA-OL-A5RV-01A-12R-A28M-07,1.0347771701703037,1
TCGA-E2-A14P-01A-31R-A12D-07,0.8955271264784334,1
TCGA-C8-A8HQ-01A-11R-A36F-07,1.1030628342565894,1
TCGA-AR-A0TP-01A-11R-A084-07,0.8727081939542214,0
TCGA-A8-A09A-01A-11R-A00Z-07,1.0851649163785475,1
TCGA-A8-A08L-01A-11R-A00Z-07,0.8981810724782963,1
TCGA-A8-A08F-01A-11R-A00Z-07,1.0560283314974153,0
TCGA-GI-A2C9-01A-11R-A21T-07,0.9844518189096423,0
TCGA-A2-A0SW-01A-11R-A084-07,1.079763816048675,0
TCGA-LD-A7W5-01A-22R-A352-07,1.0517828847705442,1
TCGA-D8-A27R-01A-11R-A16F-07,1.0854978702882494,1
TCGA-AO-A0JM-01A-21R-A056-07,1.0248644482711655,0
TCGA-GM-A2D9-01A-11R-A18M-07,1.0217896655871985,1
TCGA-D8-A1XU-01A-11R-A14M-07,1.0907275892494166,1
TCGA-AO-A1KT-01A-11R-A13Q-07,1.1099716148230323,1
TCGA-C8-A12P-01A-11R-A115-07,0.9991008481273039,0
TCGA-LL-A6FR-01A-12R-A31O-07,0.7590996854808084,1
TCGA-AR-A1AJ-01A-21R-A12P-07,0.922412743049489,1
TCGA-A8-A09D-01A-11R-A00Z-07,1.0501592576793664,1
TCGA-S3-A6ZF-01A-32R-A32P-07,1.0686322034239129,1
TCGA-E2-A150-01A-11R-A12D-07,0.9774655093882657,1
TCGA-BH-A18U-01A-21R-A12D-07,1.0155587566008415,1
TCGA-BH-A0GY-01A-11R-A056-07,1.057661346092757,1
TCGA-AQ-A54N-01A-11R-A266-07,0.7242130946018422,0
TCGA-C8-A273-01A-11R-A16F-07,1.0899641386081864,1
TCGA-S3-AA14-01A-11R-A41B-07,1.0443073741692006,0
TCGA-A7-A2KD-01A-31R-A21T-07,0.9802264107674777,0
TCGA-C8-A131-01A-11R-A115-07,0.9385799299895051,0
TCGA-E2-A576-01A-11R-A31O-07,0.7347025039413004,0
TCGA-A2-A0T4-01A-31R-A084-07,1.232655184602452,1
TCGA-A2-A04V-01A-21R-A034-07,1.1085463433049418,1
TCGA-AR-A0U0-01A-11R-A109-07,0.9152726139097138,1
TCGA-BH-A0BO-01A-23R-A12D-07,0.9797384235353395,1
TCGA-A2-A3KC-01A-11R-A213-07,1.1226325808434707,1
TCGA-BH-A18T-01A-11R-A12D-07,0.7318785140992169,1
TCGA-EW-A1J2-01A-21R-A13Q-07,1.025875422184928,1
TCGA-A8-A084-01A-21R-A00Z-07,1.070217288834832,1
TCGA-A8-A08X-01A-21R-A00Z-07,1.0211395608689144,1
TCGA-GM-A2DH-01A-11R-A180-07,0.9486396598680816,1
TCGA-D8-A27L-01A-11R-A16F-07,1.151706647117279,1
TCGA-A7-A3IZ-01A-11R-A213-07,1.0351934988208915,0
TCGA-AN-A04D-01A-21R-A034-07,0.7503939646135981,0
TCGA-5L-AAT0-01A-12R-A41B-07,1.1464160442853468,1
TCGA-AR-A1AU-01A-11R-A12P-07,1.090537283887055,1
TCGA-AC-A6IV-01A-12R-A33J-07,1.0414246802178242,0
TCGA-E2-A15C-01A-31R-A12D-07,1.0554715340267857,1
TCGA-AO-A1KP-01A-11R-A13Q-07,0.9076080117722177,1
TCGA-E2-A15G-01A-11R-A12D-07,1.0994432426903908,0
TCGA-A2-A3KD-01A-12R-A213-07,1.12497034212223,1
TCGA-D8-A1X5-01A-11R-A14D-07,0.9965893771981121,1
TCGA-AQ-A04L-01B-21R-A10J-07,0.9835055433133438,0
TCGA-A8-A096-01A-11R-A00Z-07,1.0773508539766026,1
TCGA-A2-A0YH-01A-11R-A109-07,1.143420673189396,1
TCGA-AN-A0FW-01A-11R-A034-07,1.0846345730458895,1
TCGA-D8-A27H-01A-11R-A16F-07,0.9404359707170976,1
TCGA-OL-A6VQ-01A-12R-A41B-07,1.0929206707781596,0
TCGA-A7-A4SA-01A-11R-A266-07,1.0697959072437864,1
TCGA-C8-A274-01A-11R-A16F-07,1.0364528382427665,1
TCGA-E2-A15J-01A-11R-A12P-07,1.0633763276906718,1
TCGA-BH-A0B3-01A-11R-A056-07,0.9410135993268333,1
TCGA-E2-A153-01A-12R-A12D-07,1.1017820937481473,0
TCGA-WT-AB44-01A-11R-A41B-07,0.8283768297135039,1
TCGA-B6-A0RQ-01A-11R-A115-07,1.0405684423015382,1
TCGA-A2-A0YM-01A-11R-A109-07,0.8298074266155676,1
TCGA-C8-A1HI-01A-11R-A137-07,1.090217259844381,1
TCGA-AC-A3TM-01A-11R-A22K-07,0.8642651555240797,0
TCGA-A7-A0CD-01A-11R-A00Z-07,0.9717593952577456,1
TCGA-D8-A145-01A-11R-A115-07,1.1235161892049457,0
TCGA-BH-A0EB-01A-11R-A034-07,1.0750824478064445,1
TCGA-AR-A0TV-01A-21R-A084-07,0.9807540543098683,0
TCGA-E2-A15P-01A-11R-A115-07,1.1493348276755186,0
TCGA-A2-A04T-01A-21R-A034-07,0.8741740628629147,1
TCGA-E9-A2JT-01A-22R-A18M-07,0.9763671974985171,0
TCGA-OL-A5RW-01A-11R-A28M-07,0.7891923548005673,1
TCGA-PL-A8LV-01A-21R-A41B-07,0.9045791272486502,0
TCGA-BH-A18M-01A-11R-A12D-07,1.1655103370798734,1
TCGA-D8-A27N-01A-11R-A16F-07,1.038711187905126,1
TCGA-C8-A3M8-01A-11R-A213-07,1.0920613120767464,0
TCGA-B6-A0WW-01A-11R-A109-07,1.1465705328101028,0
TCGA-E9-A3X8-01A-31R-A22U-07,0.7597296276473645,1
TCGA-C8-A133-01A-32R-A12D-07,0.8735603448143601,1
TCGA-D8-A1X6-01A-11R-A14M-07,0.999070455707988,1
TCGA-A2-A04P-01A-31R-A034-07,0.871237965587847,1
TCGA-E9-A1N3-01A-12R-A157-07,0.9649541272078653,1
TCGA-AN-A0XP-01A-11R-A109-07,1.0838600750145113,0
TCGA-E2-A1LK-01A-21R-A14D-07,0.8375172581813448,1
TCGA-C8-A132-01A-31R-A115-07,1.0874465494860743,1
TCGA-PE-A5DE-01A-11R-A27Q-07,1.164834348159972,1
TCGA-EW-A6SC-01A-12R-A32P-07,1.1736385531189055,1
TCGA-BH-A0EI-01A-11R-A115-07,0.9977718810427695,1
TCGA-A8-A08I-01A-11R-A00Z-07,0.9529375439979524,1
TCGA-AO-A124-01A-11R-A10J-07,0.8501834012165072,1
TCGA-AN-A0XR-01A-11R-A109-07,0.9573323022939244,1
TCGA-BH-A204-01A-11R-A157-07,0.7910742798321321,1
TCGA-AN-A0FF-01A-11R-A034-07,1.097905046281568,0
TCGA-A2-A0T3-01A-21R-A115-07,0.9560608256901124,1
TCGA-B6-A0RI-01A-11R-A056-07,1.086192263036838,1
TCGA-AO-A03R-01A-21R-A034-07,0.9555825234644939,1
TCGA-E9-A1RA-01A-11R-A14D-07,1.0700348601129055,1
TCGA-AN-A0XV-01A-11R-A109-07,1.1072913632532015,1
TCGA-E9-A1RI-01A-11R-A169-07,1.1092494551058256,1
TCGA-A8-A07J-01A-11R-A00Z-07,1.0772887316790973,1
TCGA-AC-A6IW-01A-12R-A33J-07,0.7953821213162088,1
TCGA-3C-AALJ-01A-31R-A41B-07,0.9967416858987206,1
TCGA-AN-A0XS-01A-22R-A109-07,1.0926881332030587,1
TCGA-E9-A226-01A-21R-A157-07,0.8940755496045552,0
TCGA-C8-A12K-01A-21R-A115-07,0.8544871556786576,1
TCGA-BH-A202-01A-11R-A14M-07,1.045343960085004,1
TCGA-OL-A66H-01A-11R-A29R-07,1.108415014590126,1
TCGA-E9-A1N9-01A-11R-A14D-07,1.0210336953314998,1
TCGA-A2-A0T2-01A-11R-A084-07,0.9000689919020963,1
TCGA-BH-A18H-01A-11R-A12D-07,1.1263623726742549,1
TCGA-UU-A93S-01A-21R-A41B-07,0.794714430210777,1
TCGA-B6-A0RO-01A-22R-A084-07,0.8889962320290064,1
TCGA-E2-A10E-01A-21R-A10J-07,1.0765774706728515,1
TCGA-A7-A4SC-01A-12R-A266-07,1.1036741001617407,0
TCGA-B6-A0WZ-01A-11R-A109-07,1.0402361820696178,1
TCGA-A7-A6VW-01A-21R-A33J-07,0.7454903877821577,1
TCGA-E2-A1B5-01A-21R-A12P-07,1.0525724922146042,1
TCGA-A8-A092-01A-11R-A00Z-07,0.9990140551744742,0
TCGA-C8-A1HK-01A-21R-A13Q-07,0.8347250230529026,1
TCGA-BH-A0W3-01A-11R-A109-07,1.0882850771235872,1
TCGA-A7-A0CH-01A-21R-A00Z-07,1.0911850602222535,1
TCGA-AR-A1AX-01A-11R-A12P-07,1.0432345255205022,1
TCGA-EW-A1P0-01A-11R-A144-07,0.9950073136997359,1
TCGA-E9-A1NI-01A-11R-A14D-07,1.134123304037757,0
TCGA-AO-A12E-01A-11R-A10J-07,1.1936950732837481,1
TCGA-D8-A1XJ-01A-11R-A14M-07,1.0264072766542316,1
TCGA-B6-A0I6-01A-11R-A034-07,0.9264847526187341,1
TCGA-E9-A1RH-01A-21R-A169-07,0.9381619667069918,1
TCGA-BH-A18Q-01A-12R-A12D-07,0.8836824694803053,1
TCGA-AO-A0JI-01A-21R-A056-07,1.0227889235527678,1
TCGA-A2-A0CL-01A-11R-A115-07,1.095399445873656,1
TCGA-E2-A155-01A-11R-A12D-07,0.9799731657829266,1
TCGA-B6-A0I8-01A-11R-A034-07,0.9640859256416537,1
TCGA-E2-A14X-01A-11R-A115-07,0.9580467091034373,1
TCGA-AC-A3YI-01A-21R-A239-07,1.0415553154613733,1
TCGA-AR-A1AI-01A-11R-A12P-07,0.7760999505304691,1
TCGA-D8-A1JK-01A-11R-A13Q-07,1.0090573133214806,1
TCGA-BH-A0C3-01A-21R-A12P-07,1.0973591476241356,1
TCGA-A8-A09C-01A-11R-A00Z-07,1.1018981644733306,0
TCGA-LL-A50Y-01A-11R-A266-07,0.8912634245285884,1
TCGA-BH-A0B0-01A-21R-A115-07,1.0627973366411347,1
TCGA-OL-A66L-01A-12R-A31O-07,0.841547307952603,1
TCGA-BH-A0AW-01A-11R-A056-07,0.9656028695499971,1
TCGA-D8-A1X8-01A-11R-A14M-07,1.1207729980723027,1
TCGA-D8-A1JE-01A-11R-A13Q-07,0.9009185418878379,0
TCGA-BH-A1EO-01A-11R-A137-07,1.0579076556904659,1
TCGA-BH-A0HU-01A-11R-A034-07,1.0774671972640786,1
TCGA-BH-A0H7-01A-13R-A056-07,1.0246249503389733,1
TCGA-E9-A22D-01A-11R-A157-07,1.0608968839569402,1
TCGA-3C-AAAU-01A-11R-A41B-07,1.018390226876869,1
TCGA-BH-A1FJ-01A-11R-A13Q-07,0.9856907233691895,1
TCGA-A8-A06P-01A-11R-A00Z-07,1.1240544588270394,1
TCGA-A2-A25B-01A-11R-A169-07,1.0018509747619597,1
TCGA-AC-A2BM-01A-11R-A21T-07,1.0288856304937477,1
TCGA-E9-A6HE-01A-11R-A31O-07,0.8824473796043897,1
TCGA-AO-A03O-01A-11R-A00Z-07,0.9559241962579947,1
TCGA-A2-A0EU-01A-22R-A056-07,1.0466745618155135,1
TCGA-A8-A06O-01A-11R-A00Z-07,1.0919561400708542,1
TCGA-BH-A0BT-01A-11R-A12P-07,0.9443025405965583,1
TCGA-A2-A0YT-01A-11R-A109-07,0.9762534551968824,1
TCGA-E2-A14R-01A-11R-A115-07,0.8317464210192255,1
TCGA-B6-A0IC-01A-11R-A034-07,1.0193384096903348,1
TCGA-AC-A5XU-01A-11R-A28M-07,1.0116722966246303,1
TCGA-AR-A250-01A-31R-A169-07,1.0238861454444979,1
TCGA-D8-A1XZ-01A-11R-A14M-07,0.9576054374540867,0
TCGA-B6-A0I9-01A-11R-A034-07,0.9505300313762163,1
TCGA-B6-A0IA-01A-11R-A034-07,0.8810274088927141,1
TCGA-E2-A14N-01A-31R-A137-07,0.8272678917387127,1
TCGA-PL-A8LY-01A-11R-A41B-07,1.027560502750742,1
TCGA-LL-A441-01A-11R-A24H-07,0.9495625033748639,1
TCGA-A8-A08S-01A-11R-A034-07,0.9606772229911202,1
TCGA-A8-A09V-01A-11R-A034-07,0.987005794553706,1
TCGA-BH-A209-01A-11R-A157-07,0.9565681580681793,1
TCGA-GM-A5PX-01A-12R-A28M-07,1.0105625411924464,1
TCGA-A8-A085-01A-11R-A00Z-07,0.9582445196016801,1
TCGA-A2-A25E-01A-11R-A169-07,1.1380349796223692,1
TCGA-D8-A1JG-01B-11R-A13Q-07,0.9598546471351003,0
TCGA-AC-A2FO-01A-11R-A180-07,1.1143654069613977,1
TCGA-B6-A3ZX-01A-11R-A239-07,0.9545425194050231,1
TCGA-AN-A0FT-01A-11R-A034-07,0.8902980762100369,1
TCGA-AQ-A04H-01B-11R-A10J-07,0.9664780315130748,1
TCGA-AR-A1AR-01A-31R-A137-07,0.8220482538960797,1
TCGA-A2-A0CS-01A-11R-A115-07,1.1706825658229583,1
TCGA-A2-A1FZ-01A-51R-A14D-07,1.0661385914051942,1
TCGA-AC-A8OQ-01A-11R-A41B-07,0.9926638307173117,1
TCGA-AR-A0TR-01A-11R-A084-07,0.9252824824446211,1
TCGA-C8-A12M-01A-11R-A115-07,0.8191125776087518,1
TCGA-A1-A0SM-01A-11R-A084-07,1.09294343422187,1
TCGA-BH-A1ET-01A-11R-A137-07,0.9890469637872513,1
TCGA-A8-A0A1-01A-11R-A00Z-07,1.1321070530642765,0
TCGA-C8-A1HG-01A-11R-A137-07,0.9743896368536309,1
TCGA-E9-A1NF-01A-11R-A14D-07,1.122434101532896,1
TCGA-A2-A0D4-01A-11R-A00Z-07,0.9612684749763857,1
TCGA-BH-A2L8-01A-11R-A18M-07,1.0949343457065486,0
TCGA-A8-A093-01A-11R-A00Z-07,1.0194023153972263,1
TCGA-D8-A1Y3-01A-11R-A157-07,0.7871785560138245,1
TCGA-AR-A1AY-01A-21R-A12P-07,0.8531235855332221,0
TCGA-AO-A12F-01A-11R-A115-07,0.9351004109219243,1
TCGA-AN-A0FL-01A-11R-A034-07,0.7914243990897197,1
TCGA-AR-A0TQ-01A-11R-A084-07,0.9801948046577224,1
TCGA-A2-A0CP-01A-11R-A034-07,1.0539225628583846,1
TCGA-AO-A129-01A-21R-A10J-07,0.9106424694228084,0
TCGA-D8-A1JH-01A-11R-A13Q-07,1.0846540419159916,1
TCGA-BH-A18K-01A-11R-A12D-07,1.1463303412297703,1
TCGA-B6-A0IM-01A-11R-A034-07,1.073390828223459,0
TCGA-AO-A0J4-01A-11R-A034-07,0.9521612873880839,1
TCGA-AR-A1AW-01A-21R-A12P-07,0.9692931537495733,1
TCGA-AC-A62Y-01A-11R-A29R-07,1.0267789206805074,1
TCGA-A1-A0SH-01A-11R-A084-07,1.103885534027065,1
TCGA-A8-A08C-01A-11R-A00Z-07,1.039754585461361,1
TCGA-A2-A3XU-01A-12R-A22U-07,0.6924872372496577,1
TCGA-E2-A1LB-01A-11R-A144-07,0.9533865685832615,0
TCGA-D8-A1JJ-01A-31R-A14M-07,1.1042075892362004,1
TCGA-AN-A049-01A-21R-A00Z-07,1.1285603587198838,1
TCGA-A1-A0SN-01A-11R-A144-07,1.108646883384553,1
TCGA-EW-A1IW-01A-11R-A13Q-07,1.1796603318604997,1
TCGA-LQ-A4E4-01A-11R-A266-07,1.0063376780748385,1
TCGA-E9-A5UP-01A-11R-A28M-07,0.8105394240866689,1
TCGA-EW-A1IY-01A-11R-A13Q-07,0.9841534683208,1
TCGA-AN-A0XW-01A-11R-A109-07,1.2134532428298699,1
TCGA-AR-A24S-01A-11R-A169-07,1.1067488828999112,1
TCGA-AR-A2LM-01A-11R-A180-07,1.030529419891765,1
TCGA-E9-A1NE-01A-21R-A14M-07,1.023675132599046,0
TCGA-LL-A9Q3-01A-11R-A41B-07,0.8199916779471761,1
TCGA-AC-A8OP-01A-11R-A36F-07,1.0513324978407403,1
TCGA-E2-A572-01A-13R-A31O-07,0.6208099369091138,1
TCGA-B6-A0IP-01A-11R-A034-07,1.1977226707340654,1
TCGA-C8-A135-01A-11R-A115-07,1.00861809754715,1
TCGA-D8-A1XL-01A-11R-A14M-07,0.9329555558436853,1
TCGA-EW-A1PC-01B-11R-A21T-07,0.9594497621861884,1
TCGA-AO-A03M-01B-11R-A10J-07,1.050576948663437,1
TCGA-AN-A0FN-01A-11R-A034-07,1.0326618901266074,0
TCGA-A7-A4SD-01A-11R-A266-07,0.947452524015506,1
TCGA-BH-A0HN-01A-11R-A10U-07,0.8259600532105612,1
TCGA-S3-A6ZH-01A-22R-A32P-07,0.8690867198168802,1
TCGA-AC-A3QP-01A-11R-A22U-07,0.9481015388740331,1
TCGA-5L-AAT1-01A-12R-A41B-07,1.0942421326597702,0
TCGA-AN-A0FY-01A-11R-A034-07,0.9192342744822167,1
TCGA-BH-A0BA-01A-11R-A056-07,1.1053548211876902,1
TCGA-A2-A0CU-01A-12R-A034-07,1.0577000363285123,1
TCGA-D8-A143-01A-11R-A115-07,0.8482702911195984,1
TCGA-BH-A0DE-01A-11R-A115-07,1.0874890542685347,0
TCGA-A2-A0EO-01A-11R-A034-07,1.0862554752241917,1
TCGA-AO-A0JF-01A-11R-A056-07,1.1541083141503932,1
TCGA-A8-A09E-01A-11R-A00Z-07,0.960086392176211,1
TCGA-BH-A0AZ-01A-21R-A12P-07,1.0502589803554803,1
TCGA-GM-A2DN-01A-11R-A180-07,1.1966412518469134,1
TCGA-E2-A15T-01A-11R-A115-07,1.1322333537496727,1
TCGA-BH-A1F6-01A-11R-A13Q-07,0.9559026714361237,1
TCGA-BH-A0DX-01A-11R-A115-07,1.1612376685562207,1
TCGA-EW-A3U0-01A-11R-A22K-07,0.9277060705991019,1
TCGA-BH-A0DV-01A-21R-A12P-07,1.0822914862721154,1
TCGA-AC-A3TN-01A-11R-A22K-07,0.8082981159118483,1
TCGA-A1-A0SK-01A-12R-A084-07,0.7206008596423942,1
TCGA-B6-A0X5-01A-21R-A109-07,0.9131787099924686,1
TCGA-A2-A0YC-01A-11R-A109-07,1.1209435619994685,1
TCGA-A2-A0CZ-01A-11R-A034-07,1.0583291610438936,1
TCGA-C8-A27A-01A-11R-A169-07,0.8507250642520903,1
TCGA-AR-A1AP-01A-11R-A12P-07,1.1444309783720372,1
TCGA-BH-A0B4-01A-11R-A00Z-07,1.1109785265693064,1
TCGA-BH-A0BV-01A-11R-A00Z-07,1.132266718374887,1
TCGA-AN-A0XO-01A-11R-A109-07,1.1834777339884006,1
TCGA-AC-A2QJ-01A-12R-A19W-07,0.600029473718325,0
TCGA-GM-A2DD-01A-11R-A180-07,1.0096568631106548,1
TCGA-AR-A1AV-01A-21R-A12P-07,1.0798106802319551,0
TCGA-D8-A1XF-01A-11R-A14D-07,0.8761350031406387,1
TCGA-LL-A6FP-01A-11R-A31O-07,0.7493026130971736,0
TCGA-D8-A1XA-01A-11R-A14D-07,0.9753398755579694,1
TCGA-C8-A26V-01A-11R-A16F-07,1.1090906072437559,1
TCGA-PE-A5DC-01A-12R-A27Q-07,1.017883984407447,1
TCGA-E2-A1LH-01A-11R-A14D-07,0.8423993101627684,0
TCGA-BH-A0B9-01A-11R-A056-07,0.8830363032466287,0
TCGA-E9-A1N8-01A-11R-A144-07,0.8471895409970536,1
TCGA-AC-A62V-01A-11R-A31O-07,0.7671259990608726,0
TCGA-EW-A1PH-01A-11R-A14M-07,0.9231187033977629,1
TCGA-AR-A5QP-01A-11R-A28M-07,1.059465221778777,0
TCGA-BH-A5J0-01A-11R-A27Q-07,0.9044860923704438,1
TCGA-A1-A0SB-01A-11R-A144-07,0.9526852401621231,1
TCGA-B6-A0IK-01A-12R-A056-07,1.0158910417390539,1
TCGA-A8-A06Q-01A-11R-A034-07,0.9274202534063529,1
TCGA-AR-A2LH-01A-31R-A18M-07,1.0499301134994103,0
TCGA-AR-A24Z-01A-11R-A169-07,0.9720401594986453,1
TCGA-Z7-A8R5-01A-42R-A41B-07,1.0288085225769839,1
TCGA-A8-A0A9-01A-11R-A00Z-07,1.1308458063547984,1
TCGA-D8-A1JA-01A-11R-A13Q-07,0.7913802595309256,1
TCGA-AN-A0FK-01A-11R-A034-07,1.0293540001374386,1
TCGA-GM-A2DL-01A-11R-A18M-07,1.2100438714291109,1
TCGA-EW-A1P6-01A-11R-A144-07,1.0286507643781482,1
TCGA-BH-A0EA-01A-11R-A115-07,1.0932303412154025,0
TCGA-BH-A8FY-01A-11R-A36F-07,0.9421469355657386,1
TCGA-E2-A1L9-01A-11R-A13Q-07,1.0721129609616866,0
TCGA-E9-A1R2-01A-11R-A14D-07,1.1138184432561902,1
TCGA-AC-A2FM-01A-11R-A19W-07,0.9599596953124225,1
TCGA-E2-A108-01A-13R-A10J-07,1.017954825535758,1
TCGA-OL-A66O-01A-11R-A31O-07,0.8616641917681835,1
TCGA-C8-A275-01A-21R-A16F-07,0.9864844178276055,1
TCGA-B6-A0IO-01A-11R-A034-07,1.082019837337845,1
TCGA-BH-A0HO-01A-11R-A034-07,1.0755724662380315,1
TCGA-EW-A1P8-01A-11R-A144-07,0.8553450035657272,0
TCGA-A2-A0D0-01A-11R-A00Z-07,0.8196510950424561,0
TCGA-A2-A0SX-01A-12R-A084-07,0.982880381616866,1
TCGA-D8-A27I-01A-11R-A16F-07,1.1583774406785987,1
TCGA-EW-A2FS-01A-11R-A17B-07,1.036503120761823,1
TCGA-Z7-A8R6-01A-11R-A41B-07,1.1027644836779045,1
TCGA-E2-A15O-01A-11R-A115-07,1.0673160672222353,0
TCGA-V7-A7HQ-01A-11R-A33J-07,0.7299422444744206,0
TCGA-C8-A12W-01A-11R-A115-07,1.02616874468934,1
TCGA-A7-A3IY-01A-21R-A21T-07,1.1436595022999303,1
TCGA-A8-A08B-01A-11R-A00Z-07,1.0422165914156287,1
TCGA-5T-A9QA-01A-11R-A41B-07,0.8729222286162446,1
TCGA-E2-A106-01A-11R-A10J-07,0.9482172132343868,1
TCGA-E2-A1B6-01A-31R-A12P-07,0.9154232878078595,1
TCGA-AC-A2FF-01A-11R-A17B-07,1.0709835879862883,1
TCGA-EW-A1PA-01A-11R-A144-07,1.1760918402152891,1
TCGA-D8-A27T-01A-11R-A16F-07,1.2115465232683469,1
TCGA-LD-A66U-01A-11R-A31O-07,0.9726064932596331,1
TCGA-A8-A07Z-01A-11R-A00Z-07,0.9822166536427078,1
TCGA-AR-A1AO-01A-11R-A12P-07,1.0889579203425295,0
TCGA-E2-A573-01A-11R-A29R-07,0.8786173201343058,1
TCGA-AC-A2FB-01A-11R-A17B-07,1.0592198535246995,1
TCGA-AN-A0G0-01A-11R-A034-07,0.8735768166200922,0
TCGA-BH-A0H5-01A-21R-A115-07,1.1252844957609542,1
TCGA-A8-A07S-01A-11R-A034-07,1.125332177435516,0
TCGA-E9-A3QA-01A-61R-A22K-07,0.9465888057753201,1
TCGA-A1-A0SI-01A-11R-A144-07,1.1070853787236128,1
TCGA-A8-A09W-01A-11R-A00Z-07,0.9560621880979709,1
TCGA-BH-A1F0-01A-11R-A137-07,0.9940794172407956,1
TCGA-A2-A0D2-01A-21R-A034-07,0.8655747525700633,1
TCGA-OL-A5D8-01A-11R-A27Q-07,1.0978795584496694,1
TCGA-BH-A18G-01A-11R-A12D-07,0.9668657511303804,1
TCGA-A2-A0YI-01A-31R-A10J-07,1.0611031409287148,1
TCGA-A8-A0A4-01A-11R-A00Z-07,1.03307385920534,1
TCGA-A7-A425-01A-11R-A24H-07,1.0161906061277628,1
TCGA-E9-A22A-01A-11R-A157-07,1.0368717676305335,1
TCGA-A8-A08J-01A-11R-A00Z-07,1.0372048453263967,1
TCGA-A2-A3Y0-01A-11R-A239-07,0.7631934922612839,1
TCGA-AC-A2BK-01A-11R-A21T-07,0.7585439779192505,1
TCGA-B6-A0IN-01A-11R-A034-07,1.022613182768149,1
TCGA-D8-A1JD-01A-11R-A13Q-07,1.1283897947699593,1
TCGA-GM-A2DK-01A-21R-A180-07,1.0035993912992953,1
TCGA-OL-A5RX-01A-11R-A28M-07,1.070873511576212,0
TCGA-A8-A08Z-01A-21R-A00Z-07,1.1036057110189925,1
TCGA-A2-A0YD-01A-11R-A109-07,1.0519497826235351,1
TCGA-A7-A3J1-01A-11R-A213-07,1.0116581283345172,0
TCGA-BH-A1FD-01A-11R-A13Q-07,1.0019215435425608,1
TCGA-A2-A0D1-01A-11R-A034-07,0.8187668178349502,1
TCGA-BH-A0BL-01A-11R-A115-07,1.0955510610282186,1
TCGA-E2-A1IH-01A-11R-A13Q-07,1.093658782263237,1
TCGA-AR-A0TU-01A-31R-A109-07,0.7860444272463399,1
TCGA-AC-A2FG-01A-11R-A17B-07,1.1421637858519982,1
TCGA-GM-A4E0-01A-12R-A266-07,0.9690566530288174,1
TCGA-AC-A3W7-01A-11R-A22K-07,1.1213366071577335,1
TCGA-A8-A083-01A-21R-A00Z-07,0.9648698112494354,1
TCGA-A2-A0EN-01A-13R-A084-07,1.1058496199813281,1
TCGA-D8-A1Y0-01A-11R-A14M-07,1.1350193220534948,1
TCGA-AR-A1AK-01A-21R-A12P-07,1.0826683071823526,1
TCGA-AC-A7VC-01A-11R-A352-07,0.8048520855052782,1
TCGA-A7-A0CJ-01A-21R-A00Z-07,0.9679855877988082,1
TCGA-AO-A03U-01B-21R-A10J-07,1.0049990509239417,1
TCGA-E2-A2P5-01A-11R-A19W-07,1.0246841994575395,1
TCGA-E2-A15S-01A-11R-A115-07,0.976107958248981,1
TCGA-A1-A0SJ-01A-11R-A084-07,1.0643920822286035,1
TCGA-A2-A04N-01A-11R-A115-07,1.1783450129319846,1
TCGA-B6-A401-01A-11R-A239-07,1.0003594940080218,1
TCGA-D8-A1JU-01A-11R-A13Q-07,1.0460057806978478,0
TCGA-B6-A40B-01A-11R-A239-07,0.9935453831437728,1
TCGA-LD-A9QF-01A-32R-A41B-07,1.007682299432008,1
TCGA-AO-A03T-01A-21R-A034-07,0.915827776431147,1
TCGA-E9-A3Q9-01A-11R-A21T-07,0.9814189959448723,1
TCGA-D8-A1JP-01A-11R-A13Q-07,1.0721047870625982,0
TCGA-BH-A18I-01A-11R-A12D-07,1.1542844512286696,1
TCGA-BH-A28Q-01A-11R-A16F-07,1.1318114270957436,1
TCGA-EW-A1OW-01A-21R-A144-07,0.9066128159821109,1
TCGA-BH-A18R-01A-11R-A12D-07,1.0022258884958957,1
TCGA-AO-A0J8-01A-21R-A034-07,1.1040953330513628,1
TCGA-AC-A3BB-01A-21R-A19W-07,1.1368552002606613,1
TCGA-E9-A247-01A-11R-A169-07,1.008331190500197,1
TCGA-D8-A73U-01A-11R-A33J-07,0.9451044090091916,1
TCGA-BH-A18V-01A-11R-A12D-07,0.7906742991386057,1
TCGA-BH-A0C1-01B-11R-A12D-07,1.1367100995760884,1
TCGA-AC-A3W6-01A-12R-A22K-07,0.9838509067084564,0
TCGA-BH-A1FR-01A-11R-A13Q-07,1.1181542001981704,1
TCGA-A2-A1G0-01A-11R-A13Q-07,0.9954646360271322,1
TCGA-BH-A0DQ-01A-11R-A084-07,1.205433468345506,1
TCGA-A2-A0ER-01A-21R-A034-07,0.9991003031542215,0
TCGA-D8-A27P-01A-11R-A16F-07,1.1073529406666898,1
TCGA-B6-A1KN-01A-11R-A13Q-07,1.0445892282888427,1
TCGA-E9-A228-01A-31R-A157-07,0.9339856024413977,1
TCGA-BH-A0B2-01A-11R-A10J-07,1.1385150651891212,1
TCGA-B6-A0X4-01A-11R-A109-07,0.9366410594139428,1
TCGA-BH-A1EY-01A-11R-A13Q-07,1.0542909373978009,1
TCGA-BH-A0HX-01A-21R-A056-07,1.1120499880172212,1
TCGA-A8-A094-01A-11R-A00Z-07,1.0368385268223559,1
TCGA-AO-A1KR-01A-12R-A144-07,0.7572549397066686,1
TCGA-A2-A0CV-01A-31R-A115-07,1.1080632604568155,1
TCGA-A8-A076-01A-21R-A00Z-07,1.083075371967634,1
TCGA-E9-A1RE-01A-11R-A157-07,0.9517855563203033,1
TCGA-S3-A6ZG-01A-22R-A32P-07,1.1346636048428766,1
TCGA-A8-A06Z-01A-11R-A00Z-07,0.945389136406473,1
TCGA-BH-A8FZ-01A-11R-A352-07,1.0924790029414937,0
TCGA-LL-A440-01A-11R-A24H-07,0.9555351142866304,1
TCGA-E9-A249-01A-11R-A169-07,1.110844052034896,1
TCGA-PL-A8LX-01A-11R-A41B-07,0.9432963224337076,0
TCGA-E2-A1L8-01A-11R-A13Q-07,1.0130790403840095,1
TCGA-EW-A6SD-01A-12R-A33J-07,1.1024255355602453,1
TCGA-AO-A0JL-01A-11R-A056-07,0.8412224042113606,0
TCGA-MS-A51U-01A-31R-A266-07,1.110397752110454,0
TCGA-BH-A0E7-01A-11R-A034-07,1.1088654014362036,1
TCGA-E9-A22G-01A-11R-A157-07,0.7430518140309631,1
TCGA-A8-A08R-01A-11R-A034-07,0.9619120405705391,1
TCGA-A2-A4S1-01A-21R-A266-07,0.8123773334775264,1
TCGA-E2-A1II-01A-11R-A144-07,0.8627787029104842,1
TCGA-A7-A3J0-01A-11R-A213-07,1.0248730185631818,1
TCGA-BH-A0B8-01A-21R-A056-07,1.080511884792675,1
TCGA-AR-A24L-01A-11R-A169-07,1.0724867849093864,1
TCGA-EW-A1J3-01A-11R-A13Q-07,0.9817947271458835,0
TCGA-AR-A5QM-01A-11R-A27Q-07,1.1347979307579752,1
TCGA-AO-A1KS-01A-11R-A13Q-07,0.9590397004300638,1
TCGA-D8-A1JI-01A-11R-A13Q-07,0.871177205476854,1
TCGA-A8-A09N-01A-11R-A00Z-07,1.0808754787911736,0
TCGA-BH-A203-01A-12R-A169-07,1.0213674666273749,0
TCGA-AR-A2LQ-01A-22R-A18M-07,1.0368021400662424,0
TCGA-AR-A251-01A-12R-A169-07,0.7921894845599445,0
TCGA-BH-A18J-01A-11R-A12D-07,1.1994016084355885,1
TCGA-D8-A1XM-01A-21R-A14M-07,1.09461323175186,1
TCGA-BH-A0HA-01A-11R-A12P-07,1.0484295175168497,1
TCGA-AR-A0U2-01A-11R-A109-07,0.9052948963340963,1
TCGA-E2-A1B1-01A-21R-A12P-07,0.9431039611069046,1
TCGA-AC-A62X-01A-11R-A29R-07,0.9098246493973916,1
TCGA-A7-A5ZW-01A-12R-A29R-07,1.1707273988599254,1
TCGA-BH-A28O-01A-11R-A22K-07,1.0238835694463009,1
TCGA-D8-A1XQ-01A-11R-A14M-07,0.8992586769242549,1
TCGA-E9-A248-01A-11R-A169-07,0.9493783161787006,0
TCGA-A8-A07E-01A-11R-A034-07,1.1403153742008714,1
TCGA-AC-A23E-01A-11R-A157-07,1.0786077412733712,0
TCGA-E9-A1N4-01A-11R-A14M-07,1.0080918163618315,1
TCGA-E2-A15H-01A-11R-A12D-07,1.0539402732015895,1
TCGA-E2-A1IJ-01A-11R-A144-07,1.0866373243962306,0
TCGA-D8-A1XR-01A-11R-A14M-07,1.0632346452136288,1
TCGA-A8-A075-01A-11R-A084-07,1.079977578229022,1
TCGA-A8-A06U-01A-11R-A00Z-07,1.0021284941166262,1
TCGA-B6-A0X7-01A-11R-A10J-07,1.0617294171759704,1
TCGA-AQ-A04J-01A-02R-A034-07,0.9489232973517113,0
TCGA-A2-A0CQ-01A-21R-A034-07,1.057469257409434,1
TCGA-A8-A07F-01A-11R-A00Z-07,1.0577335496746103,0
TCGA-A8-A082-01A-11R-A00Z-07,0.9902198075469641,1
TCGA-AN-A0XT-01A-11R-A109-07,0.9405667545469711,0
TCGA-AR-A24X-01A-11R-A169-07,1.056542326789975,1
TCGA-A2-A04Y-01A-21R-A034-07,1.0823736473044783,1
TCGA-A2-A1G4-01A-11R-A13Q-07,0.977140729422268,1
TCGA-B6-A0IE-01A-11R-A034-07,0.8883529389882465,1
TCGA-A8-A079-01A-21R-A00Z-07,0.9555103198598344,1
TCGA-E2-A15E-01A-11R-A12D-07,1.1339260383941743,1
TCGA-E9-A1R3-01A-31R-A14M-07,1.039131454867957,1
TCGA-AR-A0TT-01A-31R-A084-07,1.1267317132293613,1
TCGA-S3-AA0Z-01A-11R-A41B-07,0.8101277274430033,0
TCGA-BH-A0E1-01A-11R-A056-07,1.17985393160614,1
TCGA-AC-A23G-01A-11R-A213-07,1.1139849201547372,1
TCGA-GM-A3XG-01A-31R-A24H-07,1.0070414586486591,0
TCGA-AR-A1AM-01A-41R-A22K-07,1.1655452128359185,1
TCGA-E9-A1N5-01A-11R-A14D-07,1.1098838805571143,1
TCGA-A2-A3XX-01A-21R-A239-07,0.9544170363682981,0
TCGA-BH-A0BQ-01A-21R-A115-07,1.0795285536136923,1
TCGA-EW-A1P7-01A-21R-A144-07,0.9687563950901469,1
TCGA-BH-A5IZ-01A-11R-A27Q-07,0.8717992462199935,1
TCGA-D8-A1X7-01A-11R-A14M-07,1.049049502329437,1
TCGA-BH-A0DP-01A-21R-A056-07,1.0723577843462,1
TCGA-AC-A7VB-01A-11R-A352-07,0.9352088525476929,1
TCGA-A2-A0ST-01A-12R-A084-07,1.0984356622031226,1
TCGA-A2-A0ES-01A-11R-A115-07,1.0459660006505587,0
TCGA-BH-A0DT-01A-21R-A12D-07,1.1899601045956298,1
TCGA-AN-A0AR-01A-11R-A00Z-07,0.8053587490297672,0
TCGA-A2-A0YJ-01A-11R-A109-07,0.757924116975269,1
TCGA-D8-A4Z1-01A-21R-A266-07,1.0915212836989807,1
TCGA-AO-A0JC-01A-11R-A056-07,0.8372428845423511,1
TCGA-A2-A04Q-01A-21R-A034-07,1.0302226228337572,1
TCGA-GM-A2DF-01A-11R-A180-07,0.8925391118892982,1
TCGA-GM-A2DI-01A-31R-A18M-07,1.0290011561178865,1
TCGA-LL-A5YO-01A-21R-A28M-07,0.9398125677358531,1
TCGA-EW-A3E8-01B-11R-A24H-07,1.0247732958995988,1
TCGA-BH-A0E9-01B-11R-A115-07,1.0219742490746226,0
TCGA-AR-A1AH-01A-11R-A12D-07,0.8051283663332697,1
TCGA-E2-A10A-01A-21R-A115-07,1.0283540485623883,1
TCGA-C8-A1HF-01A-11R-A137-07,1.0746593077218922,1
TCGA-A7-A13H-01A-11R-A22K-07,0.991066756759976,0
TCGA-A7-A13F-01A-11R-A12P-07,1.0302362461865282,1
TCGA-D8-A1XV-01A-11R-A14M-07,0.8669155593482286,1
TCGA-E2-A574-01A-11R-A29R-07,0.7842714887841036,1
TCGA-GM-A5PV-01A-11R-A28M-07,1.0383824448977985,1
TCGA-EW-A1PB-01A-11R-A144-07,0.8236890462159145,1
TCGA-E2-A1IO-01A-11R-A144-07,1.0484536183660367,1
TCGA-B6-A0RH-01A-21R-A115-07,0.9956787946622762,1
TCGA-BH-A0B7-01A-12R-A115-07,1.1011810330898808,0
TCGA-C8-A137-01A-11R-A115-07,1.010132316906783,1
TCGA-LL-A8F5-01A-11R-A36F-07,0.8427202755513042,1
TCGA-AQ-A0Y5-01A-11R-A14M-07,1.0057961636077812,0
TCGA-D8-A13Z-01A-11R-A115-07,1.0168022930283904,1
TCGA-A2-A4RX-01A-11R-A266-07,0.9344880303855446,1
TCGA-AR-A24U-01A-11R-A169-07,1.0147034847277978,1
TCGA-E2-A105-01A-11R-A10J-07,1.0280841830943421,1
TCGA-C8-A1HN-01A-11R-A137-07,1.0146397276279016,1
TCGA-BH-A18S-01A-11R-A12D-07,0.9551605969133236,1
TCGA-E2-A14Q-01A-11R-A12D-07,1.1152916687148913,0
TCGA-A7-A0DA-01A-31R-A115-07,0.868614659499955,1
TCGA-EW-A1P4-01A-21R-A144-07,0.886094737929773,1
TCGA-A8-A081-01A-11R-A00Z-07,1.0928972388517761,1
TCGA-BH-A0E0-01A-11R-A056-07,0.867790721369212,1
TCGA-OL-A66N-01A-12R-A31O-07,0.8810339480729472,1
TCGA-E2-A2P6-01A-11R-A19W-07,0.9853171720162003,1
TCGA-BH-A0DK-01A-21R-A056-07,1.1044679431667543,1
TCGA-E9-A5UO-01A-11R-A28M-07,0.8313153792039295,1
TCGA-D8-A1JC-01A-11R-A13Q-07,1.1101108450797574,0
TCGA-C8-A134-01A-11R-A115-07,0.9261723575814725,1
TCGA-A2-A3XT-01A-11R-A22U-07,0.8621200279199759,1
TCGA-AR-A256-01A-11R-A169-07,0.8059705598357851,0
TCGA-D8-A1JL-01A-11R-A13Q-07,0.9223270400348501,1
TCGA-E9-A24A-01A-11R-A169-07,1.0597029364321793,1
TCGA-A2-A3XZ-01A-42R-A239-07,1.0824785468847493,0
TCGA-BH-A0BF-01A-21R-A12P-07,1.1559099854516752,1
TCGA-D8-A27F-01A-11R-A16F-07,0.8089662034304277,1
TCGA-A2-A0CY-01A-12R-A034-07,0.8817728767995762,1
TCGA-D8-A27E-01A-11R-A16F-07,1.0040113604132224,1
TCGA-A2-A0EP-01A-52R-A22U-07,0.9989211441552859,0
TCGA-GI-A2C8-01A-11R-A16F-07,1.0315773254802352,0
TCGA-A8-A099-01A-11R-A00Z-07,0.9589601401166782,1
TCGA-A2-A04U-01A-11R-A115-07,0.734869104783873,1
TCGA-BH-A0HP-01A-12R-A084-07,1.1168347694789156,1
TCGA-EW-A2FV-01A-11R-A17B-07,1.037105667537812,1
TCGA-A2-A0CR-01A-11R-A22K-07,0.8299063319608269,1
TCGA-BH-A0DS-01A-11R-A056-07,1.0585025982722405,1
TCGA-D8-A1XC-01A-11R-A14D-07,0.9772568000998689,1
TCGA-E2-A14O-01A-31R-A115-07,0.8686517149991746,1
TCGA-A1-A0SF-01A-11R-A144-07,1.0377018238674096,1
TCGA-A8-A06X-01A-21R-A00Z-07,0.9995408812607302,0
TCGA-BH-A0HI-01A-11R-A084-07,1.067997084333763,0
TCGA-E2-A14U-01A-11R-A22K-07,1.0121793564610746,0
TCGA-E2-A15A-01A-11R-A12D-07,1.1121706906393765,1
TCGA-A2-A1G6-01A-11R-A13Q-07,0.994617265763254,1
TCGA-B6-A1KC-01B-11R-A157-07,0.9144044123019238,0
TCGA-OL-A5RZ-01A-11R-A28M-07,0.8299254046154916,1
TCGA-A8-A07I-01A-11R-A00Z-07,1.0247579139629026,1
TCGA-A2-A0T0-01A-22R-A084-07,0.8970850890241521,1
TCGA-BH-A42V-01A-11R-A24H-07,1.05745999342834,1
TCGA-GM-A3XN-01A-12R-A22U-07,1.1043304715483475,0
TCGA-D8-A3Z6-01A-11R-A239-07,1.093862042105949,1
TCGA-B6-A0IQ-01A-11R-A034-07,0.8452869085104971,0
TCGA-A8-A095-01A-11R-A00Z-07,1.0983388127343785,1
TCGA-AO-A125-01A-11R-A10J-07,0.9825104962728127,1
TCGA-EW-A6SA-01A-21R-A32P-07,0.9176144621567177,1
TCGA-BH-A0DD-01A-31R-A12P-07,0.97372169787714,1
TCGA-AO-A0J3-01A-11R-A034-07,0.9559796308285743,1
TCGA-A2-A3XS-01A-11R-A22U-07,0.99841817133652,1
TCGA-AC-A8OR-01A-21R-A41B-07,1.0474017745009918,1
TCGA-BH-A0HK-01A-11R-A056-07,1.098179543812401,1
TCGA-E2-A1IG-01A-11R-A144-07,1.019612510779732,0
TCGA-AO-A12B-01A-11R-A10J-07,0.9306428614969166,0
TCGA-EW-A1J5-01A-11R-A13Q-07,1.1280083419142186,1
TCGA-C8-A12Q-01A-11R-A115-07,1.1212287105105057,1
TCGA-A2-A0EQ-01A-11R-A034-07,1.0978335116065465,1
TCGA-GM-A3XL-01A-11R-A22U-07,0.7716062869880336,1
TCGA-BH-A1EU-01A-11R-A137-07,1.0052063978210446,1
TCGA-BH-A0RX-01A-21R-A084-07,0.909126739134943,1
TCGA-E9-A1RF-01A-11R-A157-07,1.1159376864570043,1
TCGA-AC-A2QI-01A-12R-A19W-07,1.1535985296316524,1
TCGA-A8-A090-01A-11R-A00Z-07,1.1251932196354535,1
TCGA-AR-A5QQ-01A-11R-A28M-07,0.9005809561753317,1
TCGA-XX-A899-01A-11R-A36F-07,1.0430304481967372,1
TCGA-E2-A156-01A-11R-A12D-07,1.023894468064114,1
TCGA-AN-A04C-01A-21R-A034-07,0.9073953394107377,1
TCGA-AN-A0AT-01A-11R-A034-07,0.8987693273986456,1
TCGA-UL-AAZ6-01A-11R-A41B-07,0.8255559856300478,0
TCGA-D8-A1X9-01A-12R-A157-07,0.9752004965674026,1
TCGA-E9-A22E-01A-11R-A157-07,1.0070932271851472,0
TCGA-BH-A1FB-01A-11R-A13Q-07,1.032904236520613,0
TCGA-C8-A8HR-01A-11R-A36F-07,1.135432504825538,0
TCGA-EW-A2FR-01A-11R-A21T-07,1.0134722092497415,0
TCGA-AN-A0AJ-01A-11R-A00Z-07,0.947607978433994,1
TCGA-LD-A7W6-01A-81R-A352-07,1.0834483783324,1
TCGA-BH-A0B6-01A-11R-A19W-07,1.0815789868275723,0
TCGA-AR-A252-01A-11R-A169-07,1.0151615006826167,1
TCGA-AR-A254-01A-21R-A169-07,1.0287987136674948,1
TCGA-AO-A03P-01A-11R-A00Z-07,1.0688409127418794,1
TCGA-A8-A07O-01A-11R-A00Z-07,0.8384783956437992,1
TCGA-EW-A1PE-01A-11R-A144-07,1.0727262827620774,1
TCGA-AR-A2LL-01A-11R-A180-07,1.095784837106927,1
TCGA-A7-A26H-01A-11R-A169-07,1.0854414697141304,1
TCGA-C8-A26Z-01A-11R-A16F-07,0.969875959257628,1
TCGA-AO-A0J9-01A-11R-A034-07,1.0329908808820156,1
TCGA-EW-A1PF-01A-11R-A144-07,1.045559480827704,0
TCGA-A2-A25F-01A-11R-A169-07,0.9279262234041377,1
TCGA-D8-A73W-01A-22R-A352-07,1.0870915259082186,1
TCGA-AR-A2LJ-01A-12R-A19W-07,0.9288219689343308,1
TCGA-A8-A07C-01A-11R-A034-07,0.7645807422710856,1
TCGA-E9-A245-01A-22R-A16F-07,1.0617322657261845,1
TCGA-B6-A408-01A-12R-A24H-07,1.06132861928145,1
TCGA-AR-A255-01A-11R-A169-07,1.0957926147386288,1
TCGA-E2-A1L6-01A-11R-A13Q-07,1.109996681589778,1
TCGA-E9-A295-01A-11R-A16F-07,1.2304447890576713,1
TCGA-BH-A1FE-01A-11R-A13Q-07,1.0323118947266376,1
TCGA-BH-A1FM-01A-11R-A13Q-07,0.8276240052673134,1
TCGA-OL-A5RU-01A-11R-A28M-07,1.0908429911349051,1
TCGA-C8-A1HO-01A-11R-A13Q-07,0.9792948484104291,1
TCGA-GM-A2DO-01A-11R-A18M-07,0.966954847635756,1
TCGA-AN-A0FZ-01A-11R-A034-07,0.987320889498494,0
TCGA-D8-A1JN-01A-11R-A13Q-07,0.8624676949055341,0
TCGA-OL-A6VO-01A-12R-A33J-07,0.8810840818672039,1
TCGA-AN-A0FV-01A-11R-A00Z-07,1.0259901306144565,1
TCGA-D8-A1J9-01A-11R-A13Q-07,0.9633762745870633,0
TCGA-B6-A0IB-01A-11R-A034-07,0.9860893416536235,1
TCGA-A8-A06R-01A-11R-A00Z-07,1.0186770100524396,1
TCGA-AR-A24H-01A-11R-A169-07,0.9456449823260321,1
TCGA-E2-A109-01A-11R-A10J-07,0.987562988234576,0
TCGA-AR-A5QN-01A-12R-A28M-07,1.1114455338019587,1
TCGA-A2-A0EX-01A-21R-A034-07,1.101893804953045,1
TCGA-C8-A12N-01A-11R-A115-07,1.077615839861156,0
TCGA-A2-A259-01A-11R-A16F-07,1.108974809011308,1
TCGA-AO-A12A-01A-21R-A115-07,1.180092190983678,1
TCGA-A7-A3RF-01A-11R-A22K-07,0.874337963740933,0
TCGA-AN-A0FS-01A-11R-A034-07,1.0064559283140655,1
TCGA-C8-A26W-01A-11R-A16F-07,1.1487627969485668,1
TCGA-E9-A1RC-01A-11R-A157-07,1.0084882549598573,1
TCGA-E2-A1B0-01A-11R-A12P-07,1.0219826956413733,1
TCGA-AO-A126-01A-11R-A10J-07,0.9215877149320001,1
TCGA-AC-A4ZE-01A-11R-A41B-07,1.0032693107033055,1
TCGA-E9-A229-01A-31R-A157-07,1.2313706296292035,1
TCGA-EW-A1P1-01A-31R-A14D-07,1.0397752928643087,1
TCGA-BH-AB28-01A-31R-A41B-07,1.0942079504854636,1
TCGA-A8-A08P-01A-11R-A00Z-07,1.1121826791209342,1
TCGA-EW-A1IX-01A-12R-A144-07,1.0750283508716347,1
TCGA-LL-A73Z-01A-11R-A32P-07,1.0316409586935131,1
TCGA-E9-A1R7-01A-11R-A14M-07,0.812380603067192,1
TCGA-BH-A1F2-01A-31R-A13Q-07,0.9234575029314944,1
TCGA-A8-A0A6-01A-12R-A056-07,1.1286470029788127,1
TCGA-A1-A0SE-01A-11R-A084-07,1.2401858818974305,1
TCGA-E9-A1NG-01A-21R-A14M-07,1.1383728377970914,1
TCGA-B6-A1KF-01A-11R-A13Q-07,0.8549749943795527,1
TCGA-BH-A0EE-01A-11R-A034-07,0.8361557438757345,1
TCGA-BH-A0BD-01A-11R-A034-07,1.0777741428676395,1
TCGA-OL-A5RY-01A-21R-A28M-07,1.0026550229446323,1
TCGA-E9-A1RD-01A-11R-A157-07,1.048207457429028,1
TCGA-AR-A24K-01A-11R-A169-07,0.920365827255088,1
TCGA-BH-A0BP-01A-11R-A115-07,1.124418325318202,0
TCGA-C8-A130-01A-31R-A115-07,1.0459719949673978,1
TCGA-B6-A0RG-01A-11R-A056-07,1.0981585639612863,1
TCGA-E9-A1NA-01A-11R-A144-07,1.1001979745708002,0
TCGA-A8-A0A2-01A-11R-A034-07,0.998106197258449,1
TCGA-E2-A14V-01A-11R-A12D-07,1.052323185467613,1
TCGA-E2-A1LL-01A-11R-A144-07,0.8861644893444438,1
TCGA-AR-A24M-01A-11R-A169-07,1.0087713474829827,1
TCGA-A8-A0AB-01A-11R-A034-07,1.0053903125920136,1
TCGA-C8-A1HL-01A-11R-A137-07,0.9938641687924091,1
TCGA-OL-A66P-01A-11R-A31O-07,0.7621047167712734,1
TCGA-OL-A66K-01A-11R-A29R-07,1.0349540008739615,1
TCGA-BH-A0HF-01A-11R-A056-07,1.2190942621125194,1
TCGA-AN-A03X-01A-21R-A00Z-07,0.9648679039472133,1
TCGA-A2-A1FV-01A-11R-A13Q-07,0.8731359660944884,1
TCGA-E9-A3HO-01A-11R-A213-07,0.7984218796950177,1
TCGA-A2-A0YE-01A-11R-A109-07,0.943033541046001,1
TCGA-A1-A0SP-01A-11R-A084-07,0.9196055223433899,1
TCGA-AO-A0J7-01A-11R-A034-07,1.0460466508421646,1
TCGA-C8-A3M7-01A-12R-A21T-07,1.0084653677007953,1
TCGA-A2-A0YG-01A-21R-A109-07,1.0154546744875508,1
TCGA-E2-A14Y-01A-21R-A12D-07,0.8569686305692396,0
TCGA-EW-A424-01A-11R-A24H-07,0.9796272573053755,0
TCGA-D8-A141-01A-11R-A115-07,1.16636588144335,0
TCGA-C8-A1HJ-01A-11R-A13Q-07,0.7439158048087133,0
TCGA-C8-A12O-01A-11R-A115-07,1.0749039824317983,1
TCGA-LL-A442-01A-11R-A24H-07,0.9890292534760132,1
TCGA-C8-A12Z-01A-11R-A115-07,0.8872388240643027,0
TCGA-EW-A1OX-01A-11R-A144-07,0.9486757741034327,1
TCGA-E9-A1RG-01A-11R-A14D-07,0.9042010926491365,1
TCGA-AQ-A1H2-01A-11R-A13Q-07,0.965818662936224,1
TCGA-AR-A24Q-01A-12R-A169-07,0.9509760588083267,1
TCGA-A8-A09K-01A-11R-A00Z-07,0.9850896626451856,1
TCGA-BH-A0W7-01A-11R-A115-07,1.1329927173307446,1
TCGA-BH-A0H0-01A-11R-A056-07,0.9514944384155921,1
TCGA-AO-A0JD-01A-11R-A056-07,0.9274336043130217,1
TCGA-A2-A4RW-01A-21R-A266-07,1.07300201871666,1
TCGA-C8-A12U-01A-11R-A115-07,0.9207188198371615,0
TCGA-C8-A12V-01A-11R-A115-07,0.9690393637822337,0
TCGA-E9-A1NC-01A-21R-A26B-07,1.0184405093771776,1
TCGA-AO-A12G-01A-11R-A10J-07,1.0793410968560093,1
TCGA-S3-AA11-01A-31R-A41B-07,1.0587054370778741,1
TCGA-BH-A0HQ-01A-11R-A034-07,1.0956931644868075,0
TCGA-AO-A03L-01A-41R-A056-07,1.0903953289747075,1
TCGA-C8-A1HM-01A-12R-A137-07,0.9023331871277324,1
TCGA-D8-A146-01A-31R-A115-07,1.0767955675470262,1
TCGA-A2-A0EV-01A-11R-A034-07,1.1680423668877236,1
TCGA-E2-A154-01A-11R-A115-07,1.1613354839482193,1
TCGA-E2-A1LE-01A-12R-A19W-07,0.9107120721272269,0
TCGA-E9-A1R5-01A-11R-A14M-07,0.9995862344804887,1
TCGA-AC-A3EH-01A-22R-A22K-07,1.043392977163242,0
TCGA-C8-A12Y-01A-11R-A12D-07,1.0618414009772872,1
TCGA-BH-A0E2-01A-11R-A056-07,1.0751343403010547,1
TCGA-D8-A1XG-01A-11R-A14D-07,0.9868863056466236,1
TCGA-OL-A5DA-01A-11R-A27Q-07,1.057744052002302,0
TCGA-AC-A3HN-01A-11R-A213-07,1.0827947315113056,0
TCGA-B6-A0RP-01A-21R-A084-07,1.126710039706707,1
TCGA-3C-AALI-01A-11R-A41B-07,0.9160582829676533,0
TCGA-D8-A1Y2-01A-11R-A157-07,1.0364422119918146,1
TCGA-S3-AA15-01A-11R-A41B-07,0.9789737591814333,1
TCGA-BH-A0W5-01A-11R-A109-07,1.1518206867117167,0
TCGA-A8-A097-01A-11R-A034-07,1.0158061560036764,1
TCGA-AO-A12D-01A-11R-A115-07,1.0634444442898274,1
TCGA-AN-A04A-01A-21R-A034-07,1.1208838919199318,1
TCGA-E2-A1B4-01A-11R-A12P-07,1.0039544149492488,1
TCGA-A8-A09R-01A-11R-A00Z-07,1.0205587864654522,1
TCGA-XX-A89A-01A-11R-A36F-07,1.1282981222259005,1
TCGA-AR-A24O-01A-11R-A169-07,1.0257776068043207,0
TCGA-E2-A1LG-01A-21R-A14M-07,0.7656332797416957,1
TCGA-AC-A8OS-01A-12R-A41B-07,1.0105219436970438,1
TCGA-HN-A2NL-01A-11R-A18M-07,0.8340500001437791,1
TCGA-E9-A1N6-01A-11R-A144-07,1.0520372443873203,1
TCGA-E2-A10C-01A-21R-A10J-07,0.9164011694755865,1
TCGA-BH-A0AU-01A-11R-A12P-07,1.0584678464655841,1
TCGA-A2-A0EW-01A-21R-A115-07,1.0186124354228396,1
TCGA-A8-A07B-01A-11R-A00Z-07,0.9802457559672775,0
TCGA-E2-A15K-01A-11R-A12P-07,1.0773617526776669,0
TCGA-EW-A6S9-01A-22R-A33J-07,1.1884069226600782,1
TCGA-AC-A3W5-01A-11R-A22K-07,1.0360899130662347,1
TCGA-BH-A0AV-01A-31R-A115-07,0.890207344924317,1
TCGA-A2-A0T7-01A-21R-A084-07,1.164058785081436,1
TCGA-AO-A03V-01A-11R-A115-07,1.0583118718870397,1
TCGA-BH-A0DZ-01A-11R-A00Z-07,1.0284085419175837,1
TCGA-AN-A041-01A-11R-A034-07,1.0903619394610717,1
TCGA-B6-A0I5-01A-11R-A034-07,0.910766837930684,1
TCGA-BH-A0BM-01A-11R-A056-07,1.1068006514533915,1
TCGA-BH-A0GZ-01A-11R-A056-07,1.0826744501155372,1
TCGA-LL-A5YN-01A-11R-A28M-07,0.8737964245300044,1
TCGA-B6-A0RM-01A-11R-A084-07,0.9690952193135935,1
TCGA-A2-A4S3-01A-21R-A266-07,0.9804157749650512,1
TCGA-BH-A201-01A-11R-A14M-07,1.1235679578364797,1
TCGA-A2-A0SV-01A-11R-A084-07,0.9896157496875367,1
TCGA-A8-A07L-01A-11R-A00Z-07,0.9730373862952375,0
TCGA-AR-A2LN-01A-21R-A18M-07,1.0421479297923673,1
TCGA-C8-A278-01A-11R-A169-07,1.0227093634043896,1
TCGA-A2-A0CM-01A-31R-A034-07,0.8714476407090562,0
TCGA-C8-A1HE-01A-11R-A13Q-07,1.0312168524271004,1
TCGA-LL-A7T0-01A-31R-A352-07,0.9621873801702598,1
TCGA-B6-A0WT-01A-11R-A109-07,1.106482410721237,1
TCGA-OL-A5D6-01A-21R-A27Q-07,0.9902696689291266,1
TCGA-E2-A14S-01A-11R-A12D-07,1.0277897708053791,1
TCGA-AQ-A1H3-01A-31R-A13Q-07,1.0676941017759223,1
TCGA-BH-A1F8-01A-11R-A13Q-07,0.7774215361968885,0
TCGA-A8-A0AD-01A-11R-A056-07,1.1780792097429187,1
TCGA-GM-A2DA-01A-11R-A18M-07,0.9828693343601385,1
TCGA-A2-A0T5-01A-21R-A084-07,1.1189868572790669,0
TCGA-A8-A09M-01A-11R-A00Z-07,1.0381742806098941,1
TCGA-B6-A0X1-01A-11R-A109-07,0.8923071192775734,1
TCGA-AN-A0XU-01A-11R-A109-07,0.899451583119815,0
TCGA-BH-A1EV-01A-11R-A137-07,1.0081945362218054,1
TCGA-EW-A1OZ-01A-11R-A144-07,0.9460535579337968,0
TCGA-C8-A12X-01A-11R-A115-07,0.9756813997218827,0
TCGA-JL-A3YX-01A-11R-A22U-07,1.046533151808328,1
TCGA-OL-A5D7-01A-11R-A27Q-07,0.7135228775472938,1
TCGA-E2-A1IK-01A-11R-A144-07,0.9691221934665961,1
TCGA-A2-A0CW-01A-21R-A115-07,0.9958847792338702,1
TCGA-A2-A0ET-01A-31R-A034-07,0.9411383889721016,0
TCGA-B6-A400-01A-11R-A239-07,0.9255659960988972,0
