sample_id,score,y_member
TCGA-E2-A158-01A-11R-A12D-07,0.3366680184412532,1
TCGA-AO-A1KO-01A-31R-A13Q-07,0.31805166846283517,1
TCGA-AR-A0TX-01A-11R-A084-07,0.5727587767825184,0
TCGA-D8-A1XB-01A-11R-A14D-07,0.9357013217967054,1
TCGA-B6-A0IG-01A-11R-A034-07,0.7582482093362387,1
TCGA-AC-A5EH-01A-11R-A28M-07,0.6497114945089673,1
TCGA-LL-A7SZ-01A-32R-A352-07,0.5592042927812265,1
TCGA-A7-A26J-01A-11R-A169-07,0.8905943717253401,1
TCGA-E9-A22H-01A-11R-A157-07,0.6710382822927449,1
TCGA-BH-A208-01A-11R-A157-07,0.523559787175377,1
TCGA-BH-A6R9-01A-21R-A32P-07,0.3519233709485586,1
TCGA-OL-A5S0-01A-11R-A28M-07,0.4403681231475105,1
TCGA-A1-A0SD-01A-11R-A115-07,0.9282676128746571,1
TCGA-AO-A0JB-01A-11R-A32Y-07,0.4360162526473899,1
TCGA-E2-A1BD-01A-11R-A12P-07,0.8794107921590808,1
TCGA-AN-A0AS-01A-11R-A00Z-07,0.8592394667078631,1
TCGA-A7-A13G-01A-11R-A13Q-07,0.5060628316828294,1
TCGA-B6-A0RS-01A-11R-A084-07,0.5389619898794388,1
TCGA-A2-A4S0-01A-21R-A266-07,0.737569241045233,0
TCGA-BH-A1F5-01A-12R-A13Q-07,0.6231372412565064,1
TCGA-A2-A0CX-01A-21R-A00Z-07,0.6378335432804669,1
TCGA-A7-A13D-01A-13R-A12P-07,0.4731766747134834,0
TCGA-AN-A03Y-01A-21R-A00Z-07,0.5733295679619114,1
TCGA-E9-A1ND-01A-11R-A144-07,0.5467475065123656,0
TCGA-EW-A1P5-01A-11R-A144-07,0.8406721511526923,1
TCGA-EW-A423-01A-11R-A24H-07,0.6985828145946991,1
TCGA-A7-A5ZV-01A-11R-A28M-07,0.32662683828057865,1
TCGA-C8-A8HP-01A-11R-A36F-07,0.4950946485770753,1
TCGA-AQ-A54O-01A-11R-A266-07,0.38294945448600703,1
TCGA-E9-A5FK-01A-11R-A27Q-07,0.7572081523162001,1
TCGA-D8-A142-01A-11R-A115-07,0.5765647559685629,1
TCGA-BH-A0BC-01A-22R-A084-07,0.9029377990065278,1
TCGA-A2-A0EY-01A-11R-A034-07,0.6789601524749354,1
TCGA-D8-A1J8-01A-11R-A13Q-07,0.4691390777539443,1
TCGA-A8-A06Y-01A-21R-A00Z-07,0.8048814445374437,0
TCGA-EW-A1J1-01A-11R-A13Q-07,0.7999239465696677,1
TCGA-BH-A0C0-01A-21R-A056-07,0.6762103118376135,0
TCGA-AC-A2FK-01A-12R-A180-07,0.4809049914616994,0
TCGA-A2-A3XV-01A-21R-A239-07,0.1734303180567783,0
TCGA-BH-A0HB-01A-11R-A056-07,0.8516595869028534,1
TCGA-AN-A0XL-01A-11R-A10J-07,0.9154692624051445,1
TCGA-E2-A10B-01A-11R-A10J-07,0.903556264334004,1
TCGA-A2-A04X-01A-21R-A034-07,0.5296628912770623,1
TCGA-AR-A1AN-01A-11R-A12P-07,0.9004446738650508,1
TCGA-A2-A0EM-01A-11R-A034-07,0.8818665193370359,0
TCGA-B6-A0WS-01A-11R-A115-07,0.9181546443964412,1
TCGA-D8-A1XD-01A-11R-A14D-07,0.7446429259182418,1
TCGA-A8-A091-01A-11R-A00Z-07,0.7440633999740273,1
TCGA-E9-A2JS-01A-11R-A180-07,0.5913991389245987,0
TCGA-A2-A1G1-01A-21R-A13Q-07,0.3522790469162632,1
TCGA-E9-A22B-01A-11R-A157-07,0.8492967094545764,0
TCGA-D8-A27G-01A-11R-A16F-07,0.9273086413965074,1
TCGA-A7-A13E-01A-11R-A12P-07,0.4211694413934412,1
TCGA-BH-A0AY-01A-21R-A00Z-07,0.9075109702344221,0
TCGA-E2-A1L7-01A-11R-A144-07,0.6608402133738082,1
TCGA-AN-A046-01A-21R-A034-07,0.8967483543403092,0
TCGA-AN-A0AL-01A-11R-A00Z-07,0.51285057553545,0
TCGA-D8-A27K-01A-11R-A16F-07,0.8981153406156012,1
TCGA-BH-A0DO-01B-11R-A12D-07,0.8734227863018796,0
TCGA-A7-A4SB-01A-21R-A266-07,0.7881311794819461,0
TCGA-EW-A6SB-01A-12R-A32P-07,0.40192971422788903,1
TCGA-D8-A1JM-01A-11R-A13Q-07,0.34668610603887073,1
TCGA-OL-A66J-01A-11R-A29R-07,0.860275805489598,1
TCGA-D8-A13Y-01A-11R-A115-07,0.3601793422504657,1
TCGA-AR-A24N-01A-11R-A169-07,0.6572954117973028,1
TCGA-BH-A0B1-01A-12R-A056-07,0.8587194252197933,1
TCGA-B6-A0RN-01A-12R-A084-07,0.8813261830505211,1
TCGA-A2-A0T1-01A-21R-A084-07,0.5981234552837804,1
TCGA-AN-A0AM-01A-11R-A034-07,0.6052524390327318,1
TCGA-E2-A1LA-01A-11R-A144-07,0.8483475413504974,0
TCGA-JL-A3YW-01A-12R-A239-07,0.5116780885357256,0
TCGA-BH-A0H3-01A-11R-A12P-07,0.882353629067818,1
TCGA-E2-A1IF-01A-11R-A144-07,0.8762967394149163,1
TCGA-C8-A26X-01A-31R-A16F-07,0.554857184322521,1
TCGA-A8-A09B-01A-11R-A00Z-07,0.9092639125548778,0
TCGA-A7-A26G-01A-21R-A169-07,0.5117655336778574,1
TCGA-AC-A2FE-01A-11R-A19W-07,0.9371678575086714,1
TCGA-A8-A08G-01A-11R-A00Z-07,0.7253498401515588,0
TCGA-AN-A0FJ-01A-11R-A00Z-07,0.3644380330513821,1
TCGA-B6-A0RV-01A-11R-A084-07,0.9156397222372666,1
TCGA-B6-A0WV-01A-11R-A109-07,0.6886220662803338,1
TCGA-A8-A07P-01A-11R-A00Z-07,0.8188360748008202,1
TCGA-A8-A08H-01A-21R-A00Z-07,0.4925480041046915,1
TCGA-AR-A0TW-01A-11R-A084-07,0.698175023365804,1
TCGA-E2-A15F-01A-11R-A115-07,0.8748759772453099,1
TCGA-B6-A0WX-01A-11R-A109-07,0.6682926104603947,1
TCGA-D8-A1Y1-01A-21R-A14M-07,0.8188884206077047,1
TCGA-E2-A14Z-01A-11R-A115-07,0.89234054244866,0
TCGA-A2-A25A-01A-12R-A16F-07,0.7240642354621095,0
TCGA-A2-A0CT-01A-31R-A056-07,0.7634669453619386,1
TCGA-HN-A2OB-01A-21R-A27Q-07,0.8885955426127714,0
TCGA-B6-A0RT-01A-21R-A084-07,0.5778241942931487,1
TCGA-AR-A24T-01A-11R-A169-07,0.8626033191206779,1
TCGA-E9-A1R0-01A-22R-A16F-07,0.8882170268433189,1
TCGA-E9-A5FL-01A-11R-A27Q-07,0.32658912716957667,1
TCGA-E2-A3DX-01A-21R-A213-07,0.8850252758830655,1
TCGA-E2-A14T-01A-11R-A115-07,0.8017582742551264,1
TCGA-A2-A4RY-01A-31R-A266-07,0.6129970755540257,1
TCGA-AR-A2LK-01A-11R-A180-07,0.7233835959510398,1
TCGA-BH-A42U-01A-12R-A24H-07,0.44845987244728336,1
TCGA-AO-A12C-01A-11R-A10J-07,0.8509476973602409,0
TCGA-A2-A3XY-01A-11R-A239-07,0.5734576461941507,1
TCGA-D8-A73X-01A-11R-A32P-07,0.9182367986966473,1
TCGA-AR-A2LO-01A-31R-A18M-07,0.9317047027665714,1
TCGA-AO-A0JJ-01A-11R-A056-07,0.9012130615818625,0
TCGA-LD-A74U-01A-13R-A33J-07,0.9166760051713948,1
TCGA-AN-A0XN-01A-21R-A109-07,0.8653636517063668,1
TCGA-E2-A107-01A-11R-A10J-07,0.7852485803052958,1
TCGA-A7-A6VV-01A-22R-A33J-07,0.5537335977228529,1
TCGA-AC-A5XS-01A-11R-A29R-07,0.8328607718386021,1
TCGA-BH-A0H6-01A-21R-A056-07,0.8678979618818641,1
TCGA-AC-A23C-01A-12R-A169-07,0.8670006801099358,1
TCGA-E9-A1NH-01A-11R-A14D-07,0.9168136625201838,1
TCGA-D8-A1XW-01A-11R-A14M-07,0.4145972350178298,1
TCGA-AO-A0JG-01A-31R-A084-07,0.8174012927789651,0
TCGA-BH-A18N-01A-11R-A12D-07,0.7971292526130964,1
TCGA-A1-A0SO-01A-22R-A084-07,0.28298205975556956,0
TCGA-BH-A0B5-01A-11R-A12P-07,0.9255994425961056,0
TCGA-A8-A09T-01A-11R-A00Z-07,0.8846379569645852,1
TCGA-BH-A0BR-01A-21R-A115-07,0.863309539642374,1
TCGA-D8-A27W-01A-11R-A16F-07,0.6341216458940421,1
TCGA-BH-A0BW-01A-11R-A115-07,0.4453765558102213,1
TCGA-GM-A2DB-01A-31R-A18M-07,0.40068699197298013,0
TCGA-AC-A2QH-01A-11R-A18M-07,0.16815074329754415,1
TCGA-D8-A1JB-01A-11R-A13Q-07,0.8983197838822068,1
TCGA-BH-A1ES-01A-11R-A137-07,0.8210812037430865,1
TCGA-OL-A97C-01A-32R-A41B-07,0.5491948486278351,1
TCGA-A2-A0YF-01A-21R-A109-07,0.8037197485065456,1
TCGA-D8-A1XS-01A-11R-A14M-07,0.735805046827855,1
TCGA-D8-A140-01A-11R-A115-07,0.8260292076510657,1
TCGA-A8-A09Q-01A-11R-A00Z-07,0.6796029480150071,1
TCGA-B6-A0I1-01A-11R-A21T-07,0.36740949067379947,1
TCGA-AO-A0JE-01A-11R-A056-07,0.6516931387755778,1
TCGA-A2-A1FW-01A-11R-A13Q-07,0.4158165392765782,1
TCGA-D8-A1XY-01A-11R-A14M-07,0.8362782987841206,1
TCGA-A2-A04R-01A-41R-A109-07,0.6549372065217938,0
TCGA-A2-A1FX-01A-11R-A13Q-07,0.6837421545180125,1
TCGA-A8-A07W-01A-11R-A00Z-07,0.6832060865838484,1
TCGA-D8-A1XK-01A-21R-A14M-07,0.3363049428987275,1
TCGA-D8-A3Z5-01A-41R-A24H-07,0.8036238954957917,1
TCGA-LL-A5YM-01A-11R-A28M-07,0.26866195100033,1
TCGA-B6-A0IJ-01A-11R-A034-07,0.43267061306935845,0
TCGA-A8-A06N-01A-11R-A00Z-07,0.3484462673631912,1
TCGA-GM-A2DM-01A-11R-A180-07,0.8342756530854996,1
TCGA-E2-A15D-01A-11R-A115-07,0.9015634667693667,1
TCGA-B6-A1KI-01A-11R-A14M-07,0.8778595457745346,1
TCGA-D8-A1JS-01A-11R-A13Q-07,0.6156778570171395,1
TCGA-PE-A5DD-01A-12R-A27Q-07,0.8234440886280415,1
TCGA-BH-A0BG-01A-11R-A115-07,0.5591784843405174,1
TCGA-LL-A6FQ-01A-11R-A31O-07,0.5489788477682489,0
TCGA-E2-A1IN-01A-11R-A13Q-07,0.938138512130937,1
TCGA-A8-A06T-01A-11R-A00Z-07,0.7962078321813869,1
TCGA-B6-A402-01A-11R-A239-07,0.44869786167276354,1
TCGA-E2-A9RU-01A-11R-A41B-07,0.4411799322393577,1
TCGA-A2-A3XW-01A-11R-A239-07,0.3228458580083982,1
TCGA-B6-A0RU-01A-11R-A084-07,0.6160915820622853,0
TCGA-A8-A086-01A-11R-A00Z-07,0.8886966092396783,1
TCGA-B6-A40C-01A-11R-A239-07,0.8669335581931453,1
TCGA-D8-A1JF-01A-11R-A13Q-07,0.35920173180291765,1
TCGA-A2-A0T6-01A-11R-A084-07,0.8693747544156061,1
TCGA-BH-A1FG-01A-11R-A13Q-07,0.7743769239186846,0
TCGA-GM-A3NY-01A-11R-A21T-07,0.719038749367376,1
TCGA-AN-A0AK-01A-21R-A00Z-07,0.4870926511282849,1
TCGA-BH-A1FC-01A-11R-A13Q-07,0.4080028939126675,1
TCGA-E9-A227-01A-11R-A157-07,0.9148475322727846,1
TCGA-BH-A18P-01A-11R-A12D-07,0.6283290138033979,1
TCGA-E2-A15R-01A-11R-A115-07,0.6856722729827275,1
TCGA-BH-A0WA-01A-11R-A109-07,0.5264315710609935,0
TCGA-BH-A42T-01A-11R-A24H-07,0.5959808176251684,1
TCGA-AC-A23H-01A-11R-A157-07,0.5033739734665756,1
TCGA-OL-A66I-01A-21R-A29R-07,0.5078900519152708,1
TCGA-S3-AA17-01A-11R-A41B-07,0.6922480448835201,1
TCGA-AR-A1AL-01A-21R-A12P-07,0.888255830967344,0
TCGA-AC-A2B8-01A-11R-A17B-07,0.9220164326984135,1
TCGA-D8-A1XO-01A-11R-A14M-07,0.8906583637433296,1
TCGA-C8-A26Y-01A-11R-A16F-07,0.46876856943162193,1
TCGA-BH-A0DG-01A-21R-A12P-07,0.9076811850064405,1
TCGA-E9-A243-01A-21R-A169-07,0.4868630287586502,1
TCGA-A2-A04W-01A-31R-A115-07,0.4685245192116662,1
TCGA-A8-A09G-01A-21R-A00Z-07,0.5023608399314614,1
TCGA-BH-A0DI-01A-21R-A12P-07,0.9161849758504063,1
TCGA-E2-A152-01A-11R-A12D-07,0.6072142920317665,1
TCGA-AQ-A7U7-01A-22R-A352-07,0.8673243042239358,1
TCGA-BH-A0BZ-01A-31R-A12P-07,0.7498546726978159,1
TCGA-EW-A1OV-01A-11R-A144-07,0.5602437963054818,1
TCGA-A8-A0A7-01A-11R-A00Z-07,0.6124529045096138,1
TCGA-BH-A1EN-01A-11R-A13Q-07,0.4118010759206044,1
TCGA-E2-A1IE-01A-11R-A13Q-07,0.8305287000496455,1
TCGA-BH-A0HW-01A-11R-A034-07,0.5083288946183111,1
TCGA-BH-A0BJ-01A-11R-A056-07,0.9217622381164475,1
TCGA-AO-A03N-01B-11R-A10J-07,0.553764902024252,1
TCGA-EW-A1P3-01A-11R-A144-07,0.8743394122618092,1
TCGA-B6-A0I2-01A-11R-A034-07,0.3931758628154867,0
TCGA-EW-A1PD-01A-11R-A144-07,0.8577966372448627,1
TCGA-B6-A0IH-01A-11R-A115-07,0.8542749826351822,0
TCGA-E2-A15M-01A-11R-A12D-07,0.8163807647128685,1
TCGA-BH-A0H9-01A-11R-A056-07,0.8628734204986893,0
TCGA-BH-A0HL-01A-11R-A10U-07,0.6446485848429466,0
TCGA-A8-A07G-01A-11R-A034-07,0.8900044970689365,1
TCGA-E2-A1IL-01A-11R-A14D-07,0.8690339665135787,1
TCGA-AR-A0U4-01A-11R-A109-07,0.44772589694166776,1
TCGA-D8-A147-01A-11R-A115-07,0.4639740992972518,1
TCGA-BH-A0HY-01A-11R-A056-07,0.6030642736721618,1
TCGA-D8-A1XT-01A-11R-A14M-07,0.5508915763668203,0
TCGA-E2-A14W-01A-11R-A12D-07,0.5673466451496023,1
TCGA-E9-A1RB-01A-11R-A157-07,0.6136686077568367,1
TCGA-LL-A5YL-01A-12R-A29R-07,0.7069522101630108,0
TCGA-WT-AB41-01A-11R-A41B-07,0.5218299405643964,1
TCGA-A8-A09Z-01A-11R-A00Z-07,0.4320555949671363,0
TCGA-AN-A0FX-01A-11R-A034-07,0.6021927689280775,1
TCGA-B6-A409-01A-11R-A24H-07,0.4659037092964812,1
TCGA-EW-A1PG-01A-11R-A144-07,0.48662003482556065,1
TCGA-OL-A6VR-01A-32R-A33J-07,0.8028296352589724,1
TCGA-BH-A1FN-01A-11R-A13Q-07,0.627397941825755,1
TCGA-AR-A2LR-01A-12R-A18M-07,0.4388404581757123,1
TCGA-A7-A5ZX-01A-12R-A29R-07,0.8770056353361814,1
TCGA-LL-A73Y-01A-11R-A33J-07,0.5969139637303137,1
TCGA-A2-A25D-01A-12R-A16F-07,0.850579808680781,0
TCGA-BH-A0C7-01B-11R-A115-07,0.7157494166433804,1
TCGA-E2-A570-01A-11R-A29R-07,0.901631309829159,1
TCGA-BH-A1FL-01A-11R-A13Q-07,0.8904040777207094,1
TCGA-A1-A0SG-01A-11R-A144-07,0.8718179140092546,1
TCGA-A8-A07U-01A-11R-A034-07,0.5752068116176374,0
TCGA-E2-A15L-01A-11R-A12D-07,0.8999732398928537,1
TCGA-E9-A1R4-01A-21R-A14D-07,0.7250059781220635,0
TCGA-AR-A0TS-01A-11R-A115-07,0.5520808398192828,1
TCGA-E2-A10F-01A-11R-A10J-07,0.9513108683737269,1
TCGA-AO-A128-01A-11R-A10J-07,0.46440418909200404,1
TCGA-AR-A0U3-01A-11R-A109-07,0.8068521975368596,1
TCGA-BH-A0DL-01A-11R-A115-07,0.46644131439232933,1
TCGA-A7-A0D9-01A-31R-A056-07,0.8047446086159304,1
TCGA-AN-A0FD-01A-11R-A034-07,0.8731666943738406,1
TCGA-A2-A0YK-01A-22R-A109-07,0.62340910932383,1
TCGA-BH-A1FH-01A-12R-A13Q-07,0.8504701857349264,1
TCGA-C8-A12T-01A-11R-A115-07,0.6423303942409153,1
TCGA-B6-A2IU-01A-32R-A18M-07,0.8055735987001219,1
TCGA-4H-AAAK-01A-12R-A41B-07,0.9265748307301892,1
TCGA-E2-A1IU-01A-11R-A14D-07,0.8811671357016995,0
TCGA-3C-AALK-01A-11R-A41B-07,0.923518709569319,1
TCGA-D8-A27M-01A-11R-A16F-07,0.5244771434684924,1
TCGA-E2-A56Z-01A-12R-A29R-07,0.5889498586497657,1
TCGA-AO-A1KQ-01A-11R-A13Q-07,0.6712879376973957,1
TCGA-AR-A2LE-01A-11R-A180-07,0.8082893588907744,1
TCGA-E2-A1BC-01A-11R-A12P-07,0.8385890636382602,1
TCGA-BH-A0E6-01A-11R-A034-07,0.44890630368082535,1
TCGA-AO-A0J2-01A-11R-A034-07,0.42131349030551957,1
TCGA-A7-A6VX-01A-12R-A33J-07,0.7207593193288322,0
TCGA-E2-A1LI-01A-12R-A157-07,0.4877888518988038,0
TCGA-AR-A1AT-01A-11R-A12P-07,0.6522732978351211,1
TCGA-A7-A426-01A-22R-A24H-07,0.8600002954077318,1
TCGA-A2-A25C-01A-11R-A169-07,0.6502876788402807,1
TCGA-B6-A0RL-01A-11R-A084-07,0.32655284751031255,1
TCGA-OK-A5Q2-01A-11R-A27Q-07,0.9415948107480611,1
TCGA-E9-A244-01A-11R-A169-07,0.46127903982043866,1
TCGA-E9-A1R6-01A-11R-A14D-07,0.83825459056499,1
TCGA-BH-A8G0-01A-11R-A352-07,0.8768423709012498,1
TCGA-EW-A1IZ-01A-11R-A13Q-07,0.8383247622787816,0
TCGA-AO-A0J5-01A-11R-A034-07,0.8575170102084966,1
TCGA-E2-A1AZ-01A-11R-A12P-07,0.499357223325776,1
TCGA-B6-A0RE-01A-11R-A056-07,0.5458776945597381,1
TCGA-A7-A4SE-01A-11R-A266-07,0.5259874047230816,0
TCGA-LL-A740-01A-21R-A32P-07,0.7815601763651295,1
TCGA-A8-A07R-01A-21R-A034-07,0.375808320903524,0
TCGA-S3-AA10-01A-21R-A41B-07,0.4562083400198282,1
TCGA-A7-A4SF-01A-11R-A266-07,0.4070873239446946,0
TCGA-A7-A0CG-01A-12R-A056-07,0.8903795563908663,0
TCGA-E2-A1LS-01A-12R-A157-07,0.2725447018774741,1
TCGA-AR-A24P-01A-11R-A169-07,0.8900219780481312,0
TCGA-E9-A54Y-01A-11R-A466-07,0.1886687402288371,1
TCGA-AO-A0JA-01A-11R-A056-07,0.8866485937687624,1
TCGA-A8-A08A-01A-11R-A32Y-07,0.8770089639596004,1
TCGA-AR-A24V-01A-21R-A169-07,0.8588955401337515,1
TCGA-A2-A0CO-01A-13R-A22K-07,0.8375225180389637,1
TCGA-E2-A15I-01A-21R-A137-07,0.8042537035340798,0
TCGA-A2-A0SU-01A-11R-A084-07,0.8544464131936097,0
TCGA-AC-A3OD-01A-11R-A21T-07,0.5771054312640103,1
TCGA-AC-A3YJ-01A-11R-A22U-07,0.7158791156712035,0
TCGA-AR-A0TZ-01A-12R-A084-07,0.7705479210384443,1
TCGA-A2-A0D3-01A-11R-A115-07,0.7898390750816501,1
TCGA-BH-A18L-01A-32R-A12D-07,0.5224023856201403,1
TCGA-EW-A2FW-01A-11R-A17B-07,0.5792470646587703,1
TCGA-A2-A0YL-01A-21R-A109-07,0.915033034834016,1
TCGA-E9-A54X-01A-11R-A266-07,0.47778475363696077,1
TCGA-BH-A18F-01A-11R-A12D-07,0.9230447033965191,1
TCGA-W8-A86G-01A-21R-A36F-07,0.8422985248735398,1
TCGA-A8-A08T-01A-21R-A00Z-07,0.9003335451052603,1
TCGA-BH-A1EX-01A-11R-A13Q-07,0.8786767309972846,0
TCGA-A8-A08O-01A-21R-A056-07,0.9090993087974238,0
TCGA-AC-A6IX-01A-12R-A32P-07,0.9273800274118718,1
TCGA-C8-A27B-01A-11R-A169-07,0.38564069262097467,1
TCGA-PL-A8LZ-01A-31R-A36F-07,0.5957919499329338,1
TCGA-AR-A1AQ-01A-11R-A12P-07,0.5611485169619947,1
TCGA-BH-A1FU-01A-11R-A14D-07,0.6251445926451286,1
TCGA-A2-A0SY-01A-31R-A084-07,0.9277985477100721,1
TCGA-BH-A1EW-01A-11R-A137-07,0.8345508627903643,1
TCGA-GM-A3NW-01A-21R-A22K-07,0.8206033348116015,0
TCGA-BH-A0W4-01A-11R-A109-07,0.9222916150634125,1
TCGA-AR-A1AS-01A-11R-A12P-07,0.8489794202273474,0
TCGA-EW-A1J6-01A-11R-A13Q-07,0.48468860140538866,1
TCGA-AC-A6NO-01A-12R-A33J-07,0.8558257554544955,1
TCGA-A7-A0CE-01A-11R-A00Z-07,0.5058931147347717,0
TCGA-BH-A6R8-01A-21R-A33J-07,0.7126466591115445,1
TCGA-EW-A1OY-01A-11R-A144-07,0.7292198230739751,1
TCGA-BH-A0BS-01A-11R-A12P-07,0.7890040739426771,0
TCGA-A7-A6VY-01A-12R-A33J-07,0.5372049087221135,1
TCGA-A2-A0CK-01A-11R-A22K-07,0.8770313200991307,0
TCGA-AO-A12H-01A-11R-A115-07,0.8194568122005197,0
TCGA-C8-A12L-01A-11R-A115-07,0.48031505942096275,1
TCGA-A1-A0SQ-01A-21R-A144-07,0.7439115278362747,1
TCGA-A7-A56D-01A-11R-A27Q-07,0.4035499134879384,1
TCGA-A8-A09I-01A-22R-A034-07,0.641327544212918,1
TCGA-BH-A0DH-01A-11R-A084-07,0.7966612793378585,1
TCGA-B6-A0X0-01A-21R-A115-07,0.8678165041169571,1
TCGA-S3-AA12-01A-11R-A41B-07,0.7079937259157046,1
TCGA-E2-A159-01A-11R-A115-07,0.6319588957784683,1
TCGA-D8-A27V-01A-12R-A17B-07,0.8346928485259081,1
TCGA-D8-A1JT-01A-31R-A13Q-07,0.39028079233459234,1
TCGA-C8-A138-01A-11R-A115-07,0.5644234806126044,1
TCGA-AO-A0J6-01A-11R-A034-07,0.45092382110182605,1
TCGA-AR-A24R-01A-11R-A169-07,0.6809863505009629,1
TCGA-AR-A0TY-01A-12R-A115-07,0.48865748683748855,1
TCGA-E9-A1QZ-01A-21R-A169-07,0.889023568618682,1
TCGA-AR-A24W-01A-11R-A169-07,0.8107473326353938,0
TCGA-LL-A5YP-01A-21R-A28M-07,0.5434367800924058,1
TCGA-B6-A0WY-01A-11R-A109-07,0.934188138153928,1
TCGA-GM-A2DC-01A-11R-A18M-07,0.6225844182863423,1
TCGA-A2-A4S2-01A-12R-A266-07,0.8728175027299184,1
TCGA-A8-A09X-01A-11R-A00Z-07,0.5211427020741691,1
TCGA-OL-A5RV-01A-12R-A28M-07,0.9023272508614786,1
TCGA-E2-A14P-01A-31R-A12D-07,0.41083758994132197,1
TCGA-C8-A8HQ-01A-11R-A36F-07,0.7900736951180215,1
TCGA-AR-A0TP-01A-11R-A084-07,0.4035809072643969,1
TCGA-A8-A09A-01A-11R-A00Z-07,0.8711999325282237,1
TCGA-A8-A08L-01A-11R-A00Z-07,0.5331121811590201,1
TCGA-A8-A08F-01A-11R-A00Z-07,0.6688810974705242,1
TCGA-GI-A2C9-01A-11R-A21T-07,0.5858495196438162,1
TCGA-A2-A0SW-01A-11R-A084-07,0.7027751018780432,1
TCGA-LD-A7W5-01A-22R-A352-07,0.7925847453639313,0
TCGA-D8-A27R-01A-11R-A16F-07,0.7230527744250825,1
TCGA-AO-A0JM-01A-21R-A056-07,0.69756512584979,1
TCGA-GM-A2D9-01A-11R-A18M-07,0.849994536971588,1
TCGA-D8-A1XU-01A-11R-A14M-07,0.8703158986566364,1
TCGA-AO-A1KT-01A-11R-A13Q-07,0.7412594245686217,1
TCGA-C8-A12P-01A-11R-A115-07,0.4833189444124392,1
TCGA-LL-A6FR-01A-12R-A31O-07,0.2844602413396185,0
TCGA-AR-A1AJ-01A-21R-A12P-07,0.5658509479414647,1
TCGA-A8-A09D-01A-11R-A00Z-07,0.8483818263957049,1
TCGA-S3-A6ZF-01A-32R-A32P-07,0.7700007487428415,0
TCGA-E2-A150-01A-11R-A12D-07,0.48970097354083136,1
TCGA-BH-A18U-01A-21R-A12D-07,0.6858102413345293,1
TCGA-BH-A0GY-01A-11R-A056-07,0.8653307702483832,1
TCGA-AQ-A54N-01A-11R-A266-07,0.260719489996303,1
TCGA-C8-A273-01A-11R-A16F-07,0.8472876845814171,1
TCGA-S3-AA14-01A-11R-A41B-07,0.8695665116551967,1
TCGA-A7-A2KD-01A-31R-A21T-07,0.7235185861063165,1
TCGA-C8-A131-01A-11R-A115-07,0.551527027826151,1
TCGA-E2-A576-01A-11R-A31O-07,0.5981257508750211,1
TCGA-A2-A0T4-01A-31R-A084-07,0.93003686472399,1
TCGA-A2-A04V-01A-21R-A034-07,0.8841048435739763,0
TCGA-AR-A0U0-01A-11R-A109-07,0.47162930253269597,1
TCGA-BH-A0BO-01A-23R-A12D-07,0.7704593520715629,1
TCGA-A2-A3KC-01A-11R-A213-07,0.9209178013971638,0
TCGA-BH-A18T-01A-11R-A12D-07,0.3697446722786421,0
TCGA-EW-A1J2-01A-21R-A13Q-07,0.904133093460486,1
TCGA-A8-A084-01A-21R-A00Z-07,0.664059849883797,1
TCGA-A8-A08X-01A-21R-A00Z-07,0.6360016589307815,1
TCGA-GM-A2DH-01A-11R-A180-07,0.5551410840090478,1
TCGA-D8-A27L-01A-11R-A16F-07,0.9394337628389039,1
TCGA-A7-A3IZ-01A-11R-A213-07,0.7500698139985467,1
TCGA-AN-A04D-01A-21R-A034-07,0.3055760828002879,1
TCGA-5L-AAT0-01A-12R-A41B-07,0.910440749521825,1
TCGA-AR-A1AU-01A-11R-A12P-07,0.9111769087486911,1
TCGA-AC-A6IV-01A-12R-A33J-07,0.8926986979192251,1
TCGA-E2-A15C-01A-31R-A12D-07,0.9008834352662449,1
TCGA-AO-A1KP-01A-11R-A13Q-07,0.4659887867968502,1
TCGA-E2-A15G-01A-11R-A12D-07,0.8654315658352449,1
TCGA-A2-A3KD-01A-12R-A213-07,0.8845957395150312,0
TCGA-D8-A1X5-01A-11R-A14D-07,0.5956481991707443,1
TCGA-AQ-A04L-01B-21R-A10J-07,0.7233016199886683,1
TCGA-A8-A096-01A-11R-A00Z-07,0.7887474224523915,1
TCGA-A2-A0YH-01A-11R-A109-07,0.7506642460569534,1
TCGA-AN-A0FW-01A-11R-A034-07,0.8140267301856844,1
TCGA-D8-A27H-01A-11R-A16F-07,0.47883496224635613,0
TCGA-OL-A6VQ-01A-12R-A41B-07,0.8797163452061686,1
TCGA-A7-A4SA-01A-11R-A266-07,0.847950536441047,0
TCGA-C8-A274-01A-11R-A16F-07,0.6355916433384591,1
TCGA-E2-A15J-01A-11R-A12P-07,0.838251418903335,1
TCGA-BH-A0B3-01A-11R-A056-07,0.5865174637874887,1
TCGA-E2-A153-01A-12R-A12D-07,0.9203741524950881,1
TCGA-WT-AB44-01A-11R-A41B-07,0.6002706858758335,1
TCGA-B6-A0RQ-01A-11R-A115-07,0.5994218255509005,1
TCGA-A2-A0YM-01A-11R-A109-07,0.3786728563417804,1
TCGA-C8-A1HI-01A-11R-A137-07,0.863409018577058,1
TCGA-AC-A3TM-01A-11R-A22K-07,0.6430706771273257,1
TCGA-A7-A0CD-01A-11R-A00Z-07,0.7844351949574234,0
TCGA-D8-A145-01A-11R-A115-07,0.9177475904291434,1
TCGA-BH-A0EB-01A-11R-A034-07,0.8916271035051448,1
TCGA-AR-A0TV-01A-21R-A084-07,0.49443299722924766,1
TCGA-E2-A15P-01A-11R-A115-07,0.8788767297850157,1
TCGA-A2-A04T-01A-21R-A034-07,0.45375310449348044,1
TCGA-E9-A2JT-01A-22R-A18M-07,0.7744638516315315,1
TCGA-OL-A5RW-01A-11R-A28M-07,0.32257357034242157,0
TCGA-PL-A8LV-01A-21R-A41B-07,0.4764513744737188,1
TCGA-BH-A18M-01A-11R-A12D-07,0.9449399273036138,1
TCGA-D8-A27N-01A-11R-A16F-07,0.7426018176160454,1
TCGA-C8-A3M8-01A-11R-A213-07,0.7064061967545455,1
TCGA-B6-A0WW-01A-11R-A109-07,0.709191510571351,1
TCGA-E9-A3X8-01A-31R-A22U-07,0.5301618543482833,1
TCGA-C8-A133-01A-32R-A12D-07,0.6416833320384225,0
TCGA-D8-A1X6-01A-11R-A14M-07,0.5679380758079762,1
TCGA-A2-A04P-01A-31R-A034-07,0.4360364779256482,1
TCGA-E9-A1N3-01A-12R-A157-07,0.785422934315923,1
TCGA-AN-A0XP-01A-11R-A109-07,0.884032800313728,1
TCGA-E2-A1LK-01A-21R-A14D-07,0.34996755975559624,0
TCGA-C8-A132-01A-31R-A115-07,0.9176533045854779,1
TCGA-PE-A5DE-01A-11R-A27Q-07,0.8940941593938844,1
TCGA-EW-A6SC-01A-12R-A32P-07,0.9067982634831218,1
TCGA-BH-A0EI-01A-11R-A115-07,0.8752545408687593,1
TCGA-A8-A08I-01A-11R-A00Z-07,0.5875552454088651,0
TCGA-AO-A124-01A-11R-A10J-07,0.40239627739834355,0
TCGA-AN-A0XR-01A-11R-A109-07,0.5903772048369733,1
TCGA-BH-A204-01A-11R-A157-07,0.3530589936134385,0
TCGA-AN-A0FF-01A-11R-A034-07,0.8047774093890878,1
TCGA-A2-A0T3-01A-21R-A115-07,0.629500131921066,1
TCGA-B6-A0RI-01A-11R-A056-07,0.9145610092374353,1
TCGA-AO-A03R-01A-21R-A034-07,0.4955466926759868,1
TCGA-E9-A1RA-01A-11R-A14D-07,0.94270900581629,1
TCGA-AN-A0XV-01A-11R-A109-07,0.9203121297979343,1
TCGA-E9-A1RI-01A-11R-A169-07,0.8870745324976127,1
TCGA-A8-A07J-01A-11R-A00Z-07,0.8596805273189615,0
TCGA-AC-A6IW-01A-12R-A33J-07,0.40205402346885405,1
TCGA-3C-AALJ-01A-31R-A41B-07,0.5824731321221165,1
TCGA-AN-A0XS-01A-22R-A109-07,0.905756449200589,1
TCGA-E9-A226-01A-21R-A157-07,0.5543390702076236,1
TCGA-C8-A12K-01A-21R-A115-07,0.5071703099014607,0
TCGA-BH-A202-01A-11R-A14M-07,0.6468003484220002,0
TCGA-OL-A66H-01A-11R-A29R-07,0.838680761556682,1
TCGA-E9-A1N9-01A-11R-A14D-07,0.6074644413226046,0
TCGA-A2-A0T2-01A-11R-A084-07,0.462345476641755,1
TCGA-BH-A18H-01A-11R-A12D-07,0.8548996377932219,1
TCGA-UU-A93S-01A-21R-A41B-07,0.2722968484812138,1
TCGA-B6-A0RO-01A-22R-A084-07,0.7520551154098538,1
TCGA-E2-A10E-01A-21R-A10J-07,0.9084992542116909,1
TCGA-A7-A4SC-01A-12R-A266-07,0.854701439741778,1
TCGA-B6-A0WZ-01A-11R-A109-07,0.8351286544394319,1
TCGA-A7-A6VW-01A-21R-A33J-07,0.39558175922961464,1
TCGA-E2-A1B5-01A-21R-A12P-07,0.8349614080584373,1
TCGA-A8-A092-01A-11R-A00Z-07,0.6801876517202472,1
TCGA-C8-A1HK-01A-21R-A13Q-07,0.4036032894292489,1
TCGA-BH-A0W3-01A-11R-A109-07,0.5847500828942165,1
TCGA-A7-A0CH-01A-21R-A00Z-07,0.89729759654192,1
TCGA-AR-A1AX-01A-11R-A12P-07,0.9047616443189547,1
TCGA-EW-A1P0-01A-11R-A144-07,0.5769304720669823,1
TCGA-E9-A1NI-01A-11R-A14D-07,0.8123331971325299,1
TCGA-AO-A12E-01A-11R-A10J-07,0.9163099576922574,1
TCGA-D8-A1XJ-01A-11R-A14M-07,0.5168311911763949,1
TCGA-B6-A0I6-01A-11R-A034-07,0.5008846080064531,1
TCGA-E9-A1RH-01A-21R-A169-07,0.3360590051292718,1
TCGA-BH-A18Q-01A-12R-A12D-07,0.5786945640369365,1
TCGA-AO-A0JI-01A-21R-A056-07,0.783109256763287,1
TCGA-A2-A0CL-01A-11R-A115-07,0.5753495520287828,1
TCGA-E2-A155-01A-11R-A12D-07,0.46571359491019704,1
TCGA-B6-A0I8-01A-11R-A034-07,0.7619366974069418,0
TCGA-E2-A14X-01A-11R-A115-07,0.5628154892331603,0
TCGA-AC-A3YI-01A-21R-A239-07,0.5696762686049559,1
TCGA-AR-A1AI-01A-11R-A12P-07,0.38961588521113,1
TCGA-D8-A1JK-01A-11R-A13Q-07,0.5754848991257113,1
TCGA-BH-A0C3-01A-21R-A12P-07,0.7484092539219424,1
TCGA-A8-A09C-01A-11R-A00Z-07,0.7531543319662738,1
TCGA-LL-A50Y-01A-11R-A266-07,0.7183669241946886,1
TCGA-BH-A0B0-01A-21R-A115-07,0.8997722219242323,0
TCGA-OL-A66L-01A-12R-A31O-07,0.5937271950669455,1
TCGA-BH-A0AW-01A-11R-A056-07,0.6027738962724792,1
TCGA-D8-A1X8-01A-11R-A14M-07,0.9017666690270348,1
TCGA-D8-A1JE-01A-11R-A13Q-07,0.56076754414353,1
TCGA-BH-A1EO-01A-11R-A137-07,0.8194914454122904,1
TCGA-BH-A0HU-01A-11R-A034-07,0.6495140692059838,1
TCGA-BH-A0H7-01A-13R-A056-07,0.8626590899644617,1
TCGA-E9-A22D-01A-11R-A157-07,0.6934515285255624,1
TCGA-3C-AAAU-01A-11R-A41B-07,0.74453820826306,1
TCGA-BH-A1FJ-01A-11R-A13Q-07,0.6194648991215416,1
TCGA-A8-A06P-01A-11R-A00Z-07,0.9211700662409582,1
TCGA-A2-A25B-01A-11R-A169-07,0.6139191831532141,1
TCGA-AC-A2BM-01A-11R-A21T-07,0.6495417874051977,1
TCGA-E9-A6HE-01A-11R-A31O-07,0.7284205557327948,1
TCGA-AO-A03O-01A-11R-A00Z-07,0.5787680004956534,1
TCGA-A2-A0EU-01A-22R-A056-07,0.8455521477372557,1
TCGA-A8-A06O-01A-11R-A00Z-07,0.735061137336405,1
TCGA-BH-A0BT-01A-11R-A12P-07,0.7802322350755543,1
TCGA-A2-A0YT-01A-11R-A109-07,0.664010476803242,1
TCGA-E2-A14R-01A-11R-A115-07,0.45380479845939137,1
TCGA-B6-A0IC-01A-11R-A034-07,0.7454505460241536,0
TCGA-AC-A5XU-01A-11R-A28M-07,0.7925754730912574,1
TCGA-AR-A250-01A-31R-A169-07,0.7336078497610533,0
TCGA-D8-A1XZ-01A-11R-A14M-07,0.6343548402700827,1
TCGA-B6-A0I9-01A-11R-A034-07,0.5117235346203914,1
TCGA-B6-A0IA-01A-11R-A034-07,0.5895207158174687,1
TCGA-E2-A14N-01A-31R-A137-07,0.35217543560704967,0
TCGA-PL-A8LY-01A-11R-A41B-07,0.5577381908812232,1
TCGA-LL-A441-01A-11R-A24H-07,0.5350784212896406,1
TCGA-A8-A08S-01A-11R-A034-07,0.6176272789306595,0
TCGA-A8-A09V-01A-11R-A034-07,0.7975767714526099,1
TCGA-BH-A209-01A-11R-A157-07,0.6099302706142328,1
TCGA-GM-A5PX-01A-12R-A28M-07,0.8334401991425672,1
TCGA-A8-A085-01A-11R-A00Z-07,0.5338084344026851,1
TCGA-A2-A25E-01A-11R-A169-07,0.7112659887962282,0
TCGA-D8-A1JG-01B-11R-A13Q-07,0.4628248886636798,1
TCGA-AC-A2FO-01A-11R-A180-07,0.9282721455965276,1
TCGA-B6-A3ZX-01A-11R-A239-07,0.5720917719111749,1
TCGA-AN-A0FT-01A-11R-A034-07,0.7303148268664381,1
TCGA-AQ-A04H-01B-11R-A10J-07,0.5769080594918728,1
TCGA-AR-A1AR-01A-31R-A137-07,0.42341974123871307,1
TCGA-A2-A0CS-01A-11R-A115-07,0.860916427124975,1
TCGA-A2-A1FZ-01A-51R-A14D-07,0.9189177535728376,1
TCGA-AC-A8OQ-01A-11R-A41B-07,0.5508758743851799,1
TCGA-AR-A0TR-01A-11R-A084-07,0.6926894242230921,1
TCGA-C8-A12M-01A-11R-A115-07,0.43194027524005574,1
TCGA-A1-A0SM-01A-11R-A084-07,0.8419489222116516,1
TCGA-BH-A1ET-01A-11R-A137-07,0.8416133920359,1
TCGA-A8-A0A1-01A-11R-A00Z-07,0.9168587824512288,1
TCGA-C8-A1HG-01A-11R-A137-07,0.5379975219451668,1
TCGA-E9-A1NF-01A-11R-A14D-07,0.7441529804178857,1
TCGA-A2-A0D4-01A-11R-A00Z-07,0.5747712768323842,1
TCGA-BH-A2L8-01A-11R-A18M-07,0.9254887367896526,1
TCGA-A8-A093-01A-11R-A00Z-07,0.8609845004637064,1
TCGA-D8-A1Y3-01A-11R-A157-07,0.32252416149538715,1
TCGA-AR-A1AY-01A-21R-A12P-07,0.41018435107438667,1
TCGA-AO-A12F-01A-11R-A115-07,0.47057641853054855,1
TCGA-AN-A0FL-01A-11R-A034-07,0.3303622124838834,1
TCGA-AR-A0TQ-01A-11R-A084-07,0.6762488986477221,1
TCGA-A2-A0CP-01A-11R-A034-07,0.8723601117846688,0
TCGA-AO-A129-01A-21R-A10J-07,0.5708160891468854,1
TCGA-D8-A1JH-01A-11R-A13Q-07,0.9175934359604953,1
TCGA-BH-A18K-01A-11R-A12D-07,0.9267129873711332,1
TCGA-B6-A0IM-01A-11R-A034-07,0.8104683189075684,1
TCGA-AO-A0J4-01A-11R-A034-07,0.5713736666404163,0
TCGA-AR-A1AW-01A-21R-A12P-07,0.6443966815757394,1
TCGA-AC-A62Y-01A-11R-A29R-07,0.8485601590434549,0
TCGA-A1-A0SH-01A-11R-A084-07,0.8694814267834119,1
TCGA-A8-A08C-01A-11R-A00Z-07,0.7972138428351592,1
TCGA-A2-A3XU-01A-12R-A22U-07,0.2300178315110148,1
TCGA-E2-A1LB-01A-11R-A144-07,0.40241849269582164,1
TCGA-D8-A1JJ-01A-31R-A14M-07,0.7710328373847732,1
TCGA-AN-A049-01A-21R-A00Z-07,0.8870639025922986,1
TCGA-A1-A0SN-01A-11R-A144-07,0.6908003078906795,0
TCGA-EW-A1IW-01A-11R-A13Q-07,0.9084966548047089,1
TCGA-LQ-A4E4-01A-11R-A266-07,0.7910689752019121,1
TCGA-E9-A5UP-01A-11R-A28M-07,0.5858487532259178,0
TCGA-EW-A1IY-01A-11R-A13Q-07,0.4765211441174789,1
TCGA-AN-A0XW-01A-11R-A109-07,0.8957875030211663,1
TCGA-AR-A24S-01A-11R-A169-07,0.7164740612672978,1
TCGA-AR-A2LM-01A-11R-A180-07,0.8554162208035644,1
TCGA-E9-A1NE-01A-21R-A14M-07,0.8943280184707515,1
TCGA-LL-A9Q3-01A-11R-A41B-07,0.6222613788393935,1
TCGA-AC-A8OP-01A-11R-A36F-07,0.8426013405909685,1
TCGA-E2-A572-01A-13R-A31O-07,0.4110287124531741,1
TCGA-B6-A0IP-01A-11R-A034-07,0.9385149237447193,1
TCGA-C8-A135-01A-11R-A115-07,0.5480021628612513,0
TCGA-D8-A1XL-01A-11R-A14M-07,0.6277182311700165,0
TCGA-EW-A1PC-01B-11R-A21T-07,0.5010772259055101,0
TCGA-AO-A03M-01B-11R-A10J-07,0.8427466259818558,0
TCGA-AN-A0FN-01A-11R-A034-07,0.8632205309315409,1
TCGA-A7-A4SD-01A-11R-A266-07,0.5281813412474076,1
TCGA-BH-A0HN-01A-11R-A10U-07,0.6505911400048148,1
TCGA-S3-A6ZH-01A-22R-A32P-07,0.7519515527433075,0
TCGA-AC-A3QP-01A-11R-A22U-07,0.8352230425940118,0
TCGA-5L-AAT1-01A-12R-A41B-07,0.8708174446467216,1
TCGA-AN-A0FY-01A-11R-A034-07,0.6304875492477706,0
TCGA-BH-A0BA-01A-11R-A056-07,0.8985634442228538,1
TCGA-A2-A0CU-01A-12R-A034-07,0.8390851801362796,1
TCGA-D8-A143-01A-11R-A115-07,0.41739319885255033,1
TCGA-BH-A0DE-01A-11R-A115-07,0.8917613534344787,1
TCGA-A2-A0EO-01A-11R-A034-07,0.9197624695132862,1
TCGA-AO-A0JF-01A-11R-A056-07,0.8976164171341289,1
TCGA-A8-A09E-01A-11R-A00Z-07,0.5900214937138244,1
TCGA-BH-A0AZ-01A-21R-A12P-07,0.9151566398587831,1
TCGA-GM-A2DN-01A-11R-A180-07,0.9319752166893029,1
TCGA-E2-A15T-01A-11R-A115-07,0.5729201112860282,1
TCGA-BH-A1F6-01A-11R-A13Q-07,0.5606929215242414,0
TCGA-BH-A0DX-01A-11R-A115-07,0.9231266005702835,1
TCGA-EW-A3U0-01A-11R-A22K-07,0.5281405323790795,0
TCGA-BH-A0DV-01A-21R-A12P-07,0.8593811559907782,1
TCGA-AC-A3TN-01A-11R-A22K-07,0.7179040922377362,1
TCGA-A1-A0SK-01A-12R-A084-07,0.23369306201023904,1
TCGA-B6-A0X5-01A-21R-A109-07,0.3645141062096953,1
TCGA-A2-A0YC-01A-11R-A109-07,0.9132414027087061,0
TCGA-A2-A0CZ-01A-11R-A034-07,0.6586730065374394,0
TCGA-C8-A27A-01A-11R-A169-07,0.44921763438853374,1
TCGA-AR-A1AP-01A-11R-A12P-07,0.8982857838113814,1
TCGA-BH-A0B4-01A-11R-A00Z-07,0.8949428060388567,0
TCGA-BH-A0BV-01A-11R-A00Z-07,0.887228460286486,1
TCGA-AN-A0XO-01A-11R-A109-07,0.9044182619264161,0
TCGA-AC-A2QJ-01A-12R-A19W-07,0.17073102576231397,1
TCGA-GM-A2DD-01A-11R-A180-07,0.5000821504043824,0
TCGA-AR-A1AV-01A-21R-A12P-07,0.8429125898198282,1
TCGA-D8-A1XF-01A-11R-A14D-07,0.40794634062541274,1
TCGA-LL-A6FP-01A-11R-A31O-07,0.4774104024572273,1
TCGA-D8-A1XA-01A-11R-A14D-07,0.7772428297203,1
TCGA-C8-A26V-01A-11R-A16F-07,0.6891412532163937,1
TCGA-PE-A5DC-01A-12R-A27Q-07,0.803340827050407,0
TCGA-E2-A1LH-01A-11R-A14D-07,0.4743525396643931,1
TCGA-BH-A0B9-01A-11R-A056-07,0.40558103858704614,1
TCGA-E9-A1N8-01A-11R-A144-07,0.3561573855811733,1
TCGA-AC-A62V-01A-11R-A31O-07,0.3151166600883566,1
TCGA-EW-A1PH-01A-11R-A14M-07,0.49416931799087815,1
TCGA-AR-A5QP-01A-11R-A28M-07,0.9377504285052197,1
TCGA-BH-A5J0-01A-11R-A27Q-07,0.7682198515285725,1
TCGA-A1-A0SB-01A-11R-A144-07,0.3730973810846355,1
TCGA-B6-A0IK-01A-12R-A056-07,0.5969601221798767,1
TCGA-A8-A06Q-01A-11R-A034-07,0.42572518654039593,0
TCGA-AR-A2LH-01A-31R-A18M-07,0.6914916684569836,1
TCGA-AR-A24Z-01A-11R-A169-07,0.5747032265225744,1
TCGA-Z7-A8R5-01A-42R-A41B-07,0.803058027428695,1
TCGA-A8-A0A9-01A-11R-A00Z-07,0.9091975062552113,0
TCGA-D8-A1JA-01A-11R-A13Q-07,0.31677498995589154,1
TCGA-AN-A0FK-01A-11R-A034-07,0.8090908301361647,1
TCGA-GM-A2DL-01A-11R-A18M-07,0.893380249618506,1
TCGA-EW-A1P6-01A-11R-A144-07,0.8503345948195882,1
TCGA-BH-A0EA-01A-11R-A115-07,0.8777298388948215,1
TCGA-BH-A8FY-01A-11R-A36F-07,0.7414843187275518,1
TCGA-E2-A1L9-01A-11R-A13Q-07,0.9186704673492143,1
TCGA-E9-A1R2-01A-11R-A14D-07,0.8872309267754585,1
TCGA-AC-A2FM-01A-11R-A19W-07,0.7143674185845899,1
TCGA-E2-A108-01A-13R-A10J-07,0.6475073179758273,1
TCGA-OL-A66O-01A-11R-A31O-07,0.6095541478414757,0
TCGA-C8-A275-01A-21R-A16F-07,0.4855079137492052,1
TCGA-B6-A0IO-01A-11R-A034-07,0.8532452859850139,1
TCGA-BH-A0HO-01A-11R-A034-07,0.8184665246241462,1
TCGA-EW-A1P8-01A-11R-A144-07,0.5111666295552583,1
TCGA-A2-A0D0-01A-11R-A00Z-07,0.32026441537363737,1
TCGA-A2-A0SX-01A-12R-A084-07,0.5840878102378764,1
TCGA-D8-A27I-01A-11R-A16F-07,0.9456173062689781,0
TCGA-EW-A2FS-01A-11R-A17B-07,0.8135450040826372,0
TCGA-Z7-A8R6-01A-11R-A41B-07,0.6856078368319012,0
TCGA-E2-A15O-01A-11R-A115-07,0.8061203207727751,1
TCGA-V7-A7HQ-01A-11R-A33J-07,0.4820061019447138,1
TCGA-C8-A12W-01A-11R-A115-07,0.730472614807476,1
TCGA-A7-A3IY-01A-21R-A21T-07,0.8739837628675317,1
TCGA-A8-A08B-01A-11R-A00Z-07,0.5129714912493185,1
TCGA-5T-A9QA-01A-11R-A41B-07,0.40330699484785437,1
TCGA-E2-A106-01A-11R-A10J-07,0.7623896799494438,1
TCGA-E2-A1B6-01A-31R-A12P-07,0.5264430860747324,1
TCGA-AC-A2FF-01A-11R-A17B-07,0.9007683446758609,0
TCGA-EW-A1PA-01A-11R-A144-07,0.8496729819226969,1
TCGA-D8-A27T-01A-11R-A16F-07,0.9334708286388576,1
TCGA-LD-A66U-01A-11R-A31O-07,0.7629850374917411,1
TCGA-A8-A07Z-01A-11R-A00Z-07,0.7772251012738468,1
TCGA-AR-A1AO-01A-11R-A12P-07,0.6134484426887803,1
TCGA-E2-A573-01A-11R-A29R-07,0.5210866424339499,1
TCGA-AC-A2FB-01A-11R-A17B-07,0.8940306388734142,1
TCGA-AN-A0G0-01A-11R-A034-07,0.4112597100464789,1
TCGA-BH-A0H5-01A-21R-A115-07,0.9023435632957291,1
TCGA-A8-A07S-01A-11R-A034-07,0.6683010531512728,1
TCGA-E9-A3QA-01A-61R-A22K-07,0.468450000012349,1
TCGA-A1-A0SI-01A-11R-A144-07,0.8296561745139921,0
TCGA-A8-A09W-01A-11R-A00Z-07,0.5671558798979132,1
TCGA-BH-A1F0-01A-11R-A137-07,0.557935633226627,1
TCGA-A2-A0D2-01A-21R-A034-07,0.4593229315115058,1
TCGA-OL-A5D8-01A-11R-A27Q-07,0.8040258800588418,1
TCGA-BH-A18G-01A-11R-A12D-07,0.542518467084439,1
TCGA-A2-A0YI-01A-31R-A10J-07,0.8613501245269402,1
TCGA-A8-A0A4-01A-11R-A00Z-07,0.8794926155660203,1
TCGA-A7-A425-01A-11R-A24H-07,0.8040647044928678,1
TCGA-E9-A22A-01A-11R-A157-07,0.7413541565029212,1
TCGA-A8-A08J-01A-11R-A00Z-07,0.610617733432398,1
TCGA-A2-A3Y0-01A-11R-A239-07,0.3778845764084278,0
TCGA-AC-A2BK-01A-11R-A21T-07,0.27790080181151444,1
TCGA-B6-A0IN-01A-11R-A034-07,0.6228488579302174,0
TCGA-D8-A1JD-01A-11R-A13Q-07,0.8067993898895115,0
TCGA-GM-A2DK-01A-21R-A180-07,0.8197059068279534,1
TCGA-OL-A5RX-01A-11R-A28M-07,0.8979988251608892,1
TCGA-A8-A08Z-01A-21R-A00Z-07,0.9083614261004254,1
TCGA-A2-A0YD-01A-11R-A109-07,0.9063132389803898,1
TCGA-A7-A3J1-01A-11R-A213-07,0.8735293907098893,1
TCGA-BH-A1FD-01A-11R-A13Q-07,0.6654060054273826,1
TCGA-A2-A0D1-01A-11R-A034-07,0.3181397738655306,0
TCGA-BH-A0BL-01A-11R-A115-07,0.6630014232598062,1
TCGA-E2-A1IH-01A-11R-A13Q-07,0.8715866876831755,1
TCGA-AR-A0TU-01A-31R-A109-07,0.32897706998108145,1
TCGA-AC-A2FG-01A-11R-A17B-07,0.9102597227263025,1
TCGA-GM-A4E0-01A-12R-A266-07,0.7472864820478594,0
TCGA-AC-A3W7-01A-11R-A22K-07,0.8731739398096703,1
TCGA-A8-A083-01A-21R-A00Z-07,0.75671714810474,1
TCGA-A2-A0EN-01A-13R-A084-07,0.9038091341964453,1
TCGA-D8-A1Y0-01A-11R-A14M-07,0.872288673629946,0
TCGA-AR-A1AK-01A-21R-A12P-07,0.9100323177593606,1
TCGA-AC-A7VC-01A-11R-A352-07,0.2797120018737673,1
TCGA-A7-A0CJ-01A-21R-A00Z-07,0.5478685132105006,1
TCGA-AO-A03U-01B-21R-A10J-07,0.425873974154712,1
TCGA-E2-A2P5-01A-11R-A19W-07,0.815488425658187,1
TCGA-E2-A15S-01A-11R-A115-07,0.47740068968028254,1
TCGA-A1-A0SJ-01A-11R-A084-07,0.8218163882207441,0
TCGA-A2-A04N-01A-11R-A115-07,0.9319483388310428,1
TCGA-B6-A401-01A-11R-A239-07,0.8407707247315231,0
TCGA-D8-A1JU-01A-11R-A13Q-07,0.854849007368482,1
TCGA-B6-A40B-01A-11R-A239-07,0.8248637926956013,1
TCGA-LD-A9QF-01A-32R-A41B-07,0.5856822819870423,0
TCGA-AO-A03T-01A-21R-A034-07,0.466867696820491,0
TCGA-E9-A3Q9-01A-11R-A21T-07,0.8077847123583752,0
TCGA-D8-A1JP-01A-11R-A13Q-07,0.8920092662839946,1
TCGA-BH-A18I-01A-11R-A12D-07,0.930268695571265,1
TCGA-BH-A28Q-01A-11R-A16F-07,0.9142441053413874,1
TCGA-EW-A1OW-01A-21R-A144-07,0.5875663597028178,1
TCGA-BH-A18R-01A-11R-A12D-07,0.5306124656514554,1
TCGA-AO-A0J8-01A-21R-A034-07,0.9018511520951428,0
TCGA-AC-A3BB-01A-21R-A19W-07,0.8909983434333263,0
TCGA-E9-A247-01A-11R-A169-07,0.7762934714342014,1
TCGA-D8-A73U-01A-11R-A33J-07,0.820454410768128,0
TCGA-BH-A18V-01A-11R-A12D-07,0.41894044733731844,1
TCGA-BH-A0C1-01B-11R-A12D-07,0.9099419970040866,0
TCGA-AC-A3W6-01A-12R-A22K-07,0.8491462698690013,1
TCGA-BH-A1FR-01A-11R-A13Q-07,0.8404348017655032,1
TCGA-A2-A1G0-01A-11R-A13Q-07,0.85972460863531,0
TCGA-BH-A0DQ-01A-11R-A084-07,0.9308015425966895,1
TCGA-A2-A0ER-01A-21R-A034-07,0.7779781196800067,1
TCGA-D8-A27P-01A-11R-A16F-07,0.8970739071904094,1
TCGA-B6-A1KN-01A-11R-A13Q-07,0.6932268211217996,1
TCGA-E9-A228-01A-31R-A157-07,0.5787145576405778,1
TCGA-BH-A0B2-01A-11R-A10J-07,0.927826725048039,1
TCGA-B6-A0X4-01A-11R-A109-07,0.7189016032736111,0
TCGA-BH-A1EY-01A-11R-A13Q-07,0.8462258820963159,1
TCGA-BH-A0HX-01A-21R-A056-07,0.9013300922167095,1
TCGA-A8-A094-01A-11R-A00Z-07,0.5358196426418881,1
TCGA-AO-A1KR-01A-12R-A144-07,0.3015437482366869,0
TCGA-A2-A0CV-01A-31R-A115-07,0.8556654072967538,1
TCGA-A8-A076-01A-21R-A00Z-07,0.7571741743918355,1
TCGA-E9-A1RE-01A-11R-A157-07,0.576311968732752,1
TCGA-S3-A6ZG-01A-22R-A32P-07,0.855599657951722,1
TCGA-A8-A06Z-01A-11R-A00Z-07,0.4828612988887855,1
TCGA-BH-A8FZ-01A-11R-A352-07,0.5419844888803426,1
TCGA-LL-A440-01A-11R-A24H-07,0.8623443108819081,1
TCGA-E9-A249-01A-11R-A169-07,0.6785147971621895,1
TCGA-PL-A8LX-01A-11R-A41B-07,0.6799870377600661,1
TCGA-E2-A1L8-01A-11R-A13Q-07,0.8219676267707919,1
TCGA-EW-A6SD-01A-12R-A33J-07,0.5441001013307151,1
TCGA-AO-A0JL-01A-11R-A056-07,0.3922996522993062,1
TCGA-MS-A51U-01A-31R-A266-07,0.896768808274447,1
TCGA-BH-A0E7-01A-11R-A034-07,0.7946609772182455,1
TCGA-E9-A22G-01A-11R-A157-07,0.3343841706665986,1
TCGA-A8-A08R-01A-11R-A034-07,0.46157273669232257,1
TCGA-A2-A4S1-01A-21R-A266-07,0.27248131986199253,1
TCGA-E2-A1II-01A-11R-A144-07,0.3809820920374804,1
TCGA-A7-A3J0-01A-11R-A213-07,0.8078286408858653,0
TCGA-BH-A0B8-01A-21R-A056-07,0.8491688224352723,0
TCGA-AR-A24L-01A-11R-A169-07,0.8086993374472276,1
TCGA-EW-A1J3-01A-11R-A13Q-07,0.7432195819351259,1
TCGA-AR-A5QM-01A-11R-A27Q-07,0.8964007351871683,1
TCGA-AO-A1KS-01A-11R-A13Q-07,0.44716272100421134,1
TCGA-D8-A1JI-01A-11R-A13Q-07,0.468986388373094,1
TCGA-A8-A09N-01A-11R-A00Z-07,0.6688258034080766,1
TCGA-BH-A203-01A-12R-A169-07,0.5652676079879411,1
TCGA-AR-A2LQ-01A-22R-A18M-07,0.5894217987576159,1
TCGA-AR-A251-01A-12R-A169-07,0.3746242063068621,1
TCGA-BH-A18J-01A-11R-A12D-07,0.8934546102001235,1
TCGA-D8-A1XM-01A-21R-A14M-07,0.9304028467320304,1
TCGA-BH-A0HA-01A-11R-A12P-07,0.8785143081525186,1
TCGA-AR-A0U2-01A-11R-A109-07,0.45941568599671057,1
TCGA-E2-A1B1-01A-21R-A12P-07,0.8209244884468538,1
TCGA-AC-A62X-01A-11R-A29R-07,0.33195017452235903,0
TCGA-A7-A5ZW-01A-12R-A29R-07,0.9338233444653086,1
TCGA-BH-A28O-01A-11R-A22K-07,0.5200292555116703,1
TCGA-D8-A1XQ-01A-11R-A14M-07,0.49670450690606593,0
TCGA-E9-A248-01A-11R-A169-07,0.4587189083051023,1
TCGA-A8-A07E-01A-11R-A034-07,0.9051458764483742,1
TCGA-AC-A23E-01A-11R-A157-07,0.8895717781486553,1
TCGA-E9-A1N4-01A-11R-A14M-07,0.8095185264254932,1
TCGA-E2-A15H-01A-11R-A12D-07,0.8715013304264307,0
TCGA-E2-A1IJ-01A-11R-A144-07,0.9374007627362476,1
TCGA-D8-A1XR-01A-11R-A14M-07,0.6419264068948346,1
TCGA-A8-A075-01A-11R-A084-07,0.7414947322700386,1
TCGA-A8-A06U-01A-11R-A00Z-07,0.8201167973020798,0
TCGA-B6-A0X7-01A-11R-A10J-07,0.9104436459541282,1
TCGA-AQ-A04J-01A-02R-A034-07,0.6703870690503885,1
TCGA-A2-A0CQ-01A-21R-A034-07,0.7767936408952684,1
TCGA-A8-A07F-01A-11R-A00Z-07,0.8616631104108382,1
TCGA-A8-A082-01A-11R-A00Z-07,0.6398298257933405,1
TCGA-AN-A0XT-01A-11R-A109-07,0.7295248792736668,1
TCGA-AR-A24X-01A-11R-A169-07,0.8893354320451079,0
TCGA-A2-A04Y-01A-21R-A034-07,0.711626611008037,1
TCGA-A2-A1G4-01A-11R-A13Q-07,0.5855443183646187,1
TCGA-B6-A0IE-01A-11R-A034-07,0.7433265176132532,1
TCGA-A8-A079-01A-21R-A00Z-07,0.5259207521497676,1
TCGA-E2-A15E-01A-11R-A12D-07,0.9335480549441607,1
TCGA-E9-A1R3-01A-31R-A14M-07,0.7916636930408107,1
TCGA-AR-A0TT-01A-31R-A084-07,0.7090244971281142,0
TCGA-S3-AA0Z-01A-11R-A41B-07,0.3903889773095472,1
TCGA-BH-A0E1-01A-11R-A056-07,0.8821436813103455,1
TCGA-AC-A23G-01A-11R-A213-07,0.8906878087714093,1
TCGA-GM-A3XG-01A-31R-A24H-07,0.8192451879720396,1
TCGA-AR-A1AM-01A-41R-A22K-07,0.926372130805191,0
TCGA-E9-A1N5-01A-11R-A14D-07,0.9080865455183791,1
TCGA-A2-A3XX-01A-21R-A239-07,0.47883231079702493,1
TCGA-BH-A0BQ-01A-21R-A115-07,0.9201410215583486,1
TCGA-EW-A1P7-01A-21R-A144-07,0.5228909208983067,1
TCGA-BH-A5IZ-01A-11R-A27Q-07,0.41264584551949135,1
TCGA-D8-A1X7-01A-11R-A14M-07,0.6213367385658901,0
TCGA-BH-A0DP-01A-21R-A056-07,0.93453448169821,1
TCGA-AC-A7VB-01A-11R-A352-07,0.4513198445117621,0
TCGA-A2-A0ST-01A-12R-A084-07,0.638771926775733,1
TCGA-A2-A0ES-01A-11R-A115-07,0.8646002003872082,1
TCGA-BH-A0DT-01A-21R-A12D-07,0.9403748775982549,1
TCGA-AN-A0AR-01A-11R-A00Z-07,0.34976330489507,1
TCGA-A2-A0YJ-01A-11R-A109-07,0.35145691174634763,0
TCGA-D8-A4Z1-01A-21R-A266-07,0.8899757636033487,0
TCGA-AO-A0JC-01A-11R-A056-07,0.6554634082565538,1
TCGA-A2-A04Q-01A-21R-A034-07,0.6207988204955308,0
TCGA-GM-A2DF-01A-11R-A180-07,0.5185433830630689,1
TCGA-GM-A2DI-01A-31R-A18M-07,0.8952270227329385,1
TCGA-LL-A5YO-01A-21R-A28M-07,0.5181558714748874,0
TCGA-EW-A3E8-01B-11R-A24H-07,0.8770504881445588,0
TCGA-BH-A0E9-01B-11R-A115-07,0.9014231537246191,1
TCGA-AR-A1AH-01A-11R-A12D-07,0.35551282707593884,1
TCGA-E2-A10A-01A-21R-A115-07,0.8704655127515514,1
TCGA-C8-A1HF-01A-11R-A137-07,0.5388594367656631,1
TCGA-A7-A13H-01A-11R-A22K-07,0.8961049018455082,1
TCGA-A7-A13F-01A-11R-A12P-07,0.595832659760428,1
TCGA-D8-A1XV-01A-11R-A14M-07,0.7020835251203745,0
TCGA-E2-A574-01A-11R-A29R-07,0.27875909181469033,1
TCGA-GM-A5PV-01A-11R-A28M-07,0.8582594943011295,1
TCGA-EW-A1PB-01A-11R-A144-07,0.39001423852305894,0
TCGA-E2-A1IO-01A-11R-A144-07,0.9012917723283945,1
TCGA-B6-A0RH-01A-21R-A115-07,0.5941562484357296,1
TCGA-BH-A0B7-01A-12R-A115-07,0.6432125145991143,1
TCGA-C8-A137-01A-11R-A115-07,0.4804643652248077,0
TCGA-LL-A8F5-01A-11R-A36F-07,0.39595977818695766,1
TCGA-AQ-A0Y5-01A-11R-A14M-07,0.8214180877061903,1
TCGA-D8-A13Z-01A-11R-A115-07,0.47090499164878225,0
TCGA-A2-A4RX-01A-11R-A266-07,0.5413007487746968,1
TCGA-AR-A24U-01A-11R-A169-07,0.5743210121465778,1
TCGA-E2-A105-01A-11R-A10J-07,0.7642955277528433,1
TCGA-C8-A1HN-01A-11R-A137-07,0.602997895322193,1
TCGA-BH-A18S-01A-11R-A12D-07,0.7687908467158465,1
TCGA-E2-A14Q-01A-11R-A12D-07,0.8949812043239468,1
TCGA-A7-A0DA-01A-31R-A115-07,0.5428536859000656,1
TCGA-EW-A1P4-01A-21R-A144-07,0.41519084744618323,1
TCGA-A8-A081-01A-11R-A00Z-07,0.5705830173993809,1
TCGA-BH-A0E0-01A-11R-A056-07,0.4211588682441213,1
TCGA-OL-A66N-01A-12R-A31O-07,0.6929199533336907,0
TCGA-E2-A2P6-01A-11R-A19W-07,0.779672458809376,0
TCGA-BH-A0DK-01A-21R-A056-07,0.8996943695392663,1
TCGA-E9-A5UO-01A-11R-A28M-07,0.3942489083639131,1
TCGA-D8-A1JC-01A-11R-A13Q-07,0.7540575764055721,1
TCGA-C8-A134-01A-11R-A115-07,0.4892914427877857,1
TCGA-A2-A3XT-01A-11R-A22U-07,0.4396953036250186,1
TCGA-AR-A256-01A-11R-A169-07,0.4002589353312719,1
TCGA-D8-A1JL-01A-11R-A13Q-07,0.5237075631463615,1
TCGA-E9-A24A-01A-11R-A169-07,0.8536985981794664,1
TCGA-A2-A3XZ-01A-42R-A239-07,0.5689384246101261,1
TCGA-BH-A0BF-01A-21R-A12P-07,0.8314844760725901,1
TCGA-D8-A27F-01A-11R-A16F-07,0.40864948838198256,1
TCGA-A2-A0CY-01A-12R-A034-07,0.3782366007181359,1
TCGA-D8-A27E-01A-11R-A16F-07,0.7638860546182094,0
TCGA-A2-A0EP-01A-52R-A22U-07,0.8124660452694457,1
TCGA-GI-A2C8-01A-11R-A16F-07,0.7338745129195137,1
TCGA-A8-A099-01A-11R-A00Z-07,0.7592522912323497,0
TCGA-A2-A04U-01A-11R-A115-07,0.28293707932848794,1
TCGA-BH-A0HP-01A-12R-A084-07,0.9059298584496247,1
TCGA-EW-A2FV-01A-11R-A17B-07,0.8709541709909747,1
TCGA-A2-A0CR-01A-11R-A22K-07,0.665372476041427,1
TCGA-BH-A0DS-01A-11R-A056-07,0.8917544640560661,1
TCGA-D8-A1XC-01A-11R-A14D-07,0.7171630990063952,1
TCGA-E2-A14O-01A-31R-A115-07,0.4606503354979526,1
TCGA-A1-A0SF-01A-11R-A144-07,0.9154099162128331,1
TCGA-A8-A06X-01A-21R-A00Z-07,0.630083872179435,1
TCGA-BH-A0HI-01A-11R-A084-07,0.9258616039894936,1
TCGA-E2-A14U-01A-11R-A22K-07,0.8268812404148089,1
TCGA-E2-A15A-01A-11R-A12D-07,0.8006573975330266,0
TCGA-A2-A1G6-01A-11R-A13Q-07,0.4549727334424163,1
TCGA-B6-A1KC-01B-11R-A157-07,0.4140340845504602,1
TCGA-OL-A5RZ-01A-11R-A28M-07,0.3024623175768126,1
TCGA-A8-A07I-01A-11R-A00Z-07,0.5997622378244046,0
TCGA-A2-A0T0-01A-22R-A084-07,0.5277767738029862,1
TCGA-BH-A42V-01A-11R-A24H-07,0.8863542958508362,1
TCGA-GM-A3XN-01A-12R-A22U-07,0.8804001451144239,1
TCGA-D8-A3Z6-01A-11R-A239-07,0.8607749068326166,1
TCGA-B6-A0IQ-01A-11R-A034-07,0.3821731038911666,1
TCGA-A8-A095-01A-11R-A00Z-07,0.8076110164914958,1
TCGA-AO-A125-01A-11R-A10J-07,0.6901886739146857,1
TCGA-EW-A6SA-01A-21R-A32P-07,0.4094540491555423,0
TCGA-BH-A0DD-01A-31R-A12P-07,0.6471622240508305,1
TCGA-AO-A0J3-01A-11R-A034-07,0.4313251717792386,0
TCGA-A2-A3XS-01A-11R-A22U-07,0.6116980173810724,0
TCGA-AC-A8OR-01A-21R-A41B-07,0.8041789829377786,1
TCGA-BH-A0HK-01A-11R-A056-07,0.839723837609665,1
TCGA-E2-A1IG-01A-11R-A144-07,0.9007391403994675,1
TCGA-AO-A12B-01A-11R-A10J-07,0.7299044840947528,1
TCGA-EW-A1J5-01A-11R-A13Q-07,0.8755554580894994,1
TCGA-C8-A12Q-01A-11R-A115-07,0.6311191474975748,1
TCGA-A2-A0EQ-01A-11R-A034-07,0.5470256056725066,0
TCGA-GM-A3XL-01A-11R-A22U-07,0.3894243318911363,1
TCGA-BH-A1EU-01A-11R-A137-07,0.8062997688834131,1
TCGA-BH-A0RX-01A-21R-A084-07,0.5663951175392221,1
TCGA-E9-A1RF-01A-11R-A157-07,0.8909950000971134,1
TCGA-AC-A2QI-01A-12R-A19W-07,0.8900348702778931,1
TCGA-A8-A090-01A-11R-A00Z-07,0.8699638114383911,0
TCGA-AR-A5QQ-01A-11R-A28M-07,0.34979744543274716,1
TCGA-XX-A899-01A-11R-A36F-07,0.9212433597703659,1
TCGA-E2-A156-01A-11R-A12D-07,0.8074428922354246,1
TCGA-AN-A04C-01A-21R-A034-07,0.42466972494281463,0
TCGA-AN-A0AT-01A-11R-A034-07,0.4423977387992919,1
TCGA-UL-AAZ6-01A-11R-A41B-07,0.6872590760174515,1
TCGA-D8-A1X9-01A-12R-A157-07,0.8611593653090711,1
TCGA-E9-A22E-01A-11R-A157-07,0.6957577842382092,1
TCGA-BH-A1FB-01A-11R-A13Q-07,0.8946818148360786,1
TCGA-C8-A8HR-01A-11R-A36F-07,0.7222851015506087,1
TCGA-EW-A2FR-01A-11R-A21T-07,0.6478474081698804,1
TCGA-AN-A0AJ-01A-11R-A00Z-07,0.6437579111129887,1
TCGA-LD-A7W6-01A-81R-A352-07,0.9124138403270573,1
TCGA-BH-A0B6-01A-11R-A19W-07,0.80563569646665,1
TCGA-AR-A252-01A-11R-A169-07,0.7813358559596986,1
TCGA-AR-A254-01A-21R-A169-07,0.6243460153577215,1
TCGA-AO-A03P-01A-11R-A00Z-07,0.573595052590978,1
TCGA-A8-A07O-01A-11R-A00Z-07,0.37727108742649557,0
TCGA-EW-A1PE-01A-11R-A144-07,0.8864402900260633,0
TCGA-AR-A2LL-01A-11R-A180-07,0.7245089369901158,1
TCGA-A7-A26H-01A-11R-A169-07,0.886693932460567,1
TCGA-C8-A26Z-01A-11R-A16F-07,0.8487612134582962,1
TCGA-AO-A0J9-01A-11R-A034-07,0.8227319404353965,1
TCGA-EW-A1PF-01A-11R-A144-07,0.9073957201572204,1
TCGA-A2-A25F-01A-11R-A169-07,0.47134215840591676,1
TCGA-D8-A73W-01A-22R-A352-07,0.8445050279414387,1
TCGA-AR-A2LJ-01A-12R-A19W-07,0.7795748313307678,0
TCGA-A8-A07C-01A-11R-A034-07,0.3092046276549397,1
TCGA-E9-A245-01A-22R-A16F-07,0.8095890779849009,0
TCGA-B6-A408-01A-12R-A24H-07,0.8422879502241067,0
TCGA-AR-A255-01A-11R-A169-07,0.9156897658335913,0
TCGA-E2-A1L6-01A-11R-A13Q-07,0.9229795872051616,0
TCGA-E9-A295-01A-11R-A16F-07,0.894157840922712,1
TCGA-BH-A1FE-01A-11R-A13Q-07,0.8664749537010497,0
TCGA-BH-A1FM-01A-11R-A13Q-07,0.3701993792894585,0
TCGA-OL-A5RU-01A-11R-A28M-07,0.8769395163820688,1
TCGA-C8-A1HO-01A-11R-A13Q-07,0.7386965176093202,0
TCGA-GM-A2DO-01A-11R-A18M-07,0.5703480534041884,0
TCGA-AN-A0FZ-01A-11R-A034-07,0.7993491618209262,1
TCGA-D8-A1JN-01A-11R-A13Q-07,0.7014442599993316,1
TCGA-OL-A6VO-01A-12R-A33J-07,0.43444337705435454,0
TCGA-AN-A0FV-01A-11R-A00Z-07,0.47373862680909185,1
TCGA-D8-A1J9-01A-11R-A13Q-07,0.66659891831706,1
TCGA-B6-A0IB-01A-11R-A034-07,0.594339535941842,1
TCGA-A8-A06R-01A-11R-A00Z-07,0.6944486821760554,0
TCGA-AR-A24H-01A-11R-A169-07,0.5688160298361084,1
TCGA-E2-A109-01A-11R-A10J-07,0.6511926652630845,1
TCGA-AR-A5QN-01A-12R-A28M-07,0.8993049599824349,1
TCGA-A2-A0EX-01A-21R-A034-07,0.9048641455815637,1
TCGA-C8-A12N-01A-11R-A115-07,0.9163476048302283,1
TCGA-A2-A259-01A-11R-A16F-07,0.8525154908743797,1
TCGA-AO-A12A-01A-21R-A115-07,0.9411326385543956,0
TCGA-A7-A3RF-01A-11R-A22K-07,0.6244606015437921,1
TCGA-AN-A0FS-01A-11R-A034-07,0.921386788924927,1
TCGA-C8-A26W-01A-11R-A16F-07,0.781184626726565,1
TCGA-E9-A1RC-01A-11R-A157-07,0.7991695960751218,1
TCGA-E2-A1B0-01A-11R-A12P-07,0.5203768538691483,1
TCGA-AO-A126-01A-11R-A10J-07,0.7889034776132886,1
TCGA-AC-A4ZE-01A-11R-A41B-07,0.7901933509721244,0
TCGA-E9-A229-01A-31R-A157-07,0.9449900124296747,1
TCGA-EW-A1P1-01A-31R-A14D-07,0.5722074701525833,0
TCGA-BH-AB28-01A-31R-A41B-07,0.892798385437687,1
TCGA-A8-A08P-01A-11R-A00Z-07,0.8158609537900086,0
TCGA-EW-A1IX-01A-12R-A144-07,0.8926481040456024,0
TCGA-LL-A73Z-01A-11R-A32P-07,0.7071999407448502,0
TCGA-E9-A1R7-01A-11R-A14M-07,0.4356429411268986,1
TCGA-BH-A1F2-01A-31R-A13Q-07,0.4810987838832805,0
TCGA-A8-A0A6-01A-12R-A056-07,0.9097723027564233,1
TCGA-A1-A0SE-01A-11R-A084-07,0.9426176955732786,1
TCGA-E9-A1NG-01A-21R-A14M-07,0.8878508970753483,1
TCGA-B6-A1KF-01A-11R-A13Q-07,0.3853101395483174,1
TCGA-BH-A0EE-01A-11R-A034-07,0.28499266243696947,1
TCGA-BH-A0BD-01A-11R-A034-07,0.7757681565045841,1
TCGA-OL-A5RY-01A-21R-A28M-07,0.5583221148660784,1
TCGA-E9-A1RD-01A-11R-A157-07,0.871033341228109,1
TCGA-AR-A24K-01A-11R-A169-07,0.5618411304115526,1
TCGA-BH-A0BP-01A-11R-A115-07,0.8897073973921353,1
TCGA-C8-A130-01A-31R-A115-07,0.7560766795032365,1
TCGA-B6-A0RG-01A-11R-A056-07,0.8364585172592288,1
TCGA-E9-A1NA-01A-11R-A144-07,0.6920325758314317,1
TCGA-A8-A0A2-01A-11R-A034-07,0.857234558138172,0
TCGA-E2-A14V-01A-11R-A12D-07,0.6286178905335545,0
TCGA-E2-A1LL-01A-11R-A144-07,0.34303511404555675,1
TCGA-AR-A24M-01A-11R-A169-07,0.8321266299109691,1
TCGA-A8-A0AB-01A-11R-A034-07,0.7948359546302153,1
TCGA-C8-A1HL-01A-11R-A137-07,0.6794620182294855,1
TCGA-OL-A66P-01A-11R-A31O-07,0.31654225052661833,0
TCGA-OL-A66K-01A-11R-A29R-07,0.8479651622783675,1
TCGA-BH-A0HF-01A-11R-A056-07,0.9333059815604903,1
TCGA-AN-A03X-01A-21R-A00Z-07,0.8418418697125045,1
TCGA-A2-A1FV-01A-11R-A13Q-07,0.629377048607058,1
TCGA-E9-A3HO-01A-11R-A213-07,0.5518625823780646,1
TCGA-A2-A0YE-01A-11R-A109-07,0.43437646186027445,1
TCGA-A1-A0SP-01A-11R-A084-07,0.4713679023412841,1
TCGA-AO-A0J7-01A-11R-A034-07,0.5801105754294649,1
TCGA-C8-A3M7-01A-12R-A21T-07,0.8698918275559876,1
TCGA-A2-A0YG-01A-21R-A109-07,0.5977198225480305,1
TCGA-E2-A14Y-01A-21R-A12D-07,0.36887165813173783,1
TCGA-EW-A424-01A-11R-A24H-07,0.8604251021139291,1
TCGA-D8-A141-01A-11R-A115-07,0.9278526817326387,1
TCGA-C8-A1HJ-01A-11R-A13Q-07,0.2954869747331411,1
TCGA-C8-A12O-01A-11R-A115-07,0.8861107533522309,0
TCGA-LL-A442-01A-11R-A24H-07,0.7227700653858234,1
TCGA-C8-A12Z-01A-11R-A115-07,0.5008969745187137,1
TCGA-EW-A1OX-01A-11R-A144-07,0.43157275698940445,0
TCGA-E9-A1RG-01A-11R-A14D-07,0.4637603377979228,1
TCGA-AQ-A1H2-01A-11R-A13Q-07,0.7530828597868635,0
TCGA-AR-A24Q-01A-12R-A169-07,0.5232632860441712,1
TCGA-A8-A09K-01A-11R-A00Z-07,0.739203996276196,1
TCGA-BH-A0W7-01A-11R-A115-07,0.9311684028705467,1
TCGA-BH-A0H0-01A-11R-A056-07,0.48999300685982333,0
TCGA-AO-A0JD-01A-11R-A056-07,0.5525204214512365,1
TCGA-A2-A4RW-01A-21R-A266-07,0.8589846106360794,1
TCGA-C8-A12U-01A-11R-A115-07,0.4464543090420973,1
TCGA-C8-A12V-01A-11R-A115-07,0.5738336717939029,1
TCGA-E9-A1NC-01A-21R-A26B-07,0.5533201679641979,1
TCGA-AO-A12G-01A-11R-A10J-07,0.8615190024175455,0
TCGA-S3-AA11-01A-31R-A41B-07,0.8755526049522844,1
TCGA-BH-A0HQ-01A-11R-A034-07,0.9345329191338981,1
TCGA-AO-A03L-01A-41R-A056-07,0.8381757229408541,1
TCGA-C8-A1HM-01A-12R-A137-07,0.564929891607689,1
TCGA-D8-A146-01A-31R-A115-07,0.925002529628544,0
TCGA-A2-A0EV-01A-11R-A034-07,0.9049218309635958,1
TCGA-E2-A154-01A-11R-A115-07,0.9102955031352511,1
TCGA-E2-A1LE-01A-12R-A19W-07,0.548713077312836,1
TCGA-E9-A1R5-01A-11R-A14M-07,0.8418379802015872,1
TCGA-AC-A3EH-01A-22R-A22K-07,0.8568750865145881,1
TCGA-C8-A12Y-01A-11R-A12D-07,0.8357888978798884,1
TCGA-BH-A0E2-01A-11R-A056-07,0.8874214008925517,0
TCGA-D8-A1XG-01A-11R-A14D-07,0.7897735101179206,1
TCGA-OL-A5DA-01A-11R-A27Q-07,0.8435362843610226,1
TCGA-AC-A3HN-01A-11R-A213-07,0.945156469223281,1
TCGA-B6-A0RP-01A-21R-A084-07,0.884512804875658,1
TCGA-3C-AALI-01A-11R-A41B-07,0.4770320609196923,1
TCGA-D8-A1Y2-01A-11R-A157-07,0.7897719092788624,0
TCGA-S3-AA15-01A-11R-A41B-07,0.5870982727863124,1
TCGA-BH-A0W5-01A-11R-A109-07,0.9382013807284977,1
TCGA-A8-A097-01A-11R-A034-07,0.856303226139833,1
TCGA-AO-A12D-01A-11R-A115-07,0.5937276036565917,1
TCGA-AN-A04A-01A-21R-A034-07,0.8635575170370305,1
TCGA-E2-A1B4-01A-11R-A12P-07,0.802818249730247,1
TCGA-A8-A09R-01A-11R-A00Z-07,0.7165853087867582,1
TCGA-XX-A89A-01A-11R-A36F-07,0.8747529878147577,1
TCGA-AR-A24O-01A-11R-A169-07,0.8889988741929463,1
TCGA-E2-A1LG-01A-21R-A14M-07,0.3310923869916508,1
TCGA-AC-A8OS-01A-12R-A41B-07,0.8649935277431228,1
TCGA-HN-A2NL-01A-11R-A18M-07,0.32280656677571434,0
TCGA-E9-A1N6-01A-11R-A144-07,0.7624236441225598,0
TCGA-E2-A10C-01A-21R-A10J-07,0.5820899566316162,1
TCGA-BH-A0AU-01A-11R-A12P-07,0.7504164246145328,0
TCGA-A2-A0EW-01A-21R-A115-07,0.90667781899838,1
TCGA-A8-A07B-01A-11R-A00Z-07,0.7559571834893005,1
TCGA-E2-A15K-01A-11R-A12P-07,0.7443501532351537,1
TCGA-EW-A6S9-01A-22R-A33J-07,0.8548115708450669,0
TCGA-AC-A3W5-01A-11R-A22K-07,0.6589258469865222,1
TCGA-BH-A0AV-01A-31R-A115-07,0.47126385155451667,1
TCGA-A2-A0T7-01A-21R-A084-07,0.9274704023380603,0
TCGA-AO-A03V-01A-11R-A115-07,0.8079364399508382,1
TCGA-BH-A0DZ-01A-11R-A00Z-07,0.7974105293826192,1
TCGA-AN-A041-01A-11R-A034-07,0.8549869532530122,0
TCGA-B6-A0I5-01A-11R-A034-07,0.7795465615906212,1
TCGA-BH-A0BM-01A-11R-A056-07,0.8433427385519601,1
TCGA-BH-A0GZ-01A-11R-A056-07,0.8716177188270802,1
TCGA-LL-A5YN-01A-11R-A28M-07,0.7180252955793915,1
TCGA-B6-A0RM-01A-11R-A084-07,0.7909416609062482,0
TCGA-A2-A4S3-01A-21R-A266-07,0.6017917140133507,1
TCGA-BH-A201-01A-11R-A14M-07,0.9008168541555273,1
TCGA-A2-A0SV-01A-11R-A084-07,0.7183998853135237,0
TCGA-A8-A07L-01A-11R-A00Z-07,0.6376254082609137,1
TCGA-AR-A2LN-01A-21R-A18M-07,0.8322675607237974,0
TCGA-C8-A278-01A-11R-A169-07,0.5684759968645777,1
TCGA-A2-A0CM-01A-31R-A034-07,0.520996771097432,1
TCGA-C8-A1HE-01A-11R-A13Q-07,0.8931088204813896,1
TCGA-LL-A7T0-01A-31R-A352-07,0.5988720134570288,0
TCGA-B6-A0WT-01A-11R-A109-07,0.9028061256560866,1
TCGA-OL-A5D6-01A-21R-A27Q-07,0.5352436748872242,1
TCGA-E2-A14S-01A-11R-A12D-07,0.6594982584417107,0
TCGA-AQ-A1H3-01A-31R-A13Q-07,0.9298665920241624,1
TCGA-BH-A1F8-01A-11R-A13Q-07,0.42251978355464287,1
TCGA-A8-A0AD-01A-11R-A056-07,0.8237097569281876,1
TCGA-GM-A2DA-01A-11R-A18M-07,0.8072541809335934,1
TCGA-A2-A0T5-01A-21R-A084-07,0.9193667760894818,1
TCGA-A8-A09M-01A-11R-A00Z-07,0.6974247405705781,1
TCGA-B6-A0X1-01A-11R-A109-07,0.4021064389595709,0
TCGA-AN-A0XU-01A-11R-A109-07,0.4998767743948125,1
TCGA-BH-A1EV-01A-11R-A137-07,0.5563547990527455,1
TCGA-EW-A1OZ-01A-11R-A144-07,0.5815611519757736,1
TCGA-C8-A12X-01A-11R-A115-07,0.7817154856396585,1
TCGA-JL-A3YX-01A-11R-A22U-07,0.8436041991841469,1
TCGA-OL-A5D7-01A-11R-A27Q-07,0.28391719305733054,1
TCGA-E2-A1IK-01A-11R-A144-07,0.8441527450346544,0
TCGA-A2-A0CW-01A-21R-A115-07,0.5550468701186989,0
TCGA-A2-A0ET-01A-31R-A034-07,0.6907733635860757,1
TCGA-B6-A400-01A-11R-A239-07,0.4953122017409641,1
