sample_id,score,y_member
TCGA-E2-A158-01A-11R-A12D-07,0.9270950974095847,1
TCGA-AO-A1KO-01A-31R-A13Q-07,0.6213197009601958,1
TCGA-AR-A0TX-01A-11R-A084-07,0.46748659530385495,0
TCGA-D8-A1XB-01A-11R-A14D-07,0.5421862035725729,1
TCGA-B6-A0IG-01A-11R-A034-07,0.5156310879606094,1
TCGA-AC-A5EH-01A-11R-A28M-07,0.908916690332885,1
TCGA-LL-A7SZ-01A-32R-A352-07,0.5438419066740589,1
TCGA-A7-A26J-01A-11R-A169-07,0.8756176452857859,1
TCGA-E9-A22H-01A-11R-A157-07,0.5318201647044295,1
TCGA-BH-A208-01A-11R-A157-07,0.5752864026088308,1
TCGA-BH-A6R9-01A-21R-A32P-07,0.5571665331587303,1
TCGA-OL-A5S0-01A-11R-A28M-07,0.5496438339399887,1
TCGA-A1-A0SD-01A-11R-A115-07,0.5181633400629123,1
TCGA-AO-A0JB-01A-11R-A32Y-07,0.5578659777003301,1
TCGA-E2-A1BD-01A-11R-A12P-07,0.488234945494632,1
TCGA-AN-A0AS-01A-11R-A00Z-07,0.9093826796112684,1
TCGA-A7-A13G-01A-11R-A13Q-07,0.5752077298143604,1
TCGA-B6-A0RS-01A-11R-A084-07,0.5309831129771414,1
TCGA-A2-A4S0-01A-21R-A266-07,0.4830097862870787,0
TCGA-BH-A1F5-01A-12R-A13Q-07,0.564527911258838,1
TCGA-A2-A0CX-01A-21R-A00Z-07,0.5289190886640219,1
TCGA-A7-A13D-01A-13R-A12P-07,0.48958331522162624,0
TCGA-AN-A03Y-01A-21R-A00Z-07,0.47983705528970755,1
TCGA-E9-A1ND-01A-11R-A144-07,0.46501290856416877,0
TCGA-EW-A1P5-01A-11R-A144-07,0.5243125921042072,1
TCGA-EW-A423-01A-11R-A24H-07,0.5067114592654645,1
TCGA-A7-A5ZV-01A-11R-A28M-07,0.5373234221817509,1
TCGA-C8-A8HP-01A-11R-A36F-07,0.5801105669995604,1
TCGA-AQ-A54O-01A-11R-A266-07,0.5404228315460213,1
TCGA-E9-A5FK-01A-11R-A27Q-07,0.502216265166358,1
TCGA-D8-A142-01A-11R-A115-07,0.884263500105454,1
TCGA-BH-A0BC-01A-22R-A084-07,0.8987482437641757,1
TCGA-A2-A0EY-01A-11R-A034-07,0.4843368005449509,1
TCGA-D8-A1J8-01A-11R-A13Q-07,0.5382792134111472,1
TCGA-A8-A06Y-01A-21R-A00Z-07,0.44908424177202266,0
TCGA-EW-A1J1-01A-11R-A13Q-07,0.8717865271340551,1
TCGA-BH-A0C0-01A-21R-A056-07,0.461871364490967,0
TCGA-AC-A2FK-01A-12R-A180-07,0.557202280208886,0
TCGA-A2-A3XV-01A-21R-A239-07,0.5501771516591016,0
TCGA-BH-A0HB-01A-11R-A056-07,0.8714883344987828,1
TCGA-AN-A0XL-01A-11R-A10J-07,0.5123188630188414,1
TCGA-E2-A10B-01A-11R-A10J-07,0.8644714767686569,1
TCGA-A2-A04X-01A-21R-A034-07,0.9219704333595906,1
TCGA-AR-A1AN-01A-11R-A12P-07,0.5061704127310772,1
TCGA-A2-A0EM-01A-11R-A034-07,0.893638427824627,0
TCGA-B6-A0WS-01A-11R-A115-07,0.5264350747281176,1
TCGA-D8-A1XD-01A-11R-A14D-07,0.5154753746463363,1
TCGA-A8-A091-01A-11R-A00Z-07,0.8941378139207083,1
TCGA-E9-A2JS-01A-11R-A180-07,0.8497984614572117,0
TCGA-A2-A1G1-01A-21R-A13Q-07,0.538205324664334,1
TCGA-E9-A22B-01A-11R-A157-07,0.8447989754381869,0
TCGA-D8-A27G-01A-11R-A16F-07,0.9082206336990069,1
TCGA-A7-A13E-01A-11R-A12P-07,0.5431016013180106,1
TCGA-BH-A0AY-01A-21R-A00Z-07,0.4611235710111894,0
TCGA-E2-A1L7-01A-11R-A144-07,0.46557880088958903,1
TCGA-AN-A046-01A-21R-A034-07,0.47870851973790046,0
TCGA-AN-A0AL-01A-11R-A00Z-07,0.4580119709408424,0
TCGA-D8-A27K-01A-11R-A16F-07,0.9003623246837136,1
TCGA-BH-A0DO-01B-11R-A12D-07,0.46905982005089714,0
TCGA-A7-A4SB-01A-21R-A266-07,0.4638347606962195,0
TCGA-EW-A6SB-01A-12R-A32P-07,0.9056782798784517,1
TCGA-D8-A1JM-01A-11R-A13Q-07,0.5409692921801954,1
TCGA-OL-A66J-01A-11R-A29R-07,0.5075230597700513,1
TCGA-D8-A13Y-01A-11R-A115-07,0.5469173038204581,1
TCGA-AR-A24N-01A-11R-A169-07,0.5258365617746452,1
TCGA-BH-A0B1-01A-12R-A056-07,0.5296875499710787,1
TCGA-B6-A0RN-01A-12R-A084-07,0.893534270316902,1
TCGA-A2-A0T1-01A-21R-A084-07,0.5637143587502011,1
TCGA-AN-A0AM-01A-11R-A034-07,0.8968967713844906,1
TCGA-E2-A1LA-01A-11R-A144-07,0.4714140332069306,0
TCGA-JL-A3YW-01A-12R-A239-07,0.4772817807573677,0
TCGA-BH-A0H3-01A-11R-A12P-07,0.5193127764659606,1
TCGA-E2-A1IF-01A-11R-A144-07,0.9054056825076869,1
TCGA-C8-A26X-01A-31R-A16F-07,0.5702507179031452,1
TCGA-A8-A09B-01A-11R-A00Z-07,0.5072868133903318,0
TCGA-A7-A26G-01A-21R-A169-07,0.5717053268201433,1
TCGA-AC-A2FE-01A-11R-A19W-07,0.5118538969229712,1
TCGA-A8-A08G-01A-11R-A00Z-07,0.4235633296988626,0
TCGA-AN-A0FJ-01A-11R-A00Z-07,0.5425742358112627,1
TCGA-B6-A0RV-01A-11R-A084-07,0.4712042579106739,1
TCGA-B6-A0WV-01A-11R-A109-07,0.4972062613564047,1
TCGA-A8-A07P-01A-11R-A00Z-07,0.5027505962480971,1
TCGA-A8-A08H-01A-21R-A00Z-07,0.588237586010994,1
TCGA-AR-A0TW-01A-11R-A084-07,0.5060897175842276,1
TCGA-E2-A15F-01A-11R-A115-07,0.49004828607500245,1
TCGA-B6-A0WX-01A-11R-A109-07,0.5230252391242464,1
TCGA-D8-A1Y1-01A-21R-A14M-07,0.4815257733633456,1
TCGA-E2-A14Z-01A-11R-A115-07,0.8791450611107157,0
TCGA-A2-A25A-01A-12R-A16F-07,0.5169651261922258,0
TCGA-A2-A0CT-01A-31R-A056-07,0.520650206910554,1
TCGA-HN-A2OB-01A-21R-A27Q-07,0.8643885321393991,0
TCGA-B6-A0RT-01A-21R-A084-07,0.8792589752157661,1
TCGA-AR-A24T-01A-11R-A169-07,0.5475056002646399,1
TCGA-E9-A1R0-01A-22R-A16F-07,0.8904054060012325,1
TCGA-E9-A5FL-01A-11R-A27Q-07,0.895526018194368,1
TCGA-E2-A3DX-01A-21R-A213-07,0.5202764974537607,1
TCGA-E2-A14T-01A-11R-A115-07,0.5296189604504637,1
TCGA-A2-A4RY-01A-31R-A266-07,0.5510316427738184,1
TCGA-AR-A2LK-01A-11R-A180-07,0.8620691324285853,1
TCGA-BH-A42U-01A-12R-A24H-07,0.9146261654721815,1
TCGA-AO-A12C-01A-11R-A10J-07,0.8773856920839279,0
TCGA-A2-A3XY-01A-11R-A239-07,0.8731022169155719,1
TCGA-D8-A73X-01A-11R-A32P-07,0.5068149447840177,1
TCGA-AR-A2LO-01A-31R-A18M-07,0.8953576226142036,1
TCGA-AO-A0JJ-01A-11R-A056-07,0.8959483745849413,0
TCGA-LD-A74U-01A-13R-A33J-07,0.4927930262869396,1
TCGA-AN-A0XN-01A-21R-A109-07,0.5208403255766934,1
TCGA-E2-A107-01A-11R-A10J-07,0.4967277594060552,1
TCGA-A7-A6VV-01A-22R-A33J-07,0.49543973886276194,1
TCGA-AC-A5XS-01A-11R-A29R-07,0.5031737758728531,1
TCGA-BH-A0H6-01A-21R-A056-07,0.8750814051955645,1
TCGA-AC-A23C-01A-12R-A169-07,0.8952368350292306,1
TCGA-E9-A1NH-01A-11R-A14D-07,0.5047623132231213,1
TCGA-D8-A1XW-01A-11R-A14M-07,0.5977325804834042,1
TCGA-AO-A0JG-01A-31R-A084-07,0.5065098530853601,0
TCGA-BH-A18N-01A-11R-A12D-07,0.5211378551401742,1
TCGA-A1-A0SO-01A-22R-A084-07,0.5128535459945497,0
TCGA-BH-A0B5-01A-11R-A12P-07,0.4750008743782993,0
TCGA-A8-A09T-01A-11R-A00Z-07,0.9064061169361475,1
TCGA-BH-A0BR-01A-21R-A115-07,0.5163919216146464,1
TCGA-D8-A27W-01A-11R-A16F-07,0.8714091906249989,1
TCGA-BH-A0BW-01A-11R-A115-07,0.5115971929509087,1
TCGA-GM-A2DB-01A-31R-A18M-07,0.4874551748998607,0
TCGA-AC-A2QH-01A-11R-A18M-07,0.5628891292474301,1
TCGA-D8-A1JB-01A-11R-A13Q-07,0.5201855730075139,1
TCGA-BH-A1ES-01A-11R-A137-07,0.48455959283167166,1
TCGA-OL-A97C-01A-32R-A41B-07,0.9295796135606912,1
TCGA-A2-A0YF-01A-21R-A109-07,0.5366203184116523,1
TCGA-D8-A1XS-01A-11R-A14M-07,0.5193756217702723,1
TCGA-D8-A140-01A-11R-A115-07,0.9109653862347313,1
TCGA-A8-A09Q-01A-11R-A00Z-07,0.528533237844367,1
TCGA-B6-A0I1-01A-11R-A21T-07,0.5388741951538643,1
TCGA-AO-A0JE-01A-11R-A056-07,0.5731898148920505,1
TCGA-A2-A1FW-01A-11R-A13Q-07,0.8649130156248477,1
TCGA-D8-A1XY-01A-11R-A14M-07,0.5266954367332259,1
TCGA-A2-A04R-01A-41R-A109-07,0.43790328126177314,0
TCGA-A2-A1FX-01A-11R-A13Q-07,0.874433458225318,1
TCGA-A8-A07W-01A-11R-A00Z-07,0.5271199569233205,1
TCGA-D8-A1XK-01A-21R-A14M-07,0.5594042429018005,1
TCGA-D8-A3Z5-01A-41R-A24H-07,0.5293605489961352,1
TCGA-LL-A5YM-01A-11R-A28M-07,0.8892422170139832,1
TCGA-B6-A0IJ-01A-11R-A034-07,0.494107588594816,0
TCGA-A8-A06N-01A-11R-A00Z-07,0.5263741891928658,1
TCGA-GM-A2DM-01A-11R-A180-07,0.474585662697052,1
TCGA-E2-A15D-01A-11R-A115-07,0.5487141167746054,1
TCGA-B6-A1KI-01A-11R-A14M-07,0.8706207551883584,1
TCGA-D8-A1JS-01A-11R-A13Q-07,0.5244552378658369,1
TCGA-PE-A5DD-01A-12R-A27Q-07,0.5145575607933908,1
TCGA-BH-A0BG-01A-11R-A115-07,0.8677861342307183,1
TCGA-LL-A6FQ-01A-11R-A31O-07,0.5191429016135177,0
TCGA-E2-A1IN-01A-11R-A13Q-07,0.4893571667827057,1
TCGA-A8-A06T-01A-11R-A00Z-07,0.5172322606992779,1
TCGA-B6-A402-01A-11R-A239-07,0.9170889746883204,1
TCGA-E2-A9RU-01A-11R-A41B-07,0.8875102406866883,1
TCGA-A2-A3XW-01A-11R-A239-07,0.9178836826456367,1
TCGA-B6-A0RU-01A-11R-A084-07,0.4651680626043287,0
TCGA-A8-A086-01A-11R-A00Z-07,0.4828846506784398,1
TCGA-B6-A40C-01A-11R-A239-07,0.8678030384921807,1
TCGA-D8-A1JF-01A-11R-A13Q-07,0.5823248343773895,1
TCGA-A2-A0T6-01A-11R-A084-07,0.5177692939513197,1
TCGA-BH-A1FG-01A-11R-A13Q-07,0.4627498030019649,0
TCGA-GM-A3NY-01A-11R-A21T-07,0.5447587763962329,1
TCGA-AN-A0AK-01A-21R-A00Z-07,0.8701597702592779,1
TCGA-BH-A1FC-01A-11R-A13Q-07,0.514776838741413,1
TCGA-E9-A227-01A-11R-A157-07,0.507620468342337,1
TCGA-BH-A18P-01A-11R-A12D-07,0.9128720974633769,1
TCGA-E2-A15R-01A-11R-A115-07,0.9153098443950325,1
TCGA-BH-A0WA-01A-11R-A109-07,0.47253347250236866,0
TCGA-BH-A42T-01A-11R-A24H-07,0.5072273560536962,1
TCGA-AC-A23H-01A-11R-A157-07,0.8938402074664675,1
TCGA-OL-A66I-01A-21R-A29R-07,0.5182584956067406,1
TCGA-S3-AA17-01A-11R-A41B-07,0.48792668642225284,1
TCGA-AR-A1AL-01A-21R-A12P-07,0.5046809831602093,0
TCGA-AC-A2B8-01A-11R-A17B-07,0.527226690407898,1
TCGA-D8-A1XO-01A-11R-A14M-07,0.514987871175708,1
TCGA-C8-A26Y-01A-11R-A16F-07,0.5655363663837745,1
TCGA-BH-A0DG-01A-21R-A12P-07,0.877880439746565,1
TCGA-E9-A243-01A-21R-A169-07,0.9053140957090118,1
TCGA-A2-A04W-01A-31R-A115-07,0.9162743298213791,1
TCGA-A8-A09G-01A-21R-A00Z-07,0.5559303044762385,1
TCGA-BH-A0DI-01A-21R-A12P-07,0.4987351301494897,1
TCGA-E2-A152-01A-11R-A12D-07,0.5601904569150838,1
TCGA-AQ-A7U7-01A-22R-A352-07,0.9183706477648597,1
TCGA-BH-A0BZ-01A-31R-A12P-07,0.49648085101478073,1
TCGA-EW-A1OV-01A-11R-A144-07,0.5323854037405967,1
TCGA-A8-A0A7-01A-11R-A00Z-07,0.526599039908407,1
TCGA-BH-A1EN-01A-11R-A13Q-07,0.5610400335452667,1
TCGA-E2-A1IE-01A-11R-A13Q-07,0.514200560824459,1
TCGA-BH-A0HW-01A-11R-A034-07,0.46052271910969494,1
TCGA-BH-A0BJ-01A-11R-A056-07,0.5144264109139717,1
TCGA-AO-A03N-01B-11R-A10J-07,0.5300949752310555,1
TCGA-EW-A1P3-01A-11R-A144-07,0.543369798167146,1
TCGA-B6-A0I2-01A-11R-A034-07,0.47475083088338954,0
TCGA-EW-A1PD-01A-11R-A144-07,0.5264013596641048,1
TCGA-B6-A0IH-01A-11R-A115-07,0.8706808538359223,0
TCGA-E2-A15M-01A-11R-A12D-07,0.5446213722445961,1
TCGA-BH-A0H9-01A-11R-A056-07,0.4892980536943125,0
TCGA-BH-A0HL-01A-11R-A10U-07,0.4797644197785304,0
TCGA-A8-A07G-01A-11R-A034-07,0.5158472640457866,1
TCGA-E2-A1IL-01A-11R-A14D-07,0.5384408643212579,1
TCGA-AR-A0U4-01A-11R-A109-07,0.51428230964667,1
TCGA-D8-A147-01A-11R-A115-07,0.548076186221497,1
TCGA-BH-A0HY-01A-11R-A056-07,0.8995581358651609,1
TCGA-D8-A1XT-01A-11R-A14M-07,0.5146289842042142,0
TCGA-E2-A14W-01A-11R-A12D-07,0.5063813662687352,1
TCGA-E9-A1RB-01A-11R-A157-07,0.8690716013023648,1
TCGA-LL-A5YL-01A-12R-A29R-07,0.8547680180572292,0
TCGA-WT-AB41-01A-11R-A41B-07,0.8869355981442207,1
TCGA-A8-A09Z-01A-11R-A00Z-07,0.8691940978763236,0
TCGA-AN-A0FX-01A-11R-A034-07,0.5221999468080033,1
TCGA-B6-A409-01A-11R-A24H-07,0.8892494004327481,1
TCGA-EW-A1PG-01A-11R-A144-07,0.5644320874317219,1
TCGA-OL-A6VR-01A-32R-A33J-07,0.5275211820801743,1
TCGA-BH-A1FN-01A-11R-A13Q-07,0.514742203163562,1
TCGA-AR-A2LR-01A-12R-A18M-07,0.5217507428959642,1
TCGA-A7-A5ZX-01A-12R-A29R-07,0.9048539074583666,1
TCGA-LL-A73Y-01A-11R-A33J-07,0.5540237540720307,1
TCGA-A2-A25D-01A-12R-A16F-07,0.8801450054230935,0
TCGA-BH-A0C7-01B-11R-A115-07,0.5281608330335242,1
TCGA-E2-A570-01A-11R-A29R-07,0.8885547065725586,1
TCGA-BH-A1FL-01A-11R-A13Q-07,0.8700817140678861,1
TCGA-A1-A0SG-01A-11R-A144-07,0.9014131540196796,1
TCGA-A8-A07U-01A-11R-A034-07,0.4485107696718534,0
TCGA-E2-A15L-01A-11R-A12D-07,0.45619260852974763,1
TCGA-E9-A1R4-01A-21R-A14D-07,0.8809138374502331,0
TCGA-AR-A0TS-01A-11R-A115-07,0.5410142340317129,1
TCGA-E2-A10F-01A-11R-A10J-07,0.5119495443536013,1
TCGA-AO-A128-01A-11R-A10J-07,0.8848706602899742,1
TCGA-AR-A0U3-01A-11R-A109-07,0.5252229090659336,1
TCGA-BH-A0DL-01A-11R-A115-07,0.5461349930801105,1
TCGA-A7-A0D9-01A-31R-A056-07,0.908741462428449,1
TCGA-AN-A0FD-01A-11R-A034-07,0.8836637587543641,1
TCGA-A2-A0YK-01A-22R-A109-07,0.9383069390558051,1
TCGA-BH-A1FH-01A-12R-A13Q-07,0.5439345440740647,1
TCGA-C8-A12T-01A-11R-A115-07,0.5339924586312598,1
TCGA-B6-A2IU-01A-32R-A18M-07,0.894285141436715,1
TCGA-4H-AAAK-01A-12R-A41B-07,0.9066999227108056,1
TCGA-E2-A1IU-01A-11R-A14D-07,0.49163456815715484,0
TCGA-3C-AALK-01A-11R-A41B-07,0.9030596957072733,1
TCGA-D8-A27M-01A-11R-A16F-07,0.5413223377557317,1
TCGA-E2-A56Z-01A-12R-A29R-07,0.5079874368267364,1
TCGA-AO-A1KQ-01A-11R-A13Q-07,0.5302090348582654,1
TCGA-AR-A2LE-01A-11R-A180-07,0.5165350655748345,1
TCGA-E2-A1BC-01A-11R-A12P-07,0.4923296216155577,1
TCGA-BH-A0E6-01A-11R-A034-07,0.5428501800698442,1
TCGA-AO-A0J2-01A-11R-A034-07,0.8926342822022533,1
TCGA-A7-A6VX-01A-12R-A33J-07,0.8503289502240022,0
TCGA-E2-A1LI-01A-12R-A157-07,0.8510416770075777,0
TCGA-AR-A1AT-01A-11R-A12P-07,0.5059790978339703,1
TCGA-A7-A426-01A-22R-A24H-07,0.9046705049930738,1
TCGA-A2-A25C-01A-11R-A169-07,0.9510060090002023,1
TCGA-B6-A0RL-01A-11R-A084-07,0.8892053581502977,1
TCGA-OK-A5Q2-01A-11R-A27Q-07,0.4803938460471184,1
TCGA-E9-A244-01A-11R-A169-07,0.9232601157004691,1
TCGA-E9-A1R6-01A-11R-A14D-07,0.8983262376143936,1
TCGA-BH-A8G0-01A-11R-A352-07,0.4969874397140523,1
TCGA-EW-A1IZ-01A-11R-A13Q-07,0.47473406952643665,0
TCGA-AO-A0J5-01A-11R-A034-07,0.8919529120503932,1
TCGA-E2-A1AZ-01A-11R-A12P-07,0.5372432278462286,1
TCGA-B6-A0RE-01A-11R-A056-07,0.5025266109382812,1
TCGA-A7-A4SE-01A-11R-A266-07,0.51500094944119,0
TCGA-LL-A740-01A-21R-A32P-07,0.5039673954738959,1
TCGA-A8-A07R-01A-21R-A034-07,0.47872505746923383,0
TCGA-S3-AA10-01A-21R-A41B-07,0.4997031240470367,1
TCGA-A7-A4SF-01A-11R-A266-07,0.8816582910448548,0
TCGA-A7-A0CG-01A-12R-A056-07,0.4625309213695792,0
TCGA-E2-A1LS-01A-12R-A157-07,0.9182681743521878,1
TCGA-AR-A24P-01A-11R-A169-07,0.5047715993565333,0
TCGA-E9-A54Y-01A-11R-A466-07,0.8930352360074764,1
TCGA-AO-A0JA-01A-11R-A056-07,0.5360391521472682,1
TCGA-A8-A08A-01A-11R-A32Y-07,0.8954197056749246,1
TCGA-AR-A24V-01A-21R-A169-07,0.8812214718510516,1
TCGA-A2-A0CO-01A-13R-A22K-07,0.4973681694702437,1
TCGA-E2-A15I-01A-21R-A137-07,0.49315303286820367,0
TCGA-A2-A0SU-01A-11R-A084-07,0.8691642387723807,0
TCGA-AC-A3OD-01A-11R-A21T-07,0.9218178139676456,1
TCGA-AC-A3YJ-01A-11R-A22U-07,0.4801357807148997,0
TCGA-AR-A0TZ-01A-12R-A084-07,0.8795117019047171,1
TCGA-A2-A0D3-01A-11R-A115-07,0.9167473028851835,1
TCGA-BH-A18L-01A-32R-A12D-07,0.504867050625587,1
TCGA-EW-A2FW-01A-11R-A17B-07,0.5037770566028793,1
TCGA-A2-A0YL-01A-21R-A109-07,0.5177654335816424,1
TCGA-E9-A54X-01A-11R-A266-07,0.8784422819354539,1
TCGA-BH-A18F-01A-11R-A12D-07,0.4917911887765516,1
TCGA-W8-A86G-01A-21R-A36F-07,0.8742131562748016,1
TCGA-A8-A08T-01A-21R-A00Z-07,0.867003268763385,1
TCGA-BH-A1EX-01A-11R-A13Q-07,0.4979449338044896,0
TCGA-A8-A08O-01A-21R-A056-07,0.49663167512352896,0
TCGA-AC-A6IX-01A-12R-A32P-07,0.5242926096474982,1
TCGA-C8-A27B-01A-11R-A169-07,0.5289129605656374,1
TCGA-PL-A8LZ-01A-31R-A36F-07,0.8850466080154982,1
TCGA-AR-A1AQ-01A-11R-A12P-07,0.5193603878108188,1
TCGA-BH-A1FU-01A-11R-A14D-07,0.5512599004613824,1
TCGA-A2-A0SY-01A-31R-A084-07,0.9039713892716337,1
TCGA-BH-A1EW-01A-11R-A137-07,0.5230412835687326,1
TCGA-GM-A3NW-01A-21R-A22K-07,0.4673214474570986,0
TCGA-BH-A0W4-01A-11R-A109-07,0.5140119091334622,1
TCGA-AR-A1AS-01A-11R-A12P-07,0.49140119581422126,0
TCGA-EW-A1J6-01A-11R-A13Q-07,0.5351283353053483,1
TCGA-AC-A6NO-01A-12R-A33J-07,0.49512627881342525,1
TCGA-A7-A0CE-01A-11R-A00Z-07,0.49972324889629793,0
TCGA-BH-A6R8-01A-21R-A33J-07,0.8918678106051668,1
TCGA-EW-A1OY-01A-11R-A144-07,0.5086215504414174,1
TCGA-BH-A0BS-01A-11R-A12P-07,0.494314883681166,0
TCGA-A7-A6VY-01A-12R-A33J-07,0.8998424259021754,1
TCGA-A2-A0CK-01A-11R-A22K-07,0.8697302448620152,0
TCGA-AO-A12H-01A-11R-A115-07,0.88479895296796,0
TCGA-C8-A12L-01A-11R-A115-07,0.9183311279450707,1
TCGA-A1-A0SQ-01A-21R-A144-07,0.5071598665799256,1
TCGA-A7-A56D-01A-11R-A27Q-07,0.565541068817169,1
TCGA-A8-A09I-01A-22R-A034-07,0.502652668274122,1
TCGA-BH-A0DH-01A-11R-A084-07,0.9005520701700045,1
TCGA-B6-A0X0-01A-21R-A115-07,0.900125095190324,1
TCGA-S3-AA12-01A-11R-A41B-07,0.5167383891535009,1
TCGA-E2-A159-01A-11R-A115-07,0.5278704017496613,1
TCGA-D8-A27V-01A-12R-A17B-07,0.5200571466815175,1
TCGA-D8-A1JT-01A-31R-A13Q-07,0.8643402899766315,1
TCGA-C8-A138-01A-11R-A115-07,0.5459064289456351,1
TCGA-AO-A0J6-01A-11R-A034-07,0.5288113345541977,1
TCGA-AR-A24R-01A-11R-A169-07,0.5228476657881056,1
TCGA-AR-A0TY-01A-12R-A115-07,0.9161271859529581,1
TCGA-E9-A1QZ-01A-21R-A169-07,0.521120075921917,1
TCGA-AR-A24W-01A-11R-A169-07,0.5039900972605483,0
TCGA-LL-A5YP-01A-21R-A28M-07,0.8735024453000764,1
TCGA-B6-A0WY-01A-11R-A109-07,0.8746537563523051,1
TCGA-GM-A2DC-01A-11R-A18M-07,0.5218424191587734,1
TCGA-A2-A4S2-01A-12R-A266-07,0.5195959775967517,1
TCGA-A8-A09X-01A-11R-A00Z-07,0.8990514932175984,1
TCGA-OL-A5RV-01A-12R-A28M-07,0.5000949441020973,1
TCGA-E2-A14P-01A-31R-A12D-07,0.8900734288000753,1
TCGA-C8-A8HQ-01A-11R-A36F-07,0.8763246717094407,1
TCGA-AR-A0TP-01A-11R-A084-07,0.5245280765108853,1
TCGA-A8-A09A-01A-11R-A00Z-07,0.5521020907150043,1
TCGA-A8-A08L-01A-11R-A00Z-07,0.5338511695525633,1
TCGA-A8-A08F-01A-11R-A00Z-07,0.8610458802425954,1
TCGA-GI-A2C9-01A-11R-A21T-07,0.5041983169780118,1
TCGA-A2-A0SW-01A-11R-A084-07,0.5072761433926578,1
TCGA-LD-A7W5-01A-22R-A352-07,0.4710110043850963,0
TCGA-D8-A27R-01A-11R-A16F-07,0.507343427247392,1
TCGA-AO-A0JM-01A-21R-A056-07,0.9007531827898244,1
TCGA-GM-A2D9-01A-11R-A18M-07,0.9027519323374538,1
TCGA-D8-A1XU-01A-11R-A14M-07,0.8775971859675878,1
TCGA-AO-A1KT-01A-11R-A13Q-07,0.47897408409023184,1
TCGA-C8-A12P-01A-11R-A115-07,0.8965138700348864,1
TCGA-LL-A6FR-01A-12R-A31O-07,0.8745668625771418,0
TCGA-AR-A1AJ-01A-21R-A12P-07,0.9219348028483165,1
TCGA-A8-A09D-01A-11R-A00Z-07,0.5102615248028508,1
TCGA-S3-A6ZF-01A-32R-A32P-07,0.4124783542245599,0
TCGA-E2-A150-01A-11R-A12D-07,0.5222671860081872,1
TCGA-BH-A18U-01A-21R-A12D-07,0.4820388686202656,1
TCGA-BH-A0GY-01A-11R-A056-07,0.511723938683004,1
TCGA-AQ-A54N-01A-11R-A266-07,0.8971127579789279,1
TCGA-C8-A273-01A-11R-A16F-07,0.4875937157823723,1
TCGA-S3-AA14-01A-11R-A41B-07,0.8818171359960848,1
TCGA-A7-A2KD-01A-31R-A21T-07,0.8686250766292651,1
TCGA-C8-A131-01A-11R-A115-07,0.5200051336699952,1
TCGA-E2-A576-01A-11R-A31O-07,0.8737868631866316,1
TCGA-A2-A0T4-01A-31R-A084-07,0.8981863964097838,1
TCGA-A2-A04V-01A-21R-A034-07,0.47414644693149216,0
TCGA-AR-A0U0-01A-11R-A109-07,0.5052581975860958,1
TCGA-BH-A0BO-01A-23R-A12D-07,0.5272264028325419,1
TCGA-A2-A3KC-01A-11R-A213-07,0.47503028718823964,0
TCGA-BH-A18T-01A-11R-A12D-07,0.5331940313540423,0
TCGA-EW-A1J2-01A-21R-A13Q-07,0.5267164502683912,1
TCGA-A8-A084-01A-21R-A00Z-07,0.9161693419025403,1
TCGA-A8-A08X-01A-21R-A00Z-07,0.9214858804234026,1
TCGA-GM-A2DH-01A-11R-A180-07,0.5562295287425545,1
TCGA-D8-A27L-01A-11R-A16F-07,0.517178495997973,1
TCGA-A7-A3IZ-01A-11R-A213-07,0.5183620450433303,1
TCGA-AN-A04D-01A-21R-A034-07,0.5224382948966589,1
TCGA-5L-AAT0-01A-12R-A41B-07,0.8844800586001145,1
TCGA-AR-A1AU-01A-11R-A12P-07,0.8969839836765556,1
TCGA-AC-A6IV-01A-12R-A33J-07,0.8879789686467124,1
TCGA-E2-A15C-01A-31R-A12D-07,0.5262763477295958,1
TCGA-AO-A1KP-01A-11R-A13Q-07,0.8830983580402832,1
TCGA-E2-A15G-01A-11R-A12D-07,0.5221110721563527,1
TCGA-A2-A3KD-01A-12R-A213-07,0.4436545038155535,0
TCGA-D8-A1X5-01A-11R-A14D-07,0.46841782836048995,1
TCGA-AQ-A04L-01B-21R-A10J-07,0.5384786827624143,1
TCGA-A8-A096-01A-11R-A00Z-07,0.4845635342534521,1
TCGA-A2-A0YH-01A-11R-A109-07,0.4767414022509972,1
TCGA-AN-A0FW-01A-11R-A034-07,0.8763057071364442,1
TCGA-D8-A27H-01A-11R-A16F-07,0.49395126902814007,0
TCGA-OL-A6VQ-01A-12R-A41B-07,0.518927096391306,1
TCGA-A7-A4SA-01A-11R-A266-07,0.4850128024704993,0
TCGA-C8-A274-01A-11R-A16F-07,0.50281679860505,1
TCGA-E2-A15J-01A-11R-A12P-07,0.5277515078526192,1
TCGA-BH-A0B3-01A-11R-A056-07,0.5186892962605351,1
TCGA-E2-A153-01A-12R-A12D-07,0.5128074134428763,1
TCGA-WT-AB44-01A-11R-A41B-07,0.5672597390058951,1
TCGA-B6-A0RQ-01A-11R-A115-07,0.5390452721540906,1
TCGA-A2-A0YM-01A-11R-A109-07,0.918643173311375,1
TCGA-C8-A1HI-01A-11R-A137-07,0.4877692594803358,1
TCGA-AC-A3TM-01A-11R-A22K-07,0.8821058698269346,1
TCGA-A7-A0CD-01A-11R-A00Z-07,0.858246081099715,0
TCGA-D8-A145-01A-11R-A115-07,0.526935233631127,1
TCGA-BH-A0EB-01A-11R-A034-07,0.8648637245355698,1
TCGA-AR-A0TV-01A-21R-A084-07,0.9012267993437967,1
TCGA-E2-A15P-01A-11R-A115-07,0.85904345097203,1
TCGA-A2-A04T-01A-21R-A034-07,0.5452769318604281,1
TCGA-E9-A2JT-01A-22R-A18M-07,0.5275646456615123,1
TCGA-OL-A5RW-01A-11R-A28M-07,0.47570666130685396,0
TCGA-PL-A8LV-01A-21R-A41B-07,0.5219991457226644,1
TCGA-BH-A18M-01A-11R-A12D-07,0.5233035526919205,1
TCGA-D8-A27N-01A-11R-A16F-07,0.9014222566626006,1
TCGA-C8-A3M8-01A-11R-A213-07,0.5041457259276861,1
TCGA-B6-A0WW-01A-11R-A109-07,0.9024532954530812,1
TCGA-E9-A3X8-01A-31R-A22U-07,0.8864391178082335,1
TCGA-C8-A133-01A-32R-A12D-07,0.8558364851955326,0
TCGA-D8-A1X6-01A-11R-A14M-07,0.49836747479365046,1
TCGA-A2-A04P-01A-31R-A034-07,0.5004493259077724,1
TCGA-E9-A1N3-01A-12R-A157-07,0.8687587338764725,1
TCGA-AN-A0XP-01A-11R-A109-07,0.5124424392403072,1
TCGA-E2-A1LK-01A-21R-A14D-07,0.4722572928048343,0
TCGA-C8-A132-01A-31R-A115-07,0.5122540917161251,1
TCGA-PE-A5DE-01A-11R-A27Q-07,0.49606028404085895,1
TCGA-EW-A6SC-01A-12R-A32P-07,0.5137610737818536,1
TCGA-BH-A0EI-01A-11R-A115-07,0.5145405293115605,1
TCGA-A8-A08I-01A-11R-A00Z-07,0.9416653184790512,0
TCGA-AO-A124-01A-11R-A10J-07,0.5075614150908403,0
TCGA-AN-A0XR-01A-11R-A109-07,0.8752464607458815,1
TCGA-BH-A204-01A-11R-A157-07,0.9528432185019242,0
TCGA-AN-A0FF-01A-11R-A034-07,0.9001498710071231,1
TCGA-A2-A0T3-01A-21R-A115-07,0.47719265169056196,1
TCGA-B6-A0RI-01A-11R-A056-07,0.8708917278189554,1
TCGA-AO-A03R-01A-21R-A034-07,0.9209015642049843,1
TCGA-E9-A1RA-01A-11R-A14D-07,0.4886577646907558,1
TCGA-AN-A0XV-01A-11R-A109-07,0.5112053056956962,1
TCGA-E9-A1RI-01A-11R-A169-07,0.8661049462290231,1
TCGA-A8-A07J-01A-11R-A00Z-07,0.4994511314065485,0
TCGA-AC-A6IW-01A-12R-A33J-07,0.8842617051851206,1
TCGA-3C-AALJ-01A-31R-A41B-07,0.48614862501733,1
TCGA-AN-A0XS-01A-22R-A109-07,0.8770284363049107,1
TCGA-E9-A226-01A-21R-A157-07,0.5188064740933204,1
TCGA-C8-A12K-01A-21R-A115-07,0.8454881241860307,0
TCGA-BH-A202-01A-11R-A14M-07,0.47938677353170756,0
TCGA-OL-A66H-01A-11R-A29R-07,0.516383731047051,1
TCGA-E9-A1N9-01A-11R-A14D-07,0.5068061354958794,0
TCGA-A2-A0T2-01A-11R-A084-07,0.4987801800909646,1
TCGA-BH-A18H-01A-11R-A12D-07,0.5215955559400417,1
TCGA-UU-A93S-01A-21R-A41B-07,0.6002907225414236,1
TCGA-B6-A0RO-01A-22R-A084-07,0.5012246457044798,1
TCGA-E2-A10E-01A-21R-A10J-07,0.8717287155956044,1
TCGA-A7-A4SC-01A-12R-A266-07,0.536640571826457,1
TCGA-B6-A0WZ-01A-11R-A109-07,0.9032764869257469,1
TCGA-A7-A6VW-01A-21R-A33J-07,0.5143999471827823,1
TCGA-E2-A1B5-01A-21R-A12P-07,0.5155863478650818,1
TCGA-A8-A092-01A-11R-A00Z-07,0.5022546070630709,1
TCGA-C8-A1HK-01A-21R-A13Q-07,0.5455852886768917,1
TCGA-BH-A0W3-01A-11R-A109-07,0.8984903557585926,1
TCGA-A7-A0CH-01A-21R-A00Z-07,0.48280374124495407,1
TCGA-AR-A1AX-01A-11R-A12P-07,0.5063144615220633,1
TCGA-EW-A1P0-01A-11R-A144-07,0.8822763055628402,1
TCGA-E9-A1NI-01A-11R-A14D-07,0.463815298392508,1
TCGA-AO-A12E-01A-11R-A10J-07,0.5000572813753664,1
TCGA-D8-A1XJ-01A-11R-A14M-07,0.5518712913367343,1
TCGA-B6-A0I6-01A-11R-A034-07,0.8871767366151354,1
TCGA-E9-A1RH-01A-21R-A169-07,0.5311927570137055,1
TCGA-BH-A18Q-01A-12R-A12D-07,0.9076532138957027,1
TCGA-AO-A0JI-01A-21R-A056-07,0.5203777277781068,1
TCGA-A2-A0CL-01A-11R-A115-07,0.9175434210629931,1
TCGA-E2-A155-01A-11R-A12D-07,0.8746602084400426,1
TCGA-B6-A0I8-01A-11R-A034-07,0.902678014621951,0
TCGA-E2-A14X-01A-11R-A115-07,0.897571553396618,0
TCGA-AC-A3YI-01A-21R-A239-07,0.5590263634811197,1
TCGA-AR-A1AI-01A-11R-A12P-07,0.9048403369775938,1
TCGA-D8-A1JK-01A-11R-A13Q-07,0.8998819193387164,1
TCGA-BH-A0C3-01A-21R-A12P-07,0.49985998243718494,1
TCGA-A8-A09C-01A-11R-A00Z-07,0.47819110095285705,1
TCGA-LL-A50Y-01A-11R-A266-07,0.5421003098558561,1
TCGA-BH-A0B0-01A-21R-A115-07,0.49912167013651415,0
TCGA-OL-A66L-01A-12R-A31O-07,0.5127146471624443,1
TCGA-BH-A0AW-01A-11R-A056-07,0.5221793281052192,1
TCGA-D8-A1X8-01A-11R-A14M-07,0.4786351903657248,1
TCGA-D8-A1JE-01A-11R-A13Q-07,0.5302677044710733,1
TCGA-BH-A1EO-01A-11R-A137-07,0.5494334734806138,1
TCGA-BH-A0HU-01A-11R-A034-07,0.4980088530197205,1
TCGA-BH-A0H7-01A-13R-A056-07,0.9193535370805355,1
TCGA-E9-A22D-01A-11R-A157-07,0.8697031463179427,1
TCGA-3C-AAAU-01A-11R-A41B-07,0.5186223649767023,1
TCGA-BH-A1FJ-01A-11R-A13Q-07,0.5307322316105947,1
TCGA-A8-A06P-01A-11R-A00Z-07,0.8823456814938264,1
TCGA-A2-A25B-01A-11R-A169-07,0.541299211909109,1
TCGA-AC-A2BM-01A-11R-A21T-07,0.503172823075969,1
TCGA-E9-A6HE-01A-11R-A31O-07,0.8890027214741243,1
TCGA-AO-A03O-01A-11R-A00Z-07,0.901472088075188,1
TCGA-A2-A0EU-01A-22R-A056-07,0.9118810554053556,1
TCGA-A8-A06O-01A-11R-A00Z-07,0.4837433350706992,1
TCGA-BH-A0BT-01A-11R-A12P-07,0.5188086852686236,1
TCGA-A2-A0YT-01A-11R-A109-07,0.8659207125921112,1
TCGA-E2-A14R-01A-11R-A115-07,0.5435873411740513,1
TCGA-B6-A0IC-01A-11R-A034-07,0.47201027865601763,0
TCGA-AC-A5XU-01A-11R-A28M-07,0.5200537650583571,1
TCGA-AR-A250-01A-31R-A169-07,0.47666628018879337,0
TCGA-D8-A1XZ-01A-11R-A14M-07,0.5152707703845585,1
TCGA-B6-A0I9-01A-11R-A034-07,0.5655405612698987,1
TCGA-B6-A0IA-01A-11R-A034-07,0.47886144877550246,1
TCGA-E2-A14N-01A-31R-A137-07,0.4935420510369899,0
TCGA-PL-A8LY-01A-11R-A41B-07,0.8959673898667666,1
TCGA-LL-A441-01A-11R-A24H-07,0.5595390324420513,1
TCGA-A8-A08S-01A-11R-A034-07,0.46210131361002993,0
TCGA-A8-A09V-01A-11R-A034-07,0.9253505720211567,1
TCGA-BH-A209-01A-11R-A157-07,0.520055788819108,1
TCGA-GM-A5PX-01A-12R-A28M-07,0.4966291341818791,1
TCGA-A8-A085-01A-11R-A00Z-07,0.8853812601881313,1
TCGA-A2-A25E-01A-11R-A169-07,0.8492371865173711,0
TCGA-D8-A1JG-01B-11R-A13Q-07,0.8911160758711292,1
TCGA-AC-A2FO-01A-11R-A180-07,0.5130465378078689,1
TCGA-B6-A3ZX-01A-11R-A239-07,0.882226457335583,1
TCGA-AN-A0FT-01A-11R-A034-07,0.5113612725696418,1
TCGA-AQ-A04H-01B-11R-A10J-07,0.4783635320291915,1
TCGA-AR-A1AR-01A-31R-A137-07,0.5215924905016202,1
TCGA-A2-A0CS-01A-11R-A115-07,0.5309312914218539,1
TCGA-A2-A1FZ-01A-51R-A14D-07,0.5047792845262058,1
TCGA-AC-A8OQ-01A-11R-A41B-07,0.883235318659721,1
TCGA-AR-A0TR-01A-11R-A084-07,0.5246989559203695,1
TCGA-C8-A12M-01A-11R-A115-07,0.8807442036569916,1
TCGA-A1-A0SM-01A-11R-A084-07,0.8599428513864623,1
TCGA-BH-A1ET-01A-11R-A137-07,0.5385397656649155,1
TCGA-A8-A0A1-01A-11R-A00Z-07,0.4975910441974458,1
TCGA-C8-A1HG-01A-11R-A137-07,0.5033684639079182,1
TCGA-E9-A1NF-01A-11R-A14D-07,0.8836167551138426,1
TCGA-A2-A0D4-01A-11R-A00Z-07,0.5001380598003752,1
TCGA-BH-A2L8-01A-11R-A18M-07,0.9022821282979484,1
TCGA-A8-A093-01A-11R-A00Z-07,0.8974344444113059,1
TCGA-D8-A1Y3-01A-11R-A157-07,0.5383347270183165,1
TCGA-AR-A1AY-01A-21R-A12P-07,0.5205119978095372,1
TCGA-AO-A12F-01A-11R-A115-07,0.9150713422581878,1
TCGA-AN-A0FL-01A-11R-A034-07,0.5352530502054971,1
TCGA-AR-A0TQ-01A-11R-A084-07,0.8500322944685449,1
TCGA-A2-A0CP-01A-11R-A034-07,0.4842898931131253,0
TCGA-AO-A129-01A-21R-A10J-07,0.9009142836521068,1
TCGA-D8-A1JH-01A-11R-A13Q-07,0.5033114454233028,1
TCGA-BH-A18K-01A-11R-A12D-07,0.4860091041746161,1
TCGA-B6-A0IM-01A-11R-A034-07,0.5101820929878864,1
TCGA-AO-A0J4-01A-11R-A034-07,0.4713532355856065,0
TCGA-AR-A1AW-01A-21R-A12P-07,0.49303604350247465,1
TCGA-AC-A62Y-01A-11R-A29R-07,0.4647163214962318,0
TCGA-A1-A0SH-01A-11R-A084-07,0.5305368101575554,1
TCGA-A8-A08C-01A-11R-A00Z-07,0.5448708323771899,1
TCGA-A2-A3XU-01A-12R-A22U-07,0.5795818478206385,1
TCGA-E2-A1LB-01A-11R-A144-07,0.5280957387078703,1
TCGA-D8-A1JJ-01A-31R-A14M-07,0.5049754174267792,1
TCGA-AN-A049-01A-21R-A00Z-07,0.49726439269097467,1
TCGA-A1-A0SN-01A-11R-A144-07,0.4480428477589315,0
TCGA-EW-A1IW-01A-11R-A13Q-07,0.4897092556421407,1
TCGA-LQ-A4E4-01A-11R-A266-07,0.5029452398123362,1
TCGA-E9-A5UP-01A-11R-A28M-07,0.8692292405296459,0
TCGA-EW-A1IY-01A-11R-A13Q-07,0.5577774552995887,1
TCGA-AN-A0XW-01A-11R-A109-07,0.5285059038504878,1
TCGA-AR-A24S-01A-11R-A169-07,0.5095593065478929,1
TCGA-AR-A2LM-01A-11R-A180-07,0.5255605321542304,1
TCGA-E9-A1NE-01A-21R-A14M-07,0.9016339603418483,1
TCGA-LL-A9Q3-01A-11R-A41B-07,0.5170883830165479,1
TCGA-AC-A8OP-01A-11R-A36F-07,0.506511220554232,1
TCGA-E2-A572-01A-13R-A31O-07,0.8772952610424876,1
TCGA-B6-A0IP-01A-11R-A034-07,0.8727713541245271,1
TCGA-C8-A135-01A-11R-A115-07,0.8467876894187402,0
TCGA-D8-A1XL-01A-11R-A14M-07,0.8654693680171461,0
TCGA-EW-A1PC-01B-11R-A21T-07,0.4853244558251261,0
TCGA-AO-A03M-01B-11R-A10J-07,0.8347614860749264,0
TCGA-AN-A0FN-01A-11R-A034-07,0.8879057283129276,1
TCGA-A7-A4SD-01A-11R-A266-07,0.5107386784784269,1
TCGA-BH-A0HN-01A-11R-A10U-07,0.5417069004060578,1
TCGA-S3-A6ZH-01A-22R-A32P-07,0.846783283713852,0
TCGA-AC-A3QP-01A-11R-A22U-07,0.4790893734983865,0
TCGA-5L-AAT1-01A-12R-A41B-07,0.5127770890604098,1
TCGA-AN-A0FY-01A-11R-A034-07,0.4441230732306364,0
TCGA-BH-A0BA-01A-11R-A056-07,0.9165434005867065,1
TCGA-A2-A0CU-01A-12R-A034-07,0.48175623801823947,1
TCGA-D8-A143-01A-11R-A115-07,0.905355732765142,1
TCGA-BH-A0DE-01A-11R-A115-07,0.5111772972797822,1
TCGA-A2-A0EO-01A-11R-A034-07,0.9028769013120997,1
TCGA-AO-A0JF-01A-11R-A056-07,0.9239999341835915,1
TCGA-A8-A09E-01A-11R-A00Z-07,0.8785432322613901,1
TCGA-BH-A0AZ-01A-21R-A12P-07,0.4937887433800744,1
TCGA-GM-A2DN-01A-11R-A180-07,0.4948540228599077,1
TCGA-E2-A15T-01A-11R-A115-07,0.8792281133925384,1
TCGA-BH-A1F6-01A-11R-A13Q-07,0.8696890515984896,0
TCGA-BH-A0DX-01A-11R-A115-07,0.9220834150704894,1
TCGA-EW-A3U0-01A-11R-A22K-07,0.49823926001337715,0
TCGA-BH-A0DV-01A-21R-A12P-07,0.5252690647331064,1
TCGA-AC-A3TN-01A-11R-A22K-07,0.8808141643862019,1
TCGA-A1-A0SK-01A-12R-A084-07,0.5328799950994764,1
TCGA-B6-A0X5-01A-21R-A109-07,0.49168850301719225,1
TCGA-A2-A0YC-01A-11R-A109-07,0.49730358157158056,0
TCGA-A2-A0CZ-01A-11R-A034-07,0.49146701963814854,0
TCGA-C8-A27A-01A-11R-A169-07,0.5398967942938767,1
TCGA-AR-A1AP-01A-11R-A12P-07,0.5106505153335849,1
TCGA-BH-A0B4-01A-11R-A00Z-07,0.894556968677539,0
TCGA-BH-A0BV-01A-11R-A00Z-07,0.5100622487371204,1
TCGA-AN-A0XO-01A-11R-A109-07,0.8479811627895805,0
TCGA-AC-A2QJ-01A-12R-A19W-07,0.8942151328754873,1
TCGA-GM-A2DD-01A-11R-A180-07,0.5143478441486907,0
TCGA-AR-A1AV-01A-21R-A12P-07,0.5219602424501033,1
TCGA-D8-A1XF-01A-11R-A14D-07,0.5187359219110458,1
TCGA-LL-A6FP-01A-11R-A31O-07,0.8867408705157047,1
TCGA-D8-A1XA-01A-11R-A14D-07,0.8846083479412656,1
TCGA-C8-A26V-01A-11R-A16F-07,0.8992114993974976,1
TCGA-PE-A5DC-01A-12R-A27Q-07,0.48411870384011296,0
TCGA-E2-A1LH-01A-11R-A14D-07,0.5110071102831365,1
TCGA-BH-A0B9-01A-11R-A056-07,0.9577130682094434,1
TCGA-E9-A1N8-01A-11R-A144-07,0.5459657647256626,1
TCGA-AC-A62V-01A-11R-A31O-07,0.8705727661597387,1
TCGA-EW-A1PH-01A-11R-A14M-07,0.9104703460288298,1
TCGA-AR-A5QP-01A-11R-A28M-07,0.9019731412784734,1
TCGA-BH-A5J0-01A-11R-A27Q-07,0.8679146195174459,1
TCGA-A1-A0SB-01A-11R-A144-07,0.5802670444733282,1
TCGA-B6-A0IK-01A-12R-A056-07,0.9197804695962968,1
TCGA-A8-A06Q-01A-11R-A034-07,0.4653184784731097,0
TCGA-AR-A2LH-01A-31R-A18M-07,0.5024904498453047,1
TCGA-AR-A24Z-01A-11R-A169-07,0.5127426621533375,1
TCGA-Z7-A8R5-01A-42R-A41B-07,0.5087318894931122,1
TCGA-A8-A0A9-01A-11R-A00Z-07,0.4869755800697608,0
TCGA-D8-A1JA-01A-11R-A13Q-07,0.5935368321071196,1
TCGA-AN-A0FK-01A-11R-A034-07,0.5049856036007025,1
TCGA-GM-A2DL-01A-11R-A18M-07,0.5217717641703629,1
TCGA-EW-A1P6-01A-11R-A144-07,0.5054114773900092,1
TCGA-BH-A0EA-01A-11R-A115-07,0.8824011304487688,1
TCGA-BH-A8FY-01A-11R-A36F-07,0.8944664419309977,1
TCGA-E2-A1L9-01A-11R-A13Q-07,0.5525112298519836,1
TCGA-E9-A1R2-01A-11R-A14D-07,0.8777530968448398,1
TCGA-AC-A2FM-01A-11R-A19W-07,0.8908733408688831,1
TCGA-E2-A108-01A-13R-A10J-07,0.5222972937883695,1
TCGA-OL-A66O-01A-11R-A31O-07,0.8673195996565215,0
TCGA-C8-A275-01A-21R-A16F-07,0.5126683829394899,1
TCGA-B6-A0IO-01A-11R-A034-07,0.5029053436519998,1
TCGA-BH-A0HO-01A-11R-A034-07,0.5228462635213331,1
TCGA-EW-A1P8-01A-11R-A144-07,0.4957589765194511,1
TCGA-A2-A0D0-01A-11R-A00Z-07,0.5216799455855933,1
TCGA-A2-A0SX-01A-12R-A084-07,0.8561519432209188,1
TCGA-D8-A27I-01A-11R-A16F-07,0.8523862521119698,0
TCGA-EW-A2FS-01A-11R-A17B-07,0.848285033592444,0
TCGA-Z7-A8R6-01A-11R-A41B-07,0.8645578813052609,0
TCGA-E2-A15O-01A-11R-A115-07,0.9014627919586253,1
TCGA-V7-A7HQ-01A-11R-A33J-07,0.8899777279370555,1
TCGA-C8-A12W-01A-11R-A115-07,0.8720838823167081,1
TCGA-A7-A3IY-01A-21R-A21T-07,0.8975819140003608,1
TCGA-A8-A08B-01A-11R-A00Z-07,0.5321003068040416,1
TCGA-5T-A9QA-01A-11R-A41B-07,0.8887173823362632,1
TCGA-E2-A106-01A-11R-A10J-07,0.9035088026984182,1
TCGA-E2-A1B6-01A-31R-A12P-07,0.5053867629183423,1
TCGA-AC-A2FF-01A-11R-A17B-07,0.4935946697620922,0
TCGA-EW-A1PA-01A-11R-A144-07,0.4935875359710849,1
TCGA-D8-A27T-01A-11R-A16F-07,0.5044435489948215,1
TCGA-LD-A66U-01A-11R-A31O-07,0.8869041076393173,1
TCGA-A8-A07Z-01A-11R-A00Z-07,0.8700850193429458,1
TCGA-AR-A1AO-01A-11R-A12P-07,0.534246081172071,1
TCGA-E2-A573-01A-11R-A29R-07,0.8764186907163661,1
TCGA-AC-A2FB-01A-11R-A17B-07,0.5226176988949922,1
TCGA-AN-A0G0-01A-11R-A034-07,0.5227949278648816,1
TCGA-BH-A0H5-01A-21R-A115-07,0.5204258067730686,1
TCGA-A8-A07S-01A-11R-A034-07,0.47405224279191666,1
TCGA-E9-A3QA-01A-61R-A22K-07,0.5324200470191321,1
TCGA-A1-A0SI-01A-11R-A144-07,0.4661352476605105,0
TCGA-A8-A09W-01A-11R-A00Z-07,0.5151681519290686,1
TCGA-BH-A1F0-01A-11R-A137-07,0.5325576906813619,1
TCGA-A2-A0D2-01A-21R-A034-07,0.5391882159578497,1
TCGA-OL-A5D8-01A-11R-A27Q-07,0.5009634553609684,1
TCGA-BH-A18G-01A-11R-A12D-07,0.546618326854045,1
TCGA-A2-A0YI-01A-31R-A10J-07,0.5253885928918691,1
TCGA-A8-A0A4-01A-11R-A00Z-07,0.8993818213771629,1
TCGA-A7-A425-01A-11R-A24H-07,0.5074599819817148,1
TCGA-E9-A22A-01A-11R-A157-07,0.8839496189966738,1
TCGA-A8-A08J-01A-11R-A00Z-07,0.5351288517600512,1
TCGA-A2-A3Y0-01A-11R-A239-07,0.9010984604532555,0
TCGA-AC-A2BK-01A-11R-A21T-07,0.5235264702840602,1
TCGA-B6-A0IN-01A-11R-A034-07,0.46236898622602973,0
TCGA-D8-A1JD-01A-11R-A13Q-07,0.9383946004223983,0
TCGA-GM-A2DK-01A-21R-A180-07,0.5253822722204562,1
TCGA-OL-A5RX-01A-11R-A28M-07,0.5121692533423831,1
TCGA-A8-A08Z-01A-21R-A00Z-07,0.5417616369053347,1
TCGA-A2-A0YD-01A-11R-A109-07,0.8642409486631365,1
TCGA-A7-A3J1-01A-11R-A213-07,0.9528131166558712,1
TCGA-BH-A1FD-01A-11R-A13Q-07,0.47875640035514555,1
TCGA-A2-A0D1-01A-11R-A034-07,0.8529687895045908,0
TCGA-BH-A0BL-01A-11R-A115-07,0.5705162333769995,1
TCGA-E2-A1IH-01A-11R-A13Q-07,0.5501557988242483,1
TCGA-AR-A0TU-01A-31R-A109-07,0.9069452047405717,1
TCGA-AC-A2FG-01A-11R-A17B-07,0.9494808267988326,1
TCGA-GM-A4E0-01A-12R-A266-07,0.4762769884684888,0
TCGA-AC-A3W7-01A-11R-A22K-07,0.8777323768830738,1
TCGA-A8-A083-01A-21R-A00Z-07,0.8699282037381534,1
TCGA-A2-A0EN-01A-13R-A084-07,0.8644315222557813,1
TCGA-D8-A1Y0-01A-11R-A14M-07,0.8648703202074751,0
TCGA-AR-A1AK-01A-21R-A12P-07,0.5146265708979924,1
TCGA-AC-A7VC-01A-11R-A352-07,0.5003072569976368,1
TCGA-A7-A0CJ-01A-21R-A00Z-07,0.43785394328426913,1
TCGA-AO-A03U-01B-21R-A10J-07,0.5951643598184861,1
TCGA-E2-A2P5-01A-11R-A19W-07,0.5312619364727295,1
TCGA-E2-A15S-01A-11R-A115-07,0.8891993437233415,1
TCGA-A1-A0SJ-01A-11R-A084-07,0.472472742465103,0
TCGA-A2-A04N-01A-11R-A115-07,0.905414984404343,1
TCGA-B6-A401-01A-11R-A239-07,0.48829150699238916,0
TCGA-D8-A1JU-01A-11R-A13Q-07,0.5218831501349277,1
TCGA-B6-A40B-01A-11R-A239-07,0.5378359636285874,1
TCGA-LD-A9QF-01A-32R-A41B-07,0.4855674867786935,0
TCGA-AO-A03T-01A-21R-A034-07,0.8569939442976963,0
TCGA-E9-A3Q9-01A-11R-A21T-07,0.4601066124217791,0
TCGA-D8-A1JP-01A-11R-A13Q-07,0.5275953761799371,1
TCGA-BH-A18I-01A-11R-A12D-07,0.5265141424779238,1
TCGA-BH-A28Q-01A-11R-A16F-07,0.5046213251940055,1
TCGA-EW-A1OW-01A-21R-A144-07,0.5317987118644151,1
TCGA-BH-A18R-01A-11R-A12D-07,0.5666329111304201,1
TCGA-AO-A0J8-01A-21R-A034-07,0.49560952528876245,0
TCGA-AC-A3BB-01A-21R-A19W-07,0.8770512546563952,0
TCGA-E9-A247-01A-11R-A169-07,0.9010348686165423,1
TCGA-D8-A73U-01A-11R-A33J-07,0.5070599586578092,0
TCGA-BH-A18V-01A-11R-A12D-07,0.5178901427396932,1
TCGA-BH-A0C1-01B-11R-A12D-07,0.4709305343474583,0
TCGA-AC-A3W6-01A-12R-A22K-07,0.9061702377850189,1
TCGA-BH-A1FR-01A-11R-A13Q-07,0.8932842001971468,1
TCGA-A2-A1G0-01A-11R-A13Q-07,0.49616927649044285,0
TCGA-BH-A0DQ-01A-11R-A084-07,0.4836113326825502,1
TCGA-A2-A0ER-01A-21R-A034-07,0.8664484353643497,1
TCGA-D8-A27P-01A-11R-A16F-07,0.5005005020523343,1
TCGA-B6-A1KN-01A-11R-A13Q-07,0.49659189162431905,1
TCGA-E9-A228-01A-31R-A157-07,0.4815475777469129,1
TCGA-BH-A0B2-01A-11R-A10J-07,0.9045203938428813,1
TCGA-B6-A0X4-01A-11R-A109-07,0.45705540759136315,0
TCGA-BH-A1EY-01A-11R-A13Q-07,0.5381298943432186,1
TCGA-BH-A0HX-01A-21R-A056-07,0.48977381032597483,1
TCGA-A8-A094-01A-11R-A00Z-07,0.9190002734068394,1
TCGA-AO-A1KR-01A-12R-A144-07,0.4799727718948981,0
TCGA-A2-A0CV-01A-31R-A115-07,0.5203819312969543,1
TCGA-A8-A076-01A-21R-A00Z-07,0.5090105240831427,1
TCGA-E9-A1RE-01A-11R-A157-07,0.49955226208055525,1
TCGA-S3-A6ZG-01A-22R-A32P-07,0.5001546695401654,1
TCGA-A8-A06Z-01A-11R-A00Z-07,0.8757087654935182,1
TCGA-BH-A8FZ-01A-11R-A352-07,0.5410709151115853,1
TCGA-LL-A440-01A-11R-A24H-07,0.8628502493499223,1
TCGA-E9-A249-01A-11R-A169-07,0.8662628494828102,1
TCGA-PL-A8LX-01A-11R-A41B-07,0.5055029522912059,1
TCGA-E2-A1L8-01A-11R-A13Q-07,0.5171721433523688,1
TCGA-EW-A6SD-01A-12R-A33J-07,0.9103780514077247,1
TCGA-AO-A0JL-01A-11R-A056-07,0.9117226422770301,1
TCGA-MS-A51U-01A-31R-A266-07,0.5060340882844638,1
TCGA-BH-A0E7-01A-11R-A034-07,0.5032868098055118,1
TCGA-E9-A22G-01A-11R-A157-07,0.5273611331581598,1
TCGA-A8-A08R-01A-11R-A034-07,0.5104949122243404,1
TCGA-A2-A4S1-01A-21R-A266-07,0.5190141696180824,1
TCGA-E2-A1II-01A-11R-A144-07,0.5209428216811497,1
TCGA-A7-A3J0-01A-11R-A213-07,0.46370152719909125,0
TCGA-BH-A0B8-01A-21R-A056-07,0.8802463224612799,0
TCGA-AR-A24L-01A-11R-A169-07,0.9593760465276738,1
TCGA-EW-A1J3-01A-11R-A13Q-07,0.5318164345033927,1
TCGA-AR-A5QM-01A-11R-A27Q-07,0.5293201458330636,1
TCGA-AO-A1KS-01A-11R-A13Q-07,0.5358094245752426,1
TCGA-D8-A1JI-01A-11R-A13Q-07,0.5251384260690238,1
TCGA-A8-A09N-01A-11R-A00Z-07,0.5134199515016684,1
TCGA-BH-A203-01A-12R-A169-07,0.5124897891643867,1
TCGA-AR-A2LQ-01A-22R-A18M-07,0.5933367265486631,1
TCGA-AR-A251-01A-12R-A169-07,0.5146953001126661,1
TCGA-BH-A18J-01A-11R-A12D-07,0.4928384794253767,1
TCGA-D8-A1XM-01A-21R-A14M-07,0.5156018658974314,1
TCGA-BH-A0HA-01A-11R-A12P-07,0.873292600187077,1
TCGA-AR-A0U2-01A-11R-A109-07,0.5114950848620354,1
TCGA-E2-A1B1-01A-21R-A12P-07,0.5369613310311216,1
TCGA-AC-A62X-01A-11R-A29R-07,0.4769527281823751,0
TCGA-A7-A5ZW-01A-12R-A29R-07,0.8811280783242667,1
TCGA-BH-A28O-01A-11R-A22K-07,0.8859238556284788,1
TCGA-D8-A1XQ-01A-11R-A14M-07,0.47632473815755066,0
TCGA-E9-A248-01A-11R-A169-07,0.5470156702064922,1
TCGA-A8-A07E-01A-11R-A034-07,0.5014674346125317,1
TCGA-AC-A23E-01A-11R-A157-07,0.4999140779374202,1
TCGA-E9-A1N4-01A-11R-A14M-07,0.533140063628729,1
TCGA-E2-A15H-01A-11R-A12D-07,0.4378309747424373,0
TCGA-E2-A1IJ-01A-11R-A144-07,0.525891224903734,1
TCGA-D8-A1XR-01A-11R-A14M-07,0.955399031308284,1
TCGA-A8-A075-01A-11R-A084-07,0.9058275676610879,1
TCGA-A8-A06U-01A-11R-A00Z-07,0.8842057318623235,0
TCGA-B6-A0X7-01A-11R-A10J-07,0.8998642585384594,1
TCGA-AQ-A04J-01A-02R-A034-07,0.5336654096595129,1
TCGA-A2-A0CQ-01A-21R-A034-07,0.538345415856166,1
TCGA-A8-A07F-01A-11R-A00Z-07,0.5305586401260323,1
TCGA-A8-A082-01A-11R-A00Z-07,0.8923962016753721,1
TCGA-AN-A0XT-01A-11R-A109-07,0.5198639295262028,1
TCGA-AR-A24X-01A-11R-A169-07,0.5054602217224446,0
TCGA-A2-A04Y-01A-21R-A034-07,0.8692340687943627,1
TCGA-A2-A1G4-01A-11R-A13Q-07,0.4926797747707216,1
TCGA-B6-A0IE-01A-11R-A034-07,0.5278810527249065,1
TCGA-A8-A079-01A-21R-A00Z-07,0.9008545001614843,1
TCGA-E2-A15E-01A-11R-A12D-07,0.5128042505653376,1
TCGA-E9-A1R3-01A-31R-A14M-07,0.5211867620413723,1
TCGA-AR-A0TT-01A-31R-A084-07,0.8854050090798733,0
TCGA-S3-AA0Z-01A-11R-A41B-07,0.9216853081759717,1
TCGA-BH-A0E1-01A-11R-A056-07,0.8982136092686585,1
TCGA-AC-A23G-01A-11R-A213-07,0.906223506826347,1
TCGA-GM-A3XG-01A-31R-A24H-07,0.4648342253946948,1
TCGA-AR-A1AM-01A-41R-A22K-07,0.503069664102361,0
TCGA-E9-A1N5-01A-11R-A14D-07,0.5541399575814364,1
TCGA-A2-A3XX-01A-21R-A239-07,0.5417563869806312,1
TCGA-BH-A0BQ-01A-21R-A115-07,0.8920156404982693,1
TCGA-EW-A1P7-01A-21R-A144-07,0.5273729126242054,1
TCGA-BH-A5IZ-01A-11R-A27Q-07,0.531861412579774,1
TCGA-D8-A1X7-01A-11R-A14M-07,0.49077177219234924,0
TCGA-BH-A0DP-01A-21R-A056-07,0.8822469051558939,1
TCGA-AC-A7VB-01A-11R-A352-07,0.8658436876004615,0
TCGA-A2-A0ST-01A-12R-A084-07,0.5105087303038899,1
TCGA-A2-A0ES-01A-11R-A115-07,0.5176701358851681,1
TCGA-BH-A0DT-01A-21R-A12D-07,0.5296041532537926,1
TCGA-AN-A0AR-01A-11R-A00Z-07,0.9029016035759823,1
TCGA-A2-A0YJ-01A-11R-A109-07,0.5267361376317031,0
TCGA-D8-A4Z1-01A-21R-A266-07,0.4889368804150033,0
TCGA-AO-A0JC-01A-11R-A056-07,0.5522711194224151,1
TCGA-A2-A04Q-01A-21R-A034-07,0.47646639904626653,0
TCGA-GM-A2DF-01A-11R-A180-07,0.5513313858419212,1
TCGA-GM-A2DI-01A-31R-A18M-07,0.5290572274892373,1
TCGA-LL-A5YO-01A-21R-A28M-07,0.46740613759624133,0
TCGA-EW-A3E8-01B-11R-A24H-07,0.45281258915926054,0
TCGA-BH-A0E9-01B-11R-A115-07,0.530353005329512,1
TCGA-AR-A1AH-01A-11R-A12D-07,0.5347554534239064,1
TCGA-E2-A10A-01A-21R-A115-07,0.5194970988837064,1
TCGA-C8-A1HF-01A-11R-A137-07,0.9020637292886433,1
TCGA-A7-A13H-01A-11R-A22K-07,0.5377736400963511,1
TCGA-A7-A13F-01A-11R-A12P-07,0.4927532562245888,1
TCGA-D8-A1XV-01A-11R-A14M-07,0.48234133451185873,0
TCGA-E2-A574-01A-11R-A29R-07,0.8877308365417705,1
TCGA-GM-A5PV-01A-11R-A28M-07,0.49459862235388974,1
TCGA-EW-A1PB-01A-11R-A144-07,0.4551544854650833,0
TCGA-E2-A1IO-01A-11R-A144-07,0.5349288228214888,1
TCGA-B6-A0RH-01A-21R-A115-07,0.5684525176373368,1
TCGA-BH-A0B7-01A-12R-A115-07,0.5451072176374875,1
TCGA-C8-A137-01A-11R-A115-07,0.4908013727305917,0
TCGA-LL-A8F5-01A-11R-A36F-07,0.5241369894336814,1
TCGA-AQ-A0Y5-01A-11R-A14M-07,0.9220652191351196,1
TCGA-D8-A13Z-01A-11R-A115-07,0.4763132054696073,0
TCGA-A2-A4RX-01A-11R-A266-07,0.5756441671569645,1
TCGA-AR-A24U-01A-11R-A169-07,0.5643543073653271,1
TCGA-E2-A105-01A-11R-A10J-07,0.8690637547196136,1
TCGA-C8-A1HN-01A-11R-A137-07,0.47291906929465216,1
TCGA-BH-A18S-01A-11R-A12D-07,0.4896409773051906,1
TCGA-E2-A14Q-01A-11R-A12D-07,0.8547085857055599,1
TCGA-A7-A0DA-01A-31R-A115-07,0.5466705495694112,1
TCGA-EW-A1P4-01A-21R-A144-07,0.5577433176635163,1
TCGA-A8-A081-01A-11R-A00Z-07,0.47423481971852766,1
TCGA-BH-A0E0-01A-11R-A056-07,0.5426276773823544,1
TCGA-OL-A66N-01A-12R-A31O-07,0.49620107120862933,0
TCGA-E2-A2P6-01A-11R-A19W-07,0.4516977790250968,0
TCGA-BH-A0DK-01A-21R-A056-07,0.8851608959837387,1
TCGA-E9-A5UO-01A-11R-A28M-07,0.49746337156027803,1
TCGA-D8-A1JC-01A-11R-A13Q-07,0.9528231932858912,1
TCGA-C8-A134-01A-11R-A115-07,0.9591874130340678,1
TCGA-A2-A3XT-01A-11R-A22U-07,0.9015667533133888,1
TCGA-AR-A256-01A-11R-A169-07,0.5266967943884049,1
TCGA-D8-A1JL-01A-11R-A13Q-07,0.5787891234365711,1
TCGA-E9-A24A-01A-11R-A169-07,0.5233242734445188,1
TCGA-A2-A3XZ-01A-42R-A239-07,0.9059710221766691,1
TCGA-BH-A0BF-01A-21R-A12P-07,0.526544339078239,1
TCGA-D8-A27F-01A-11R-A16F-07,0.903488561278363,1
TCGA-A2-A0CY-01A-12R-A034-07,0.5225993705156302,1
TCGA-D8-A27E-01A-11R-A16F-07,0.46181098624481565,0
TCGA-A2-A0EP-01A-52R-A22U-07,0.5342197843240898,1
TCGA-GI-A2C8-01A-11R-A16F-07,0.5456459410912551,1
TCGA-A8-A099-01A-11R-A00Z-07,0.49633614891744604,0
TCGA-A2-A04U-01A-11R-A115-07,0.5323262839133712,1
TCGA-BH-A0HP-01A-12R-A084-07,0.49296736613990666,1
TCGA-EW-A2FV-01A-11R-A17B-07,0.516476387166415,1
TCGA-A2-A0CR-01A-11R-A22K-07,0.8752884585013542,1
TCGA-BH-A0DS-01A-11R-A056-07,0.8761385278318412,1
TCGA-D8-A1XC-01A-11R-A14D-07,0.5146982775173106,1
TCGA-E2-A14O-01A-31R-A115-07,0.5134850692000198,1
TCGA-A1-A0SF-01A-11R-A144-07,0.4823394851232862,1
TCGA-A8-A06X-01A-21R-A00Z-07,0.8697782585832831,1
TCGA-BH-A0HI-01A-11R-A084-07,0.48706989946975787,1
TCGA-E2-A14U-01A-11R-A22K-07,0.5092906862684976,1
TCGA-E2-A15A-01A-11R-A12D-07,0.4338896471649377,0
TCGA-A2-A1G6-01A-11R-A13Q-07,0.5867822417299492,1
TCGA-B6-A1KC-01B-11R-A157-07,0.8653839520988531,1
TCGA-OL-A5RZ-01A-11R-A28M-07,0.9016284348483701,1
TCGA-A8-A07I-01A-11R-A00Z-07,0.8830140498150236,0
TCGA-A2-A0T0-01A-22R-A084-07,0.9015994376743925,1
TCGA-BH-A42V-01A-11R-A24H-07,0.8761531784970532,1
TCGA-GM-A3XN-01A-12R-A22U-07,0.5221789055620916,1
TCGA-D8-A3Z6-01A-11R-A239-07,0.5401281807866092,1
TCGA-B6-A0IQ-01A-11R-A034-07,0.5522744004002121,1
TCGA-A8-A095-01A-11R-A00Z-07,0.9171437807483319,1
TCGA-AO-A125-01A-11R-A10J-07,0.5490534648505839,1
TCGA-EW-A6SA-01A-21R-A32P-07,0.46998204756435397,0
TCGA-BH-A0DD-01A-31R-A12P-07,0.9056460715561649,1
TCGA-AO-A0J3-01A-11R-A034-07,0.46669178862120325,0
TCGA-A2-A3XS-01A-11R-A22U-07,0.4700809383774068,0
TCGA-AC-A8OR-01A-21R-A41B-07,0.8894478323452674,1
TCGA-BH-A0HK-01A-11R-A056-07,0.520912213181923,1
TCGA-E2-A1IG-01A-11R-A144-07,0.4891487657382473,1
TCGA-AO-A12B-01A-11R-A10J-07,0.8916917126921975,1
TCGA-EW-A1J5-01A-11R-A13Q-07,0.5092308270297845,1
TCGA-C8-A12Q-01A-11R-A115-07,0.9224224375940204,1
TCGA-A2-A0EQ-01A-11R-A034-07,0.45671465368165076,0
TCGA-GM-A3XL-01A-11R-A22U-07,0.5102113773969437,1
TCGA-BH-A1EU-01A-11R-A137-07,0.5488189716739398,1
TCGA-BH-A0RX-01A-21R-A084-07,0.8797191860739695,1
TCGA-E9-A1RF-01A-11R-A157-07,0.8802172448682227,1
TCGA-AC-A2QI-01A-12R-A19W-07,0.863588365953753,1
TCGA-A8-A090-01A-11R-A00Z-07,0.5007737451301364,0
TCGA-AR-A5QQ-01A-11R-A28M-07,0.5606508994699121,1
TCGA-XX-A899-01A-11R-A36F-07,0.5528948831348074,1
TCGA-E2-A156-01A-11R-A12D-07,0.9090686802200364,1
TCGA-AN-A04C-01A-21R-A034-07,0.49376513546146217,0
TCGA-AN-A0AT-01A-11R-A034-07,0.5130485633542223,1
TCGA-UL-AAZ6-01A-11R-A41B-07,0.5366445815949642,1
TCGA-D8-A1X9-01A-12R-A157-07,0.5301232380860458,1
TCGA-E9-A22E-01A-11R-A157-07,0.5209294322071638,1
TCGA-BH-A1FB-01A-11R-A13Q-07,0.8740696385251862,1
TCGA-C8-A8HR-01A-11R-A36F-07,0.5355208546961447,1
TCGA-EW-A2FR-01A-11R-A21T-07,0.5247500892874968,1
TCGA-AN-A0AJ-01A-11R-A00Z-07,0.8704908268231099,1
TCGA-LD-A7W6-01A-81R-A352-07,0.5077320433464814,1
TCGA-BH-A0B6-01A-11R-A19W-07,0.5095378429682452,1
TCGA-AR-A252-01A-11R-A169-07,0.5419293460854712,1
TCGA-AR-A254-01A-21R-A169-07,0.506222665642238,1
TCGA-AO-A03P-01A-11R-A00Z-07,0.49435238478060567,1
TCGA-A8-A07O-01A-11R-A00Z-07,0.890346821527163,0
TCGA-EW-A1PE-01A-11R-A144-07,0.4834949575440035,0
TCGA-AR-A2LL-01A-11R-A180-07,0.4854501085125258,1
TCGA-A7-A26H-01A-11R-A169-07,0.5304380619478233,1
TCGA-C8-A26Z-01A-11R-A16F-07,0.48422226428963266,1
TCGA-AO-A0J9-01A-11R-A034-07,0.5097818261730728,1
TCGA-EW-A1PF-01A-11R-A144-07,0.5112206174250098,1
TCGA-A2-A25F-01A-11R-A169-07,0.521117353603625,1
TCGA-D8-A73W-01A-22R-A352-07,0.5024946581958206,1
TCGA-AR-A2LJ-01A-12R-A19W-07,0.8537730797786458,0
TCGA-A8-A07C-01A-11R-A034-07,0.8827318382722491,1
TCGA-E9-A245-01A-22R-A16F-07,0.45663786202247736,0
TCGA-B6-A408-01A-12R-A24H-07,0.8645051882564251,0
TCGA-AR-A255-01A-11R-A169-07,0.8501631424977701,0
TCGA-E2-A1L6-01A-11R-A13Q-07,0.4564245288260136,0
TCGA-E9-A295-01A-11R-A16F-07,0.5105726680092297,1
TCGA-BH-A1FE-01A-11R-A13Q-07,0.5146244040607701,0
TCGA-BH-A1FM-01A-11R-A13Q-07,0.48739372641994894,0
TCGA-OL-A5RU-01A-11R-A28M-07,0.8781064893679598,1
TCGA-C8-A1HO-01A-11R-A13Q-07,0.48334494345307805,0
TCGA-GM-A2DO-01A-11R-A18M-07,0.48542860971244967,0
TCGA-AN-A0FZ-01A-11R-A034-07,0.8624010905331932,1
TCGA-D8-A1JN-01A-11R-A13Q-07,0.9013929634793825,1
TCGA-OL-A6VO-01A-12R-A33J-07,0.4994489486781706,0
TCGA-AN-A0FV-01A-11R-A00Z-07,0.5448845919097078,1
TCGA-D8-A1J9-01A-11R-A13Q-07,0.472617962503909,1
TCGA-B6-A0IB-01A-11R-A034-07,0.5085016644606194,1
TCGA-A8-A06R-01A-11R-A00Z-07,0.8811741076742617,0
TCGA-AR-A24H-01A-11R-A169-07,0.509961198229164,1
TCGA-E2-A109-01A-11R-A10J-07,0.8709327769739555,1
TCGA-AR-A5QN-01A-12R-A28M-07,0.8699784611029169,1
TCGA-A2-A0EX-01A-21R-A034-07,0.512840251818018,1
TCGA-C8-A12N-01A-11R-A115-07,0.9088069178516136,1
TCGA-A2-A259-01A-11R-A16F-07,0.9185931392604677,1
TCGA-AO-A12A-01A-21R-A115-07,0.5012005067741079,0
TCGA-A7-A3RF-01A-11R-A22K-07,0.8810697195974925,1
TCGA-AN-A0FS-01A-11R-A034-07,0.9505221570505095,1
TCGA-C8-A26W-01A-11R-A16F-07,0.8866539402523523,1
TCGA-E9-A1RC-01A-11R-A157-07,0.5306449704875461,1
TCGA-E2-A1B0-01A-11R-A12P-07,0.5435642982897573,1
TCGA-AO-A126-01A-11R-A10J-07,0.8923175657160717,1
TCGA-AC-A4ZE-01A-11R-A41B-07,0.8798865270713041,0
TCGA-E9-A229-01A-31R-A157-07,0.5096868976151221,1
TCGA-EW-A1P1-01A-31R-A14D-07,0.4950443453219577,0
TCGA-BH-AB28-01A-31R-A41B-07,0.9090101155083723,1
TCGA-A8-A08P-01A-11R-A00Z-07,0.43883385633033545,0
TCGA-EW-A1IX-01A-12R-A144-07,0.4849449770641153,0
TCGA-LL-A73Z-01A-11R-A32P-07,0.8571248008062698,0
TCGA-E9-A1R7-01A-11R-A14M-07,0.5328229317163321,1
TCGA-BH-A1F2-01A-31R-A13Q-07,0.4785686410175018,0
TCGA-A8-A0A6-01A-12R-A056-07,0.5265034887107206,1
TCGA-A1-A0SE-01A-11R-A084-07,0.910029791305352,1
TCGA-E9-A1NG-01A-21R-A14M-07,0.8688058386727128,1
TCGA-B6-A1KF-01A-11R-A13Q-07,0.538249617996945,1
TCGA-BH-A0EE-01A-11R-A034-07,0.5323659528290609,1
TCGA-BH-A0BD-01A-11R-A034-07,0.8696955522284231,1
TCGA-OL-A5RY-01A-21R-A28M-07,0.5792031974531613,1
TCGA-E9-A1RD-01A-11R-A157-07,0.8921360232283865,1
TCGA-AR-A24K-01A-11R-A169-07,0.5126634289936198,1
TCGA-BH-A0BP-01A-11R-A115-07,0.5306296752779471,1
TCGA-C8-A130-01A-31R-A115-07,0.4978330011614716,1
TCGA-B6-A0RG-01A-11R-A056-07,0.5091950293750075,1
TCGA-E9-A1NA-01A-11R-A144-07,0.5188334707162319,1
TCGA-A8-A0A2-01A-11R-A034-07,0.49833497624747375,0
TCGA-E2-A14V-01A-11R-A12D-07,0.49135375524635605,0
TCGA-E2-A1LL-01A-11R-A144-07,0.5311185863509185,1
TCGA-AR-A24M-01A-11R-A169-07,0.5769969579869542,1
TCGA-A8-A0AB-01A-11R-A034-07,0.5450869334267576,1
TCGA-C8-A1HL-01A-11R-A137-07,0.5165155943251711,1
TCGA-OL-A66P-01A-11R-A31O-07,0.8795413826268925,0
TCGA-OL-A66K-01A-11R-A29R-07,0.5322648696607636,1
TCGA-BH-A0HF-01A-11R-A056-07,0.8959797956075751,1
TCGA-AN-A03X-01A-21R-A00Z-07,0.9034602517737804,1
TCGA-A2-A1FV-01A-11R-A13Q-07,0.543880384124851,1
TCGA-E9-A3HO-01A-11R-A213-07,0.4860335892916826,1
TCGA-A2-A0YE-01A-11R-A109-07,0.9210280944506534,1
TCGA-A1-A0SP-01A-11R-A084-07,0.9180651949312962,1
TCGA-AO-A0J7-01A-11R-A034-07,0.490759366027199,1
TCGA-C8-A3M7-01A-12R-A21T-07,0.5218491753745446,1
TCGA-A2-A0YG-01A-21R-A109-07,0.5048775228712977,1
TCGA-E2-A14Y-01A-21R-A12D-07,0.5244353711232117,1
TCGA-EW-A424-01A-11R-A24H-07,0.5102482997784137,1
TCGA-D8-A141-01A-11R-A115-07,0.5154949012059771,1
TCGA-C8-A1HJ-01A-11R-A13Q-07,0.5510022753837499,1
TCGA-C8-A12O-01A-11R-A115-07,0.8996625292897114,0
TCGA-LL-A442-01A-11R-A24H-07,0.8709187035230431,1
TCGA-C8-A12Z-01A-11R-A115-07,0.5472606587810506,1
TCGA-EW-A1OX-01A-11R-A144-07,0.8907684760195899,0
TCGA-E9-A1RG-01A-11R-A14D-07,0.8800859282442461,1
TCGA-AQ-A1H2-01A-11R-A13Q-07,0.857688608212623,0
TCGA-AR-A24Q-01A-12R-A169-07,0.5121039328703567,1
TCGA-A8-A09K-01A-11R-A00Z-07,0.5198313038282825,1
TCGA-BH-A0W7-01A-11R-A115-07,0.905404093082117,1
TCGA-BH-A0H0-01A-11R-A056-07,0.883499184888348,0
TCGA-AO-A0JD-01A-11R-A056-07,0.5138221135956776,1
TCGA-A2-A4RW-01A-21R-A266-07,0.5362115398684963,1
TCGA-C8-A12U-01A-11R-A115-07,0.8504642530493433,1
TCGA-C8-A12V-01A-11R-A115-07,0.9062430998056165,1
TCGA-E9-A1NC-01A-21R-A26B-07,0.8787847619866176,1
TCGA-AO-A12G-01A-11R-A10J-07,0.8634845673195045,0
TCGA-S3-AA11-01A-31R-A41B-07,0.5517151751234498,1
TCGA-BH-A0HQ-01A-11R-A034-07,0.8804658382781395,1
TCGA-AO-A03L-01A-41R-A056-07,0.9124468906883242,1
TCGA-C8-A1HM-01A-12R-A137-07,0.5187015314260643,1
TCGA-D8-A146-01A-31R-A115-07,0.48050391476379734,0
TCGA-A2-A0EV-01A-11R-A034-07,0.5247761758806629,1
TCGA-E2-A154-01A-11R-A115-07,0.8938825554733782,1
TCGA-E2-A1LE-01A-12R-A19W-07,0.5413741575741935,1
TCGA-E9-A1R5-01A-11R-A14M-07,0.5165765288326254,1
TCGA-AC-A3EH-01A-22R-A22K-07,0.8914845193101748,1
TCGA-C8-A12Y-01A-11R-A12D-07,0.884767944453869,1
TCGA-BH-A0E2-01A-11R-A056-07,0.47620228323187647,0
TCGA-D8-A1XG-01A-11R-A14D-07,0.5172960442042844,1
TCGA-OL-A5DA-01A-11R-A27Q-07,0.9056245114535392,1
TCGA-AC-A3HN-01A-11R-A213-07,0.5142897069892924,1
TCGA-B6-A0RP-01A-21R-A084-07,0.5170768403295759,1
TCGA-3C-AALI-01A-11R-A41B-07,0.918858397157971,1
TCGA-D8-A1Y2-01A-11R-A157-07,0.47606174814202107,0
TCGA-S3-AA15-01A-11R-A41B-07,0.8909836726735534,1
TCGA-BH-A0W5-01A-11R-A109-07,0.9167010009585218,1
TCGA-A8-A097-01A-11R-A034-07,0.960178351275896,1
TCGA-AO-A12D-01A-11R-A115-07,0.567907861771318,1
TCGA-AN-A04A-01A-21R-A034-07,0.5405556478688414,1
TCGA-E2-A1B4-01A-11R-A12P-07,0.5170085718443029,1
TCGA-A8-A09R-01A-11R-A00Z-07,0.4990988669475877,1
TCGA-XX-A89A-01A-11R-A36F-07,0.9016013416434535,1
TCGA-AR-A24O-01A-11R-A169-07,0.5147282415550372,1
TCGA-E2-A1LG-01A-21R-A14M-07,0.568056722561086,1
TCGA-AC-A8OS-01A-12R-A41B-07,0.4747715562680778,1
TCGA-HN-A2NL-01A-11R-A18M-07,0.8978757077772833,0
TCGA-E9-A1N6-01A-11R-A144-07,0.871889514539313,0
TCGA-E2-A10C-01A-21R-A10J-07,0.4967001300703634,1
TCGA-BH-A0AU-01A-11R-A12P-07,0.46535825454983304,0
TCGA-A2-A0EW-01A-21R-A115-07,0.9072386258053103,1
TCGA-A8-A07B-01A-11R-A00Z-07,0.5309186914107105,1
TCGA-E2-A15K-01A-11R-A12P-07,0.4984643487416629,1
TCGA-EW-A6S9-01A-22R-A33J-07,0.8896158076984576,0
TCGA-AC-A3W5-01A-11R-A22K-07,0.540931587345068,1
TCGA-BH-A0AV-01A-31R-A115-07,0.530379728023588,1
TCGA-A2-A0T7-01A-21R-A084-07,0.8656228929264058,0
TCGA-AO-A03V-01A-11R-A115-07,0.9163873133562542,1
TCGA-BH-A0DZ-01A-11R-A00Z-07,0.4941277829040472,1
TCGA-AN-A041-01A-11R-A034-07,0.5155000554118327,0
TCGA-B6-A0I5-01A-11R-A034-07,0.5383480610883541,1
TCGA-BH-A0BM-01A-11R-A056-07,0.5079013447544418,1
TCGA-BH-A0GZ-01A-11R-A056-07,0.8985302908938407,1
TCGA-LL-A5YN-01A-11R-A28M-07,0.5331580245824523,1
TCGA-B6-A0RM-01A-11R-A084-07,0.8849259001964713,0
TCGA-A2-A4S3-01A-21R-A266-07,0.48589407635214127,1
TCGA-BH-A201-01A-11R-A14M-07,0.5133223355031938,1
TCGA-A2-A0SV-01A-11R-A084-07,0.8435876018083258,0
TCGA-A8-A07L-01A-11R-A00Z-07,0.5291559790662235,1
TCGA-AR-A2LN-01A-21R-A18M-07,0.48444409298262053,0
TCGA-C8-A278-01A-11R-A169-07,0.5099989748911583,1
TCGA-A2-A0CM-01A-31R-A034-07,0.8945036068626177,1
TCGA-C8-A1HE-01A-11R-A13Q-07,0.5190925021986184,1
TCGA-LL-A7T0-01A-31R-A352-07,0.8672693530158528,0
TCGA-B6-A0WT-01A-11R-A109-07,0.5443695962762465,1
TCGA-OL-A5D6-01A-21R-A27Q-07,0.9063998843103794,1
TCGA-E2-A14S-01A-11R-A12D-07,0.4610180370847665,0
TCGA-AQ-A1H3-01A-31R-A13Q-07,0.5368238377186502,1
TCGA-BH-A1F8-01A-11R-A13Q-07,0.5128220900893451,1
TCGA-A8-A0AD-01A-11R-A056-07,0.5447617133566827,1
TCGA-GM-A2DA-01A-11R-A18M-07,0.5142870745040016,1
TCGA-A2-A0T5-01A-21R-A084-07,0.8985533280838167,1
TCGA-A8-A09M-01A-11R-A00Z-07,0.5153918417681027,1
TCGA-B6-A0X1-01A-11R-A109-07,0.8769327519883091,0
TCGA-AN-A0XU-01A-11R-A109-07,0.5314936388744529,1
TCGA-BH-A1EV-01A-11R-A137-07,0.5386669921954013,1
TCGA-EW-A1OZ-01A-11R-A144-07,0.9002290280869102,1
TCGA-C8-A12X-01A-11R-A115-07,0.5321501780322978,1
TCGA-JL-A3YX-01A-11R-A22U-07,0.8857285887888496,1
TCGA-OL-A5D7-01A-11R-A27Q-07,0.8923639949225212,1
TCGA-E2-A1IK-01A-11R-A144-07,0.8763112196001244,0
TCGA-A2-A0CW-01A-21R-A115-07,0.4581856166353105,0
TCGA-A2-A0ET-01A-31R-A034-07,0.5147766172331644,1
TCGA-B6-A400-01A-11R-A239-07,0.8755826833593248,1
