sample_id,score,y_member
TCGA-E2-A158-01A-11R-A12D-07,0.2942595755701795,1
TCGA-AO-A1KO-01A-31R-A13Q-07,0.21078008092920858,1
TCGA-AR-A0TX-01A-11R-A084-07,0.5607343130092782,0
TCGA-D8-A1XB-01A-11R-A14D-07,0.9419939568817708,1
TCGA-B6-A0IG-01A-11R-A034-07,0.6814640748143173,1
TCGA-AC-A5EH-01A-11R-A28M-07,0.6044570592283358,1
TCGA-LL-A7SZ-01A-32R-A352-07,0.417914613228584,1
TCGA-A7-A26J-01A-11R-A169-07,0.8430094400175342,1
TCGA-E9-A22H-01A-11R-A157-07,0.6564854053039182,1
TCGA-BH-A208-01A-11R-A157-07,0.45508998019485775,1
TCGA-BH-A6R9-01A-21R-A32P-07,0.2586641363185484,1
TCGA-OL-A5S0-01A-11R-A28M-07,0.5722294305174415,1
TCGA-A1-A0SD-01A-11R-A115-07,0.9415295191427373,1
TCGA-AO-A0JB-01A-11R-A32Y-07,0.3580361849045509,1
TCGA-E2-A1BD-01A-11R-A12P-07,0.871740578808089,1
TCGA-AN-A0AS-01A-11R-A00Z-07,0.7838727331911969,1
TCGA-A7-A13G-01A-11R-A13Q-07,0.34066936074484117,1
TCGA-B6-A0RS-01A-11R-A084-07,0.49550837865501784,1
TCGA-A2-A4S0-01A-21R-A266-07,0.6049725300246679,0
TCGA-BH-A1F5-01A-12R-A13Q-07,0.5789990423142072,1
TCGA-A2-A0CX-01A-21R-A00Z-07,0.6607676343989326,1
TCGA-A7-A13D-01A-13R-A12P-07,0.6237069647856035,0
TCGA-AN-A03Y-01A-21R-A00Z-07,0.5308350065358849,1
TCGA-E9-A1ND-01A-11R-A144-07,0.6393274953200921,0
TCGA-EW-A1P5-01A-11R-A144-07,0.7824658003005988,1
TCGA-EW-A423-01A-11R-A24H-07,0.6353939434259204,1
TCGA-A7-A5ZV-01A-11R-A28M-07,0.3253244564698437,1
TCGA-C8-A8HP-01A-11R-A36F-07,0.44942856331533604,1
TCGA-AQ-A54O-01A-11R-A266-07,0.2609241000818377,1
TCGA-E9-A5FK-01A-11R-A27Q-07,0.6728628476459736,1
TCGA-D8-A142-01A-11R-A115-07,0.6683317203976862,1
TCGA-BH-A0BC-01A-22R-A084-07,0.9008237592258536,1
TCGA-A2-A0EY-01A-11R-A034-07,0.6273154211150243,1
TCGA-D8-A1J8-01A-11R-A13Q-07,0.3548948016608935,1
TCGA-A8-A06Y-01A-21R-A00Z-07,0.7114459623006206,0
TCGA-EW-A1J1-01A-11R-A13Q-07,0.6750266871319088,1
TCGA-BH-A0C0-01A-21R-A056-07,0.5979365354026812,0
TCGA-AC-A2FK-01A-12R-A180-07,0.36431235419177727,0
TCGA-A2-A3XV-01A-21R-A239-07,0.09646664417452382,0
TCGA-BH-A0HB-01A-11R-A056-07,0.7337181619019447,1
TCGA-AN-A0XL-01A-11R-A10J-07,0.9150680741783019,1
TCGA-E2-A10B-01A-11R-A10J-07,0.8699020264498427,1
TCGA-A2-A04X-01A-21R-A034-07,0.45954905115722655,1
TCGA-AR-A1AN-01A-11R-A12P-07,0.8993904208976824,1
TCGA-A2-A0EM-01A-11R-A034-07,0.8670549414821083,0
TCGA-B6-A0WS-01A-11R-A115-07,0.9099662455098404,1
TCGA-D8-A1XD-01A-11R-A14D-07,0.656546144584284,1
TCGA-A8-A091-01A-11R-A00Z-07,0.7006447499801178,1
TCGA-E9-A2JS-01A-11R-A180-07,0.6084628102130276,0
TCGA-A2-A1G1-01A-21R-A13Q-07,0.4343441710363372,1
TCGA-E9-A22B-01A-11R-A157-07,0.8009369267952238,0
TCGA-D8-A27G-01A-11R-A16F-07,0.9139380180656375,1
TCGA-A7-A13E-01A-11R-A12P-07,0.5003052547392643,1
TCGA-BH-A0AY-01A-21R-A00Z-07,0.8851108509406055,0
TCGA-E2-A1L7-01A-11R-A144-07,0.579168653380944,1
TCGA-AN-A046-01A-21R-A034-07,0.8727351206547566,0
TCGA-AN-A0AL-01A-11R-A00Z-07,0.636660830716415,0
TCGA-D8-A27K-01A-11R-A16F-07,0.8935531183117374,1
TCGA-BH-A0DO-01B-11R-A12D-07,0.8844938662680365,0
TCGA-A7-A4SB-01A-21R-A266-07,0.7028449084027454,0
TCGA-EW-A6SB-01A-12R-A32P-07,0.4997040459576357,1
TCGA-D8-A1JM-01A-11R-A13Q-07,0.35351196483555203,1
TCGA-OL-A66J-01A-11R-A29R-07,0.8363706408167397,1
TCGA-D8-A13Y-01A-11R-A115-07,0.26305502812245074,1
TCGA-AR-A24N-01A-11R-A169-07,0.5984049300874966,1
TCGA-BH-A0B1-01A-12R-A056-07,0.7947005170177288,1
TCGA-B6-A0RN-01A-12R-A084-07,0.86288289959383,1
TCGA-A2-A0T1-01A-21R-A084-07,0.586216967215853,1
TCGA-AN-A0AM-01A-11R-A034-07,0.5326994251406789,1
TCGA-E2-A1LA-01A-11R-A144-07,0.7849080791041835,0
TCGA-JL-A3YW-01A-12R-A239-07,0.4521442079122136,0
TCGA-BH-A0H3-01A-11R-A12P-07,0.8839772223397515,1
TCGA-E2-A1IF-01A-11R-A144-07,0.83573842701207,1
TCGA-C8-A26X-01A-31R-A16F-07,0.5342846750230192,1
TCGA-A8-A09B-01A-11R-A00Z-07,0.9296991091730147,0
TCGA-A7-A26G-01A-21R-A169-07,0.5303402820384818,1
TCGA-AC-A2FE-01A-11R-A19W-07,0.9483436260119822,1
TCGA-A8-A08G-01A-11R-A00Z-07,0.7240546701612255,0
TCGA-AN-A0FJ-01A-11R-A00Z-07,0.42873149744574574,1
TCGA-B6-A0RV-01A-11R-A084-07,0.9132735554225763,1
TCGA-B6-A0WV-01A-11R-A109-07,0.7059622158030151,1
TCGA-A8-A07P-01A-11R-A00Z-07,0.7558190820432938,1
TCGA-A8-A08H-01A-21R-A00Z-07,0.4499086532806078,1
TCGA-AR-A0TW-01A-11R-A084-07,0.5612261298446674,1
TCGA-E2-A15F-01A-11R-A115-07,0.8370596556853933,1
TCGA-B6-A0WX-01A-11R-A109-07,0.7412534368604147,1
TCGA-D8-A1Y1-01A-21R-A14M-07,0.8114624419258955,1
TCGA-E2-A14Z-01A-11R-A115-07,0.8394764345490576,0
TCGA-A2-A25A-01A-12R-A16F-07,0.726624839846671,0
TCGA-A2-A0CT-01A-31R-A056-07,0.6093767396846824,1
TCGA-HN-A2OB-01A-21R-A27Q-07,0.8691404144635814,0
TCGA-B6-A0RT-01A-21R-A084-07,0.7101911097165701,1
TCGA-AR-A24T-01A-11R-A169-07,0.8492650857501224,1
TCGA-E9-A1R0-01A-22R-A16F-07,0.9302812877515515,1
TCGA-E9-A5FL-01A-11R-A27Q-07,0.3198487333078009,1
TCGA-E2-A3DX-01A-21R-A213-07,0.8770474857298495,1
TCGA-E2-A14T-01A-11R-A115-07,0.7021418001338341,1
TCGA-A2-A4RY-01A-31R-A266-07,0.5415643606713921,1
TCGA-AR-A2LK-01A-11R-A180-07,0.7435764811034016,1
TCGA-BH-A42U-01A-12R-A24H-07,0.3724951385632205,1
TCGA-AO-A12C-01A-11R-A10J-07,0.8679126935441186,0
TCGA-A2-A3XY-01A-11R-A239-07,0.705018783253402,1
TCGA-D8-A73X-01A-11R-A32P-07,0.9271090831635225,1
TCGA-AR-A2LO-01A-31R-A18M-07,0.9083009713755799,1
TCGA-AO-A0JJ-01A-11R-A056-07,0.9233777873651448,0
TCGA-LD-A74U-01A-13R-A33J-07,0.9319463624935918,1
TCGA-AN-A0XN-01A-21R-A109-07,0.7864398461713501,1
TCGA-E2-A107-01A-11R-A10J-07,0.7520960993256648,1
TCGA-A7-A6VV-01A-22R-A33J-07,0.680838760551606,1
TCGA-AC-A5XS-01A-11R-A29R-07,0.7898153417791001,1
TCGA-BH-A0H6-01A-21R-A056-07,0.8510136070956897,1
TCGA-AC-A23C-01A-12R-A169-07,0.8247222608503073,1
TCGA-E9-A1NH-01A-11R-A14D-07,0.9283823150694822,1
TCGA-D8-A1XW-01A-11R-A14M-07,0.3111769217652653,1
TCGA-AO-A0JG-01A-31R-A084-07,0.7956532575778893,0
TCGA-BH-A18N-01A-11R-A12D-07,0.7101979742486513,1
TCGA-A1-A0SO-01A-22R-A084-07,0.2863576522346088,0
TCGA-BH-A0B5-01A-11R-A12P-07,0.9001389376985518,0
TCGA-A8-A09T-01A-11R-A00Z-07,0.8683533224898596,1
TCGA-BH-A0BR-01A-21R-A115-07,0.794029037681038,1
TCGA-D8-A27W-01A-11R-A16F-07,0.6135083619064482,1
TCGA-BH-A0BW-01A-11R-A115-07,0.5086831309030421,1
TCGA-GM-A2DB-01A-31R-A18M-07,0.32335529066470486,0
TCGA-AC-A2QH-01A-11R-A18M-07,0.13398306479457306,1
TCGA-D8-A1JB-01A-11R-A13Q-07,0.886183116605122,1
TCGA-BH-A1ES-01A-11R-A137-07,0.7547592685338251,1
TCGA-OL-A97C-01A-32R-A41B-07,0.4795394061816013,1
TCGA-A2-A0YF-01A-21R-A109-07,0.7782083201579304,1
TCGA-D8-A1XS-01A-11R-A14M-07,0.7329172887501376,1
TCGA-D8-A140-01A-11R-A115-07,0.8003837908520065,1
TCGA-A8-A09Q-01A-11R-A00Z-07,0.6804266839581452,1
TCGA-B6-A0I1-01A-11R-A21T-07,0.36328140170535517,1
TCGA-AO-A0JE-01A-11R-A056-07,0.6433279088903703,1
TCGA-A2-A1FW-01A-11R-A13Q-07,0.3399022922966832,1
TCGA-D8-A1XY-01A-11R-A14M-07,0.79562098730668,1
TCGA-A2-A04R-01A-41R-A109-07,0.6141386625444132,0
TCGA-A2-A1FX-01A-11R-A13Q-07,0.6871954798601335,1
TCGA-A8-A07W-01A-11R-A00Z-07,0.6930687227833604,1
TCGA-D8-A1XK-01A-21R-A14M-07,0.43796445379904736,1
TCGA-D8-A3Z5-01A-41R-A24H-07,0.7571440152982044,1
TCGA-LL-A5YM-01A-11R-A28M-07,0.17638369409302468,1
TCGA-B6-A0IJ-01A-11R-A034-07,0.6099604827368668,0
TCGA-A8-A06N-01A-11R-A00Z-07,0.24258963228658975,1
TCGA-GM-A2DM-01A-11R-A180-07,0.8099745831660115,1
TCGA-E2-A15D-01A-11R-A115-07,0.9050798382556597,1
TCGA-B6-A1KI-01A-11R-A14M-07,0.8706860785266995,1
TCGA-D8-A1JS-01A-11R-A13Q-07,0.46915954149977396,1
TCGA-PE-A5DD-01A-12R-A27Q-07,0.7805054090815635,1
TCGA-BH-A0BG-01A-11R-A115-07,0.6807248682513614,1
TCGA-LL-A6FQ-01A-11R-A31O-07,0.43001026637328327,0
TCGA-E2-A1IN-01A-11R-A13Q-07,0.9377130635993248,1
TCGA-A8-A06T-01A-11R-A00Z-07,0.7212355843328458,1
TCGA-B6-A402-01A-11R-A239-07,0.5081127144515089,1
TCGA-E2-A9RU-01A-11R-A41B-07,0.32266077606605553,1
TCGA-A2-A3XW-01A-11R-A239-07,0.22754072628983055,1
TCGA-B6-A0RU-01A-11R-A084-07,0.7080683664694818,0
TCGA-A8-A086-01A-11R-A00Z-07,0.8740746117251181,1
TCGA-B6-A40C-01A-11R-A239-07,0.790028492547997,1
TCGA-D8-A1JF-01A-11R-A13Q-07,0.3037377682938387,1
TCGA-A2-A0T6-01A-11R-A084-07,0.866392635979729,1
TCGA-BH-A1FG-01A-11R-A13Q-07,0.6868230039516953,0
TCGA-GM-A3NY-01A-11R-A21T-07,0.6702832582830246,1
TCGA-AN-A0AK-01A-21R-A00Z-07,0.3972111894637922,1
TCGA-BH-A1FC-01A-11R-A13Q-07,0.5123404697241584,1
TCGA-E9-A227-01A-11R-A157-07,0.9258534676698479,1
TCGA-BH-A18P-01A-11R-A12D-07,0.5667662127343776,1
TCGA-E2-A15R-01A-11R-A115-07,0.5758707980593489,1
TCGA-BH-A0WA-01A-11R-A109-07,0.7229912356493708,0
TCGA-BH-A42T-01A-11R-A24H-07,0.4983481892764244,1
TCGA-AC-A23H-01A-11R-A157-07,0.46359911421039834,1
TCGA-OL-A66I-01A-21R-A29R-07,0.6860205855130928,1
TCGA-S3-AA17-01A-11R-A41B-07,0.5806659122438915,1
TCGA-AR-A1AL-01A-21R-A12P-07,0.8788518477291728,0
TCGA-AC-A2B8-01A-11R-A17B-07,0.9371816054683532,1
TCGA-D8-A1XO-01A-11R-A14M-07,0.8656856873171541,1
TCGA-C8-A26Y-01A-11R-A16F-07,0.40265510435801477,1
TCGA-BH-A0DG-01A-21R-A12P-07,0.8907871049114625,1
TCGA-E9-A243-01A-21R-A169-07,0.5050938152044387,1
TCGA-A2-A04W-01A-31R-A115-07,0.40719890073813797,1
TCGA-A8-A09G-01A-21R-A00Z-07,0.45135074412582443,1
TCGA-BH-A0DI-01A-21R-A12P-07,0.9010645421760267,1
TCGA-E2-A152-01A-11R-A12D-07,0.6040171778804929,1
TCGA-AQ-A7U7-01A-22R-A352-07,0.8458945848518269,1
TCGA-BH-A0BZ-01A-31R-A12P-07,0.6994942580938773,1
TCGA-EW-A1OV-01A-11R-A144-07,0.4661759005935814,1
TCGA-A8-A0A7-01A-11R-A00Z-07,0.5870141903898509,1
TCGA-BH-A1EN-01A-11R-A13Q-07,0.33145227924542664,1
TCGA-E2-A1IE-01A-11R-A13Q-07,0.7970670675218334,1
TCGA-BH-A0HW-01A-11R-A034-07,0.443863660880997,1
TCGA-BH-A0BJ-01A-11R-A056-07,0.9319092853161198,1
TCGA-AO-A03N-01B-11R-A10J-07,0.4469626692611226,1
TCGA-EW-A1P3-01A-11R-A144-07,0.8704423668165041,1
TCGA-B6-A0I2-01A-11R-A034-07,0.508927715675256,0
TCGA-EW-A1PD-01A-11R-A144-07,0.8308854639650824,1
TCGA-B6-A0IH-01A-11R-A115-07,0.8309686975539514,0
TCGA-E2-A15M-01A-11R-A12D-07,0.7680702227799174,1
TCGA-BH-A0H9-01A-11R-A056-07,0.8170614284002465,0
TCGA-BH-A0HL-01A-11R-A10U-07,0.5030682269459312,0
TCGA-A8-A07G-01A-11R-A034-07,0.8505100550247564,1
TCGA-E2-A1IL-01A-11R-A14D-07,0.8581431425738938,1
TCGA-AR-A0U4-01A-11R-A109-07,0.5720258035153817,1
TCGA-D8-A147-01A-11R-A115-07,0.6358064016563609,1
TCGA-BH-A0HY-01A-11R-A056-07,0.5808435331576958,1
TCGA-D8-A1XT-01A-11R-A14M-07,0.5151538443319102,0
TCGA-E2-A14W-01A-11R-A12D-07,0.5477461048457641,1
TCGA-E9-A1RB-01A-11R-A157-07,0.5658188023231662,1
TCGA-LL-A5YL-01A-12R-A29R-07,0.6277668085457536,0
TCGA-WT-AB41-01A-11R-A41B-07,0.36411010479242173,1
TCGA-A8-A09Z-01A-11R-A00Z-07,0.28821991698788296,0
TCGA-AN-A0FX-01A-11R-A034-07,0.7455105946968249,1
TCGA-B6-A409-01A-11R-A24H-07,0.5786361445289514,1
TCGA-EW-A1PG-01A-11R-A144-07,0.36515584164787096,1
TCGA-OL-A6VR-01A-32R-A33J-07,0.760114317649976,1
TCGA-BH-A1FN-01A-11R-A13Q-07,0.49215227911171133,1
TCGA-AR-A2LR-01A-12R-A18M-07,0.5413900725893238,1
TCGA-A7-A5ZX-01A-12R-A29R-07,0.8334243333601358,1
TCGA-LL-A73Y-01A-11R-A33J-07,0.6881687339174396,1
TCGA-A2-A25D-01A-12R-A16F-07,0.8139503487587229,0
TCGA-BH-A0C7-01B-11R-A115-07,0.7101420853885956,1
TCGA-E2-A570-01A-11R-A29R-07,0.9030973741451045,1
TCGA-BH-A1FL-01A-11R-A13Q-07,0.8530467631372908,1
TCGA-A1-A0SG-01A-11R-A144-07,0.8690383740012907,1
TCGA-A8-A07U-01A-11R-A034-07,0.7306559301141787,0
TCGA-E2-A15L-01A-11R-A12D-07,0.8934536717062671,1
TCGA-E9-A1R4-01A-21R-A14D-07,0.6379723314826289,0
TCGA-AR-A0TS-01A-11R-A115-07,0.6897887878293102,1
TCGA-E2-A10F-01A-11R-A10J-07,0.9617365884831005,1
TCGA-AO-A128-01A-11R-A10J-07,0.5138241654424501,1
TCGA-AR-A0U3-01A-11R-A109-07,0.7048868395810677,1
TCGA-BH-A0DL-01A-11R-A115-07,0.5678371107441458,1
TCGA-A7-A0D9-01A-31R-A056-07,0.6896516019007325,1
TCGA-AN-A0FD-01A-11R-A034-07,0.8296363656422397,1
TCGA-A2-A0YK-01A-22R-A109-07,0.5907694865302243,1
TCGA-BH-A1FH-01A-12R-A13Q-07,0.8087274999183813,1
TCGA-C8-A12T-01A-11R-A115-07,0.591138273885934,1
TCGA-B6-A2IU-01A-32R-A18M-07,0.8238629728845548,1
TCGA-4H-AAAK-01A-12R-A41B-07,0.93801534392966,1
TCGA-E2-A1IU-01A-11R-A14D-07,0.8895615498027356,0
TCGA-3C-AALK-01A-11R-A41B-07,0.9340264760823067,1
TCGA-D8-A27M-01A-11R-A16F-07,0.6103754169166861,1
TCGA-E2-A56Z-01A-12R-A29R-07,0.505108648635063,1
TCGA-AO-A1KQ-01A-11R-A13Q-07,0.6724978469341654,1
TCGA-AR-A2LE-01A-11R-A180-07,0.7690171094690318,1
TCGA-E2-A1BC-01A-11R-A12P-07,0.8060541410351868,1
TCGA-BH-A0E6-01A-11R-A034-07,0.5741285679821444,1
TCGA-AO-A0J2-01A-11R-A034-07,0.385734430116934,1
TCGA-A7-A6VX-01A-12R-A33J-07,0.682904411460728,0
TCGA-E2-A1LI-01A-12R-A157-07,0.6292475803779566,0
TCGA-AR-A1AT-01A-11R-A12P-07,0.6610849200721152,1
TCGA-A7-A426-01A-22R-A24H-07,0.8418512985517995,1
TCGA-A2-A25C-01A-11R-A169-07,0.572050364938455,1
TCGA-B6-A0RL-01A-11R-A084-07,0.24811313251313996,1
TCGA-OK-A5Q2-01A-11R-A27Q-07,0.9454328508033234,1
TCGA-E9-A244-01A-11R-A169-07,0.5866646252972587,1
TCGA-E9-A1R6-01A-11R-A14D-07,0.7884595478807396,1
TCGA-BH-A8G0-01A-11R-A352-07,0.865164046603327,1
TCGA-EW-A1IZ-01A-11R-A13Q-07,0.8186891473389278,0
TCGA-AO-A0J5-01A-11R-A034-07,0.856720234701681,1
TCGA-E2-A1AZ-01A-11R-A12P-07,0.5856316816883589,1
TCGA-B6-A0RE-01A-11R-A056-07,0.751237580313719,1
TCGA-A7-A4SE-01A-11R-A266-07,0.6615533587983528,0
TCGA-LL-A740-01A-21R-A32P-07,0.6690256914397694,1
TCGA-A8-A07R-01A-21R-A034-07,0.43271694898384394,0
TCGA-S3-AA10-01A-21R-A41B-07,0.6403833947539023,1
TCGA-A7-A4SF-01A-11R-A266-07,0.31263681604715876,0
TCGA-A7-A0CG-01A-12R-A056-07,0.8742534474837488,0
TCGA-E2-A1LS-01A-12R-A157-07,0.2551329586687435,1
TCGA-AR-A24P-01A-11R-A169-07,0.89213716527741,0
TCGA-E9-A54Y-01A-11R-A466-07,0.10663430763396962,1
TCGA-AO-A0JA-01A-11R-A056-07,0.8710913873904613,1
TCGA-A8-A08A-01A-11R-A32Y-07,0.8823842245935691,1
TCGA-AR-A24V-01A-21R-A169-07,0.8223951112896299,1
TCGA-A2-A0CO-01A-13R-A22K-07,0.7921471297950765,1
TCGA-E2-A15I-01A-21R-A137-07,0.7909785534000856,0
TCGA-A2-A0SU-01A-11R-A084-07,0.8207037049483349,0
TCGA-AC-A3OD-01A-11R-A21T-07,0.465906636386052,1
TCGA-AC-A3YJ-01A-11R-A22U-07,0.6456279107029459,0
TCGA-AR-A0TZ-01A-12R-A084-07,0.6692969970981356,1
TCGA-A2-A0D3-01A-11R-A115-07,0.7429734067544296,1
TCGA-BH-A18L-01A-32R-A12D-07,0.4678392181988064,1
TCGA-EW-A2FW-01A-11R-A17B-07,0.525932541184134,1
TCGA-A2-A0YL-01A-21R-A109-07,0.9290342401180878,1
TCGA-E9-A54X-01A-11R-A266-07,0.37977738930083876,1
TCGA-BH-A18F-01A-11R-A12D-07,0.9112439946674217,1
TCGA-W8-A86G-01A-21R-A36F-07,0.8052360028128336,1
TCGA-A8-A08T-01A-21R-A00Z-07,0.8588016870016679,1
TCGA-BH-A1EX-01A-11R-A13Q-07,0.8086748108061935,0
TCGA-A8-A08O-01A-21R-A056-07,0.9012744807575457,0
TCGA-AC-A6IX-01A-12R-A32P-07,0.9344471621871688,1
TCGA-C8-A27B-01A-11R-A169-07,0.49107448970394885,1
TCGA-PL-A8LZ-01A-31R-A36F-07,0.7420197640800127,1
TCGA-AR-A1AQ-01A-11R-A12P-07,0.7790416645537207,1
TCGA-BH-A1FU-01A-11R-A14D-07,0.6049858448910859,1
TCGA-A2-A0SY-01A-31R-A084-07,0.9359984376743912,1
TCGA-BH-A1EW-01A-11R-A137-07,0.7749640024697984,1
TCGA-GM-A3NW-01A-21R-A22K-07,0.7909170111175761,0
TCGA-BH-A0W4-01A-11R-A109-07,0.9458043398867475,1
TCGA-AR-A1AS-01A-11R-A12P-07,0.801695976387598,0
TCGA-EW-A1J6-01A-11R-A13Q-07,0.38954089158068833,1
TCGA-AC-A6NO-01A-12R-A33J-07,0.8115798468729929,1
TCGA-A7-A0CE-01A-11R-A00Z-07,0.6419969375501454,0
TCGA-BH-A6R8-01A-21R-A33J-07,0.6285816387991104,1
TCGA-EW-A1OY-01A-11R-A144-07,0.7390953666667873,1
TCGA-BH-A0BS-01A-11R-A12P-07,0.7335073466256657,0
TCGA-A7-A6VY-01A-12R-A33J-07,0.710876380277879,1
TCGA-A2-A0CK-01A-11R-A22K-07,0.8714713032125121,0
TCGA-AO-A12H-01A-11R-A115-07,0.758166792468027,0
TCGA-C8-A12L-01A-11R-A115-07,0.4271961597666287,1
TCGA-A1-A0SQ-01A-21R-A144-07,0.6963718625918633,1
TCGA-A7-A56D-01A-11R-A27Q-07,0.2563540222649276,1
TCGA-A8-A09I-01A-22R-A034-07,0.6228625538478129,1
TCGA-BH-A0DH-01A-11R-A084-07,0.7804770212475785,1
TCGA-B6-A0X0-01A-21R-A115-07,0.853043912627105,1
TCGA-S3-AA12-01A-11R-A41B-07,0.6066486299194251,1
TCGA-E2-A159-01A-11R-A115-07,0.770814329658307,1
TCGA-D8-A27V-01A-12R-A17B-07,0.8455555626733147,1
TCGA-D8-A1JT-01A-31R-A13Q-07,0.34057427367958093,1
TCGA-C8-A138-01A-11R-A115-07,0.4916867654184171,1
TCGA-AO-A0J6-01A-11R-A034-07,0.5726381168149826,1
TCGA-AR-A24R-01A-11R-A169-07,0.6638179966870023,1
TCGA-AR-A0TY-01A-12R-A115-07,0.39428289494862606,1
TCGA-E9-A1QZ-01A-21R-A169-07,0.851845377227288,1
TCGA-AR-A24W-01A-11R-A169-07,0.7517167738908797,0
TCGA-LL-A5YP-01A-21R-A28M-07,0.7323552520456973,1
TCGA-B6-A0WY-01A-11R-A109-07,0.9319377684841212,1
TCGA-GM-A2DC-01A-11R-A18M-07,0.4864739782624994,1
TCGA-A2-A4S2-01A-12R-A266-07,0.8483995540690972,1
TCGA-A8-A09X-01A-11R-A00Z-07,0.5066447908520834,1
TCGA-OL-A5RV-01A-12R-A28M-07,0.9199095228669082,1
TCGA-E2-A14P-01A-31R-A12D-07,0.35988391151189525,1
TCGA-C8-A8HQ-01A-11R-A36F-07,0.6897581630030575,1
TCGA-AR-A0TP-01A-11R-A084-07,0.4684195655139648,1
TCGA-A8-A09A-01A-11R-A00Z-07,0.842199106932817,1
TCGA-A8-A08L-01A-11R-A00Z-07,0.498382112583453,1
TCGA-A8-A08F-01A-11R-A00Z-07,0.6629756792752132,1
TCGA-GI-A2C9-01A-11R-A21T-07,0.698720522577265,1
TCGA-A2-A0SW-01A-11R-A084-07,0.6615025414476575,1
TCGA-LD-A7W5-01A-22R-A352-07,0.7679965390628832,0
TCGA-D8-A27R-01A-11R-A16F-07,0.7338449008056843,1
TCGA-AO-A0JM-01A-21R-A056-07,0.67531975319319,1
TCGA-GM-A2D9-01A-11R-A18M-07,0.8518616732276787,1
TCGA-D8-A1XU-01A-11R-A14M-07,0.8729100756476195,1
TCGA-AO-A1KT-01A-11R-A13Q-07,0.7124486469540139,1
TCGA-C8-A12P-01A-11R-A115-07,0.45868189219008426,1
TCGA-LL-A6FR-01A-12R-A31O-07,0.27205724695547795,0
TCGA-AR-A1AJ-01A-21R-A12P-07,0.6941128336703244,1
TCGA-A8-A09D-01A-11R-A00Z-07,0.7854535925254295,1
TCGA-S3-A6ZF-01A-32R-A32P-07,0.7549646737248483,0
TCGA-E2-A150-01A-11R-A12D-07,0.5780492270706784,1
TCGA-BH-A18U-01A-21R-A12D-07,0.675331949540649,1
TCGA-BH-A0GY-01A-11R-A056-07,0.7517432573582363,1
TCGA-AQ-A54N-01A-11R-A266-07,0.2662307902751068,1
TCGA-C8-A273-01A-11R-A16F-07,0.7423136078350105,1
TCGA-S3-AA14-01A-11R-A41B-07,0.8661320769805106,1
TCGA-A7-A2KD-01A-31R-A21T-07,0.6843759600542845,1
TCGA-C8-A131-01A-11R-A115-07,0.552787495994686,1
TCGA-E2-A576-01A-11R-A31O-07,0.4405023831960924,1
TCGA-A2-A0T4-01A-31R-A084-07,0.9272051434406703,1
TCGA-A2-A04V-01A-21R-A034-07,0.8666252745221139,0
TCGA-AR-A0U0-01A-11R-A109-07,0.5698735517028302,1
TCGA-BH-A0BO-01A-23R-A12D-07,0.6927998026654691,1
TCGA-A2-A3KC-01A-11R-A213-07,0.9312846040514169,0
TCGA-BH-A18T-01A-11R-A12D-07,0.46106132395186095,0
TCGA-EW-A1J2-01A-21R-A13Q-07,0.9051389257408625,1
TCGA-A8-A084-01A-21R-A00Z-07,0.6308446612763009,1
TCGA-A8-A08X-01A-21R-A00Z-07,0.6323215785876745,1
TCGA-GM-A2DH-01A-11R-A180-07,0.4796045295516682,1
TCGA-D8-A27L-01A-11R-A16F-07,0.9486100814652043,1
TCGA-A7-A3IZ-01A-11R-A213-07,0.7050333909834948,1
TCGA-AN-A04D-01A-21R-A034-07,0.3187799208594892,1
TCGA-5L-AAT0-01A-12R-A41B-07,0.9289852339796953,1
TCGA-AR-A1AU-01A-11R-A12P-07,0.8997558734766737,1
TCGA-AC-A6IV-01A-12R-A33J-07,0.8992714421341776,1
TCGA-E2-A15C-01A-31R-A12D-07,0.9164902171865756,1
TCGA-AO-A1KP-01A-11R-A13Q-07,0.37475116249486756,1
TCGA-E2-A15G-01A-11R-A12D-07,0.8349394655519307,1
TCGA-A2-A3KD-01A-12R-A213-07,0.8923828323228534,0
TCGA-D8-A1X5-01A-11R-A14D-07,0.5707222161183766,1
TCGA-AQ-A04L-01B-21R-A10J-07,0.5876720255836785,1
TCGA-A8-A096-01A-11R-A00Z-07,0.6385949393489533,1
TCGA-A2-A0YH-01A-11R-A109-07,0.7749843705662802,1
TCGA-AN-A0FW-01A-11R-A034-07,0.7374945923648034,1
TCGA-D8-A27H-01A-11R-A16F-07,0.5140923860044945,0
TCGA-OL-A6VQ-01A-12R-A41B-07,0.8897176952266334,1
TCGA-A7-A4SA-01A-11R-A266-07,0.8334247525005805,0
TCGA-C8-A274-01A-11R-A16F-07,0.5671923905393934,1
TCGA-E2-A15J-01A-11R-A12P-07,0.8272298549584697,1
TCGA-BH-A0B3-01A-11R-A056-07,0.7756251459612311,1
TCGA-E2-A153-01A-12R-A12D-07,0.920450516109646,1
TCGA-WT-AB44-01A-11R-A41B-07,0.4640496707793798,1
TCGA-B6-A0RQ-01A-11R-A115-07,0.48937558296210476,1
TCGA-A2-A0YM-01A-11R-A109-07,0.533466143241611,1
TCGA-C8-A1HI-01A-11R-A137-07,0.827088858143642,1
TCGA-AC-A3TM-01A-11R-A22K-07,0.5376461156670785,1
TCGA-A7-A0CD-01A-11R-A00Z-07,0.7340456972338021,0
TCGA-D8-A145-01A-11R-A115-07,0.9323776028377272,1
TCGA-BH-A0EB-01A-11R-A034-07,0.894509860422588,1
TCGA-AR-A0TV-01A-21R-A084-07,0.4500341052510787,1
TCGA-E2-A15P-01A-11R-A115-07,0.8543821999820697,1
TCGA-A2-A04T-01A-21R-A034-07,0.6159831754319213,1
TCGA-E9-A2JT-01A-22R-A18M-07,0.6750879657045817,1
TCGA-OL-A5RW-01A-11R-A28M-07,0.33805885730272156,0
TCGA-PL-A8LV-01A-21R-A41B-07,0.5435213938690883,1
TCGA-BH-A18M-01A-11R-A12D-07,0.9552304866234158,1
TCGA-D8-A27N-01A-11R-A16F-07,0.6539150665197397,1
TCGA-C8-A3M8-01A-11R-A213-07,0.6538351416748256,1
TCGA-B6-A0WW-01A-11R-A109-07,0.7232574518829173,1
TCGA-E9-A3X8-01A-31R-A22U-07,0.37837608355556385,1
TCGA-C8-A133-01A-32R-A12D-07,0.4540528174621243,0
TCGA-D8-A1X6-01A-11R-A14M-07,0.5121209782114027,1
TCGA-A2-A04P-01A-31R-A034-07,0.4552500156747141,1
TCGA-E9-A1N3-01A-12R-A157-07,0.688070587027487,1
TCGA-AN-A0XP-01A-11R-A109-07,0.8317624458733478,1
TCGA-E2-A1LK-01A-21R-A14D-07,0.38312842316617,0
TCGA-C8-A132-01A-31R-A115-07,0.8880980540259654,1
TCGA-PE-A5DE-01A-11R-A27Q-07,0.8734853820572169,1
TCGA-EW-A6SC-01A-12R-A32P-07,0.9110869494372613,1
TCGA-BH-A0EI-01A-11R-A115-07,0.8577355718468571,1
TCGA-A8-A08I-01A-11R-A00Z-07,0.5247606009841278,0
TCGA-AO-A124-01A-11R-A10J-07,0.5112818708921791,0
TCGA-AN-A0XR-01A-11R-A109-07,0.5470652819181787,1
TCGA-BH-A204-01A-11R-A157-07,0.3040921171371052,0
TCGA-AN-A0FF-01A-11R-A034-07,0.7679831700528646,1
TCGA-A2-A0T3-01A-21R-A115-07,0.5775474392709598,1
TCGA-B6-A0RI-01A-11R-A056-07,0.9007751579774402,1
TCGA-AO-A03R-01A-21R-A034-07,0.424252093584382,1
TCGA-E9-A1RA-01A-11R-A14D-07,0.9340061886820197,1
TCGA-AN-A0XV-01A-11R-A109-07,0.9214965001345716,1
TCGA-E9-A1RI-01A-11R-A169-07,0.8858822016304778,1
TCGA-A8-A07J-01A-11R-A00Z-07,0.8615524718105699,0
TCGA-AC-A6IW-01A-12R-A33J-07,0.5704969426175511,1
TCGA-3C-AALJ-01A-31R-A41B-07,0.4859963030340896,1
TCGA-AN-A0XS-01A-22R-A109-07,0.9188018762444818,1
TCGA-E9-A226-01A-21R-A157-07,0.4863860700155611,1
TCGA-C8-A12K-01A-21R-A115-07,0.6922934156693289,0
TCGA-BH-A202-01A-11R-A14M-07,0.5941070629196871,0
TCGA-OL-A66H-01A-11R-A29R-07,0.803586331554828,1
TCGA-E9-A1N9-01A-11R-A14D-07,0.5155918763106423,0
TCGA-A2-A0T2-01A-11R-A084-07,0.5213898803343485,1
TCGA-BH-A18H-01A-11R-A12D-07,0.8390071309851961,1
TCGA-UU-A93S-01A-21R-A41B-07,0.18261028868452056,1
TCGA-B6-A0RO-01A-22R-A084-07,0.6485712675918269,1
TCGA-E2-A10E-01A-21R-A10J-07,0.9003252395315295,1
TCGA-A7-A4SC-01A-12R-A266-07,0.8392534783249973,1
TCGA-B6-A0WZ-01A-11R-A109-07,0.8338617434980449,1
TCGA-A7-A6VW-01A-21R-A33J-07,0.4769760307215058,1
TCGA-E2-A1B5-01A-21R-A12P-07,0.759743633120463,1
TCGA-A8-A092-01A-11R-A00Z-07,0.6972548886922728,1
TCGA-C8-A1HK-01A-21R-A13Q-07,0.35420966979606305,1
TCGA-BH-A0W3-01A-11R-A109-07,0.5226971296504158,1
TCGA-A7-A0CH-01A-21R-A00Z-07,0.9012103196604101,1
TCGA-AR-A1AX-01A-11R-A12P-07,0.8564611288343785,1
TCGA-EW-A1P0-01A-11R-A144-07,0.519818303692017,1
TCGA-E9-A1NI-01A-11R-A14D-07,0.8039034142605757,1
TCGA-AO-A12E-01A-11R-A10J-07,0.8968338082717435,1
TCGA-D8-A1XJ-01A-11R-A14M-07,0.47501850960379427,1
TCGA-B6-A0I6-01A-11R-A034-07,0.6160859268178018,1
TCGA-E9-A1RH-01A-21R-A169-07,0.259015029208531,1
TCGA-BH-A18Q-01A-12R-A12D-07,0.6738552380379259,1
TCGA-AO-A0JI-01A-21R-A056-07,0.6903809300849024,1
TCGA-A2-A0CL-01A-11R-A115-07,0.536115354077293,1
TCGA-E2-A155-01A-11R-A12D-07,0.4077752828600233,1
TCGA-B6-A0I8-01A-11R-A034-07,0.6512206688296134,0
TCGA-E2-A14X-01A-11R-A115-07,0.6443134564859528,0
TCGA-AC-A3YI-01A-21R-A239-07,0.5107400783091454,1
TCGA-AR-A1AI-01A-11R-A12P-07,0.521684090400989,1
TCGA-D8-A1JK-01A-11R-A13Q-07,0.5979412435133588,1
TCGA-BH-A0C3-01A-21R-A12P-07,0.6222932534063926,1
TCGA-A8-A09C-01A-11R-A00Z-07,0.746236085216597,1
TCGA-LL-A50Y-01A-11R-A266-07,0.6900049919562156,1
TCGA-BH-A0B0-01A-21R-A115-07,0.902717518915273,0
TCGA-OL-A66L-01A-12R-A31O-07,0.4331267038975625,1
TCGA-BH-A0AW-01A-11R-A056-07,0.6272858563046423,1
TCGA-D8-A1X8-01A-11R-A14M-07,0.9150513292991154,1
TCGA-D8-A1JE-01A-11R-A13Q-07,0.46303487412590627,1
TCGA-BH-A1EO-01A-11R-A137-07,0.794371693519659,1
TCGA-BH-A0HU-01A-11R-A034-07,0.6158724258462658,1
TCGA-BH-A0H7-01A-13R-A056-07,0.8079697676660641,1
TCGA-E9-A22D-01A-11R-A157-07,0.6503369322462235,1
TCGA-3C-AAAU-01A-11R-A41B-07,0.6890903154148367,1
TCGA-BH-A1FJ-01A-11R-A13Q-07,0.5500381007209825,1
TCGA-A8-A06P-01A-11R-A00Z-07,0.9309522884980762,1
TCGA-A2-A25B-01A-11R-A169-07,0.5753036856776133,1
TCGA-AC-A2BM-01A-11R-A21T-07,0.6119260247435686,1
TCGA-E9-A6HE-01A-11R-A31O-07,0.6220699094318507,1
TCGA-AO-A03O-01A-11R-A00Z-07,0.5602039924070729,1
TCGA-A2-A0EU-01A-22R-A056-07,0.8006409189852519,1
TCGA-A8-A06O-01A-11R-A00Z-07,0.7714927087260204,1
TCGA-BH-A0BT-01A-11R-A12P-07,0.7091139956417638,1
TCGA-A2-A0YT-01A-11R-A109-07,0.6281846839392199,1
TCGA-E2-A14R-01A-11R-A115-07,0.5702528585883824,1
TCGA-B6-A0IC-01A-11R-A034-07,0.6467419880099972,0
TCGA-AC-A5XU-01A-11R-A28M-07,0.6860880379013224,1
TCGA-AR-A250-01A-31R-A169-07,0.6895225132905801,0
TCGA-D8-A1XZ-01A-11R-A14M-07,0.5839281787467318,1
TCGA-B6-A0I9-01A-11R-A034-07,0.4298042513918289,1
TCGA-B6-A0IA-01A-11R-A034-07,0.43555274822746337,1
TCGA-E2-A14N-01A-31R-A137-07,0.4670152698671811,0
TCGA-PL-A8LY-01A-11R-A41B-07,0.5145582887299754,1
TCGA-LL-A441-01A-11R-A24H-07,0.4876585944735577,1
TCGA-A8-A08S-01A-11R-A034-07,0.5980852962552683,0
TCGA-A8-A09V-01A-11R-A034-07,0.7601866375390485,1
TCGA-BH-A209-01A-11R-A157-07,0.5375995033582684,1
TCGA-GM-A5PX-01A-12R-A28M-07,0.8006786894934514,1
TCGA-A8-A085-01A-11R-A00Z-07,0.4406365726903221,1
TCGA-A2-A25E-01A-11R-A169-07,0.7082569603458461,0
TCGA-D8-A1JG-01B-11R-A13Q-07,0.4528284422480868,1
TCGA-AC-A2FO-01A-11R-A180-07,0.938270524601352,1
TCGA-B6-A3ZX-01A-11R-A239-07,0.6549279427821252,1
TCGA-AN-A0FT-01A-11R-A034-07,0.6442809548001532,1
TCGA-AQ-A04H-01B-11R-A10J-07,0.5255481670943082,1
TCGA-AR-A1AR-01A-31R-A137-07,0.48169949190718353,1
TCGA-A2-A0CS-01A-11R-A115-07,0.8709097174552933,1
TCGA-A2-A1FZ-01A-51R-A14D-07,0.9106381509010065,1
TCGA-AC-A8OQ-01A-11R-A41B-07,0.707692818383464,1
TCGA-AR-A0TR-01A-11R-A084-07,0.5484883447806257,1
TCGA-C8-A12M-01A-11R-A115-07,0.3286371901103591,1
TCGA-A1-A0SM-01A-11R-A084-07,0.7800809482076638,1
TCGA-BH-A1ET-01A-11R-A137-07,0.8464677715701574,1
TCGA-A8-A0A1-01A-11R-A00Z-07,0.9156634702864658,1
TCGA-C8-A1HG-01A-11R-A137-07,0.5062868026855942,1
TCGA-E9-A1NF-01A-11R-A14D-07,0.6060121547619831,1
TCGA-A2-A0D4-01A-11R-A00Z-07,0.5111463419422492,1
TCGA-BH-A2L8-01A-11R-A18M-07,0.90983444930263,1
TCGA-A8-A093-01A-11R-A00Z-07,0.8122978340600111,1
TCGA-D8-A1Y3-01A-11R-A157-07,0.25629845534080564,1
TCGA-AR-A1AY-01A-21R-A12P-07,0.5509119172156253,1
TCGA-AO-A12F-01A-11R-A115-07,0.585578204296757,1
TCGA-AN-A0FL-01A-11R-A034-07,0.29399465489435145,1
TCGA-AR-A0TQ-01A-11R-A084-07,0.6225140014001413,1
TCGA-A2-A0CP-01A-11R-A034-07,0.8659100697536448,0
TCGA-AO-A129-01A-21R-A10J-07,0.7987393487227582,1
TCGA-D8-A1JH-01A-11R-A13Q-07,0.9419651599087127,1
TCGA-BH-A18K-01A-11R-A12D-07,0.9055614795915555,1
TCGA-B6-A0IM-01A-11R-A034-07,0.7526785950017131,1
TCGA-AO-A0J4-01A-11R-A034-07,0.7447506669658305,0
TCGA-AR-A1AW-01A-21R-A12P-07,0.5150437427757324,1
TCGA-AC-A62Y-01A-11R-A29R-07,0.8240229331049634,0
TCGA-A1-A0SH-01A-11R-A084-07,0.8252310744003081,1
TCGA-A8-A08C-01A-11R-A00Z-07,0.7352266579664638,1
TCGA-A2-A3XU-01A-12R-A22U-07,0.2224005473705523,1
TCGA-E2-A1LB-01A-11R-A144-07,0.3494349423926174,1
TCGA-D8-A1JJ-01A-31R-A14M-07,0.7252023493799339,1
TCGA-AN-A049-01A-21R-A00Z-07,0.8344463890167615,1
TCGA-A1-A0SN-01A-11R-A144-07,0.6681488803590429,0
TCGA-EW-A1IW-01A-11R-A13Q-07,0.8727112804612913,1
TCGA-LQ-A4E4-01A-11R-A266-07,0.7046422967241136,1
TCGA-E9-A5UP-01A-11R-A28M-07,0.4525664446913733,0
TCGA-EW-A1IY-01A-11R-A13Q-07,0.37486403292033293,1
TCGA-AN-A0XW-01A-11R-A109-07,0.8427757013059539,1
TCGA-AR-A24S-01A-11R-A169-07,0.6189231336322515,1
TCGA-AR-A2LM-01A-11R-A180-07,0.8553702978735899,1
TCGA-E9-A1NE-01A-21R-A14M-07,0.8606214445917947,1
TCGA-LL-A9Q3-01A-11R-A41B-07,0.5606380994807485,1
TCGA-AC-A8OP-01A-11R-A36F-07,0.8219048106168291,1
TCGA-E2-A572-01A-13R-A31O-07,0.26544575612678434,1
TCGA-B6-A0IP-01A-11R-A034-07,0.9417573024230624,1
TCGA-C8-A135-01A-11R-A115-07,0.5572559248439586,0
TCGA-D8-A1XL-01A-11R-A14M-07,0.595768941481041,0
TCGA-EW-A1PC-01B-11R-A21T-07,0.43762963041881897,0
TCGA-AO-A03M-01B-11R-A10J-07,0.7287535340516865,0
TCGA-AN-A0FN-01A-11R-A034-07,0.8238665108916045,1
TCGA-A7-A4SD-01A-11R-A266-07,0.7227213246368834,1
TCGA-BH-A0HN-01A-11R-A10U-07,0.5909966691377722,1
TCGA-S3-A6ZH-01A-22R-A32P-07,0.5935684702564352,0
TCGA-AC-A3QP-01A-11R-A22U-07,0.8070600372142639,0
TCGA-5L-AAT1-01A-12R-A41B-07,0.8808077800109094,1
TCGA-AN-A0FY-01A-11R-A034-07,0.5902434664629052,0
TCGA-BH-A0BA-01A-11R-A056-07,0.8717768447165162,1
TCGA-A2-A0CU-01A-12R-A034-07,0.8273371429113092,1
TCGA-D8-A143-01A-11R-A115-07,0.47749613957249226,1
TCGA-BH-A0DE-01A-11R-A115-07,0.8774193581167964,1
TCGA-A2-A0EO-01A-11R-A034-07,0.9159397654603705,1
TCGA-AO-A0JF-01A-11R-A056-07,0.9113334949780059,1
TCGA-A8-A09E-01A-11R-A00Z-07,0.5780182434454448,1
TCGA-BH-A0AZ-01A-21R-A12P-07,0.889102508322526,1
TCGA-GM-A2DN-01A-11R-A180-07,0.9165592211861674,1
TCGA-E2-A15T-01A-11R-A115-07,0.5630237909990966,1
TCGA-BH-A1F6-01A-11R-A13Q-07,0.7549081880159743,0
TCGA-BH-A0DX-01A-11R-A115-07,0.9106568856087339,1
TCGA-EW-A3U0-01A-11R-A22K-07,0.644129611800168,0
TCGA-BH-A0DV-01A-21R-A12P-07,0.8438894887514402,1
TCGA-AC-A3TN-01A-11R-A22K-07,0.6587781676745578,1
TCGA-A1-A0SK-01A-12R-A084-07,0.2059856603953319,1
TCGA-B6-A0X5-01A-21R-A109-07,0.2809305355762609,1
TCGA-A2-A0YC-01A-11R-A109-07,0.9061828042731092,0
TCGA-A2-A0CZ-01A-11R-A034-07,0.6035922487886584,0
TCGA-C8-A27A-01A-11R-A169-07,0.36872730567899104,1
TCGA-AR-A1AP-01A-11R-A12P-07,0.8725077967295569,1
TCGA-BH-A0B4-01A-11R-A00Z-07,0.8497307471648547,0
TCGA-BH-A0BV-01A-11R-A00Z-07,0.8573729896997047,1
TCGA-AN-A0XO-01A-11R-A109-07,0.8997534539825041,0
TCGA-AC-A2QJ-01A-12R-A19W-07,0.1232106301070539,1
TCGA-GM-A2DD-01A-11R-A180-07,0.4695246020533242,0
TCGA-AR-A1AV-01A-21R-A12P-07,0.8011640533790754,1
TCGA-D8-A1XF-01A-11R-A14D-07,0.3244446510209422,1
TCGA-LL-A6FP-01A-11R-A31O-07,0.35997310549275485,1
TCGA-D8-A1XA-01A-11R-A14D-07,0.7021801958124968,1
TCGA-C8-A26V-01A-11R-A16F-07,0.6473841256808655,1
TCGA-PE-A5DC-01A-12R-A27Q-07,0.764552360838191,0
TCGA-E2-A1LH-01A-11R-A14D-07,0.6104624493612012,1
TCGA-BH-A0B9-01A-11R-A056-07,0.5564241035595328,1
TCGA-E9-A1N8-01A-11R-A144-07,0.4299079624403707,1
TCGA-AC-A62V-01A-11R-A31O-07,0.22911230354509635,1
TCGA-EW-A1PH-01A-11R-A14M-07,0.6781989143923433,1
TCGA-AR-A5QP-01A-11R-A28M-07,0.938946317163678,1
TCGA-BH-A5J0-01A-11R-A27Q-07,0.7293983944260738,1
TCGA-A1-A0SB-01A-11R-A144-07,0.27327210292730425,1
TCGA-B6-A0IK-01A-12R-A056-07,0.6064893307876845,1
TCGA-A8-A06Q-01A-11R-A034-07,0.3765099243827989,0
TCGA-AR-A2LH-01A-31R-A18M-07,0.7076453477710778,1
TCGA-AR-A24Z-01A-11R-A169-07,0.5125924739440035,1
TCGA-Z7-A8R5-01A-42R-A41B-07,0.7152411644203837,1
TCGA-A8-A0A9-01A-11R-A00Z-07,0.8884889985245111,0
TCGA-D8-A1JA-01A-11R-A13Q-07,0.21333450918974978,1
TCGA-AN-A0FK-01A-11R-A034-07,0.7270125093099482,1
TCGA-GM-A2DL-01A-11R-A18M-07,0.8712578183249513,1
TCGA-EW-A1P6-01A-11R-A144-07,0.8538505256109976,1
TCGA-BH-A0EA-01A-11R-A115-07,0.8698947937541891,1
TCGA-BH-A8FY-01A-11R-A36F-07,0.6485730523860381,1
TCGA-E2-A1L9-01A-11R-A13Q-07,0.9096944428778729,1
TCGA-E9-A1R2-01A-11R-A14D-07,0.8278063877431143,1
TCGA-AC-A2FM-01A-11R-A19W-07,0.6568491285717802,1
TCGA-E2-A108-01A-13R-A10J-07,0.6469358171385289,1
TCGA-OL-A66O-01A-11R-A31O-07,0.48934023434740753,0
TCGA-C8-A275-01A-21R-A16F-07,0.4736568265110806,1
TCGA-B6-A0IO-01A-11R-A034-07,0.796939253723978,1
TCGA-BH-A0HO-01A-11R-A034-07,0.7648854030334433,1
TCGA-EW-A1P8-01A-11R-A144-07,0.673805770643717,1
TCGA-A2-A0D0-01A-11R-A00Z-07,0.46276035593152076,1
TCGA-A2-A0SX-01A-12R-A084-07,0.7291333185854821,1
TCGA-D8-A27I-01A-11R-A16F-07,0.9458092695639222,0
TCGA-EW-A2FS-01A-11R-A17B-07,0.717589426189117,0
TCGA-Z7-A8R6-01A-11R-A41B-07,0.6449676970736754,0
TCGA-E2-A15O-01A-11R-A115-07,0.7696332738072167,1
TCGA-V7-A7HQ-01A-11R-A33J-07,0.358695399773363,1
TCGA-C8-A12W-01A-11R-A115-07,0.7556007738102334,1
TCGA-A7-A3IY-01A-21R-A21T-07,0.8574405001165568,1
TCGA-A8-A08B-01A-11R-A00Z-07,0.42154431707673906,1
TCGA-5T-A9QA-01A-11R-A41B-07,0.3240253534410092,1
TCGA-E2-A106-01A-11R-A10J-07,0.6562740213988769,1
TCGA-E2-A1B6-01A-31R-A12P-07,0.6195804202603833,1
TCGA-AC-A2FF-01A-11R-A17B-07,0.8995352017757322,0
TCGA-EW-A1PA-01A-11R-A144-07,0.8007701847684805,1
TCGA-D8-A27T-01A-11R-A16F-07,0.9512050433166971,1
TCGA-LD-A66U-01A-11R-A31O-07,0.715057137449191,1
TCGA-A8-A07Z-01A-11R-A00Z-07,0.6728777386632017,1
TCGA-AR-A1AO-01A-11R-A12P-07,0.6075362504070585,1
TCGA-E2-A573-01A-11R-A29R-07,0.7489280092104745,1
TCGA-AC-A2FB-01A-11R-A17B-07,0.8680767047239144,1
TCGA-AN-A0G0-01A-11R-A034-07,0.48152343344916254,1
TCGA-BH-A0H5-01A-21R-A115-07,0.8612011312840024,1
TCGA-A8-A07S-01A-11R-A034-07,0.6356887902925592,1
TCGA-E9-A3QA-01A-61R-A22K-07,0.6556024304130998,1
TCGA-A1-A0SI-01A-11R-A144-07,0.7311435969124077,0
TCGA-A8-A09W-01A-11R-A00Z-07,0.5302452965238988,1
TCGA-BH-A1F0-01A-11R-A137-07,0.6654965094764714,1
TCGA-A2-A0D2-01A-21R-A034-07,0.6175360231465596,1
TCGA-OL-A5D8-01A-11R-A27Q-07,0.7431954448948223,1
TCGA-BH-A18G-01A-11R-A12D-07,0.5827458579983006,1
TCGA-A2-A0YI-01A-31R-A10J-07,0.8588754947515789,1
TCGA-A8-A0A4-01A-11R-A00Z-07,0.8944126832960194,1
TCGA-A7-A425-01A-11R-A24H-07,0.7674198608861642,1
TCGA-E9-A22A-01A-11R-A157-07,0.6529920523815294,1
TCGA-A8-A08J-01A-11R-A00Z-07,0.6025962754992418,1
TCGA-A2-A3Y0-01A-11R-A239-07,0.4929444833108927,0
TCGA-AC-A2BK-01A-11R-A21T-07,0.2971801703034576,1
TCGA-B6-A0IN-01A-11R-A034-07,0.509347986433786,0
TCGA-D8-A1JD-01A-11R-A13Q-07,0.8250453110970665,0
TCGA-GM-A2DK-01A-21R-A180-07,0.8292260275928168,1
TCGA-OL-A5RX-01A-11R-A28M-07,0.9112720508311215,1
TCGA-A8-A08Z-01A-21R-A00Z-07,0.9052158468091352,1
TCGA-A2-A0YD-01A-11R-A109-07,0.9178697445264223,1
TCGA-A7-A3J1-01A-11R-A213-07,0.8812168315952171,1
TCGA-BH-A1FD-01A-11R-A13Q-07,0.6210786761950543,1
TCGA-A2-A0D1-01A-11R-A034-07,0.22924122171003666,0
TCGA-BH-A0BL-01A-11R-A115-07,0.805837072868352,1
TCGA-E2-A1IH-01A-11R-A13Q-07,0.8232997764221399,1
TCGA-AR-A0TU-01A-31R-A109-07,0.40258126319768983,1
TCGA-AC-A2FG-01A-11R-A17B-07,0.9151369380726032,1
TCGA-GM-A4E0-01A-12R-A266-07,0.6460482757720969,0
TCGA-AC-A3W7-01A-11R-A22K-07,0.8706750608299169,1
TCGA-A8-A083-01A-21R-A00Z-07,0.6496241316983078,1
TCGA-A2-A0EN-01A-13R-A084-07,0.91112983607553,1
TCGA-D8-A1Y0-01A-11R-A14M-07,0.8331093663893585,0
TCGA-AR-A1AK-01A-21R-A12P-07,0.9082789752759216,1
TCGA-AC-A7VC-01A-11R-A352-07,0.2786785255031595,1
TCGA-A7-A0CJ-01A-21R-A00Z-07,0.5361391871090393,1
TCGA-AO-A03U-01B-21R-A10J-07,0.34742075542418394,1
TCGA-E2-A2P5-01A-11R-A19W-07,0.741538936309872,1
TCGA-E2-A15S-01A-11R-A115-07,0.4224780825148318,1
TCGA-A1-A0SJ-01A-11R-A084-07,0.7608721424042315,0
TCGA-A2-A04N-01A-11R-A115-07,0.9579410076373477,1
TCGA-B6-A401-01A-11R-A239-07,0.8097105862039818,0
TCGA-D8-A1JU-01A-11R-A13Q-07,0.8298063600100759,1
TCGA-B6-A40B-01A-11R-A239-07,0.8031632988607547,1
TCGA-LD-A9QF-01A-32R-A41B-07,0.5756459189007017,0
TCGA-AO-A03T-01A-21R-A034-07,0.3730322114436626,0
TCGA-E9-A3Q9-01A-11R-A21T-07,0.7389110623593115,0
TCGA-D8-A1JP-01A-11R-A13Q-07,0.8030096310667195,1
TCGA-BH-A18I-01A-11R-A12D-07,0.9161892903195504,1
TCGA-BH-A28Q-01A-11R-A16F-07,0.9089928439220515,1
TCGA-EW-A1OW-01A-21R-A144-07,0.8038577052083081,1
TCGA-BH-A18R-01A-11R-A12D-07,0.4677361713336159,1
TCGA-AO-A0J8-01A-21R-A034-07,0.8839229497382718,0
TCGA-AC-A3BB-01A-21R-A19W-07,0.9051772918863761,0
TCGA-E9-A247-01A-11R-A169-07,0.6876927289258784,1
TCGA-D8-A73U-01A-11R-A33J-07,0.7844199724724221,0
TCGA-BH-A18V-01A-11R-A12D-07,0.5470298827612173,1
TCGA-BH-A0C1-01B-11R-A12D-07,0.8795138244953147,0
TCGA-AC-A3W6-01A-12R-A22K-07,0.8538408088588643,1
TCGA-BH-A1FR-01A-11R-A13Q-07,0.8016063862907398,1
TCGA-A2-A1G0-01A-11R-A13Q-07,0.8716304828336974,0
TCGA-BH-A0DQ-01A-11R-A084-07,0.9470404058623393,1
TCGA-A2-A0ER-01A-21R-A034-07,0.689473931949422,1
TCGA-D8-A27P-01A-11R-A16F-07,0.8995842227822204,1
TCGA-B6-A1KN-01A-11R-A13Q-07,0.6357366969799307,1
TCGA-E9-A228-01A-31R-A157-07,0.5310249138179641,1
TCGA-BH-A0B2-01A-11R-A10J-07,0.9131996017132281,1
TCGA-B6-A0X4-01A-11R-A109-07,0.569224107733392,0
TCGA-BH-A1EY-01A-11R-A13Q-07,0.8410880956007506,1
TCGA-BH-A0HX-01A-21R-A056-07,0.8527163140662495,1
TCGA-A8-A094-01A-11R-A00Z-07,0.5471286567903649,1
TCGA-AO-A1KR-01A-12R-A144-07,0.3437165551146125,0
TCGA-A2-A0CV-01A-31R-A115-07,0.8268283337915577,1
TCGA-A8-A076-01A-21R-A00Z-07,0.7821532904728027,1
TCGA-E9-A1RE-01A-11R-A157-07,0.5313199922186976,1
TCGA-S3-A6ZG-01A-22R-A32P-07,0.8107657367041631,1
TCGA-A8-A06Z-01A-11R-A00Z-07,0.432280175905262,1
TCGA-BH-A8FZ-01A-11R-A352-07,0.4886923325041288,1
TCGA-LL-A440-01A-11R-A24H-07,0.8008970408082476,1
TCGA-E9-A249-01A-11R-A169-07,0.5857707948931354,1
TCGA-PL-A8LX-01A-11R-A41B-07,0.5324613391285041,1
TCGA-E2-A1L8-01A-11R-A13Q-07,0.8334441272415698,1
TCGA-EW-A6SD-01A-12R-A33J-07,0.5369552652835454,1
TCGA-AO-A0JL-01A-11R-A056-07,0.40431618639080363,1
TCGA-MS-A51U-01A-31R-A266-07,0.9055666965059705,1
TCGA-BH-A0E7-01A-11R-A034-07,0.7428856568030278,1
TCGA-E9-A22G-01A-11R-A157-07,0.43693658671812496,1
TCGA-A8-A08R-01A-11R-A034-07,0.6084550976331341,1
TCGA-A2-A4S1-01A-21R-A266-07,0.222287144754058,1
TCGA-E2-A1II-01A-11R-A144-07,0.48395574870337676,1
TCGA-A7-A3J0-01A-11R-A213-07,0.7201655644462096,0
TCGA-BH-A0B8-01A-21R-A056-07,0.7792430285675057,0
TCGA-AR-A24L-01A-11R-A169-07,0.7539936488754287,1
TCGA-EW-A1J3-01A-11R-A13Q-07,0.6529505508413519,1
TCGA-AR-A5QM-01A-11R-A27Q-07,0.8902557530299084,1
TCGA-AO-A1KS-01A-11R-A13Q-07,0.3966253390121949,1
TCGA-D8-A1JI-01A-11R-A13Q-07,0.3652180108739486,1
TCGA-A8-A09N-01A-11R-A00Z-07,0.6661199447685311,1
TCGA-BH-A203-01A-12R-A169-07,0.5312965743524667,1
TCGA-AR-A2LQ-01A-22R-A18M-07,0.5390349920791311,1
TCGA-AR-A251-01A-12R-A169-07,0.47468457675214915,1
TCGA-BH-A18J-01A-11R-A12D-07,0.8785147498346221,1
TCGA-D8-A1XM-01A-21R-A14M-07,0.9237318031882003,1
TCGA-BH-A0HA-01A-11R-A12P-07,0.8860703735299436,1
TCGA-AR-A0U2-01A-11R-A109-07,0.43013032004886187,1
TCGA-E2-A1B1-01A-21R-A12P-07,0.7388586923117048,1
TCGA-AC-A62X-01A-11R-A29R-07,0.39198536514338006,0
TCGA-A7-A5ZW-01A-12R-A29R-07,0.9167784072969642,1
TCGA-BH-A28O-01A-11R-A22K-07,0.41896545251512657,1
TCGA-D8-A1XQ-01A-11R-A14M-07,0.6098275299279405,0
TCGA-E9-A248-01A-11R-A169-07,0.3866725775514323,1
TCGA-A8-A07E-01A-11R-A034-07,0.8806388651481195,1
TCGA-AC-A23E-01A-11R-A157-07,0.8895884482170436,1
TCGA-E9-A1N4-01A-11R-A14M-07,0.7734062776611441,1
TCGA-E2-A15H-01A-11R-A12D-07,0.8186014808582912,0
TCGA-E2-A1IJ-01A-11R-A144-07,0.9368628521658758,1
TCGA-D8-A1XR-01A-11R-A14M-07,0.588610428670569,1
TCGA-A8-A075-01A-11R-A084-07,0.7108628898576528,1
TCGA-A8-A06U-01A-11R-A00Z-07,0.7239905892795673,0
TCGA-B6-A0X7-01A-11R-A10J-07,0.9168132900259862,1
TCGA-AQ-A04J-01A-02R-A034-07,0.7892283273764995,1
TCGA-A2-A0CQ-01A-21R-A034-07,0.756579215187463,1
TCGA-A8-A07F-01A-11R-A00Z-07,0.8137080899462068,1
TCGA-A8-A082-01A-11R-A00Z-07,0.5694954871127503,1
TCGA-AN-A0XT-01A-11R-A109-07,0.7136636084421983,1
TCGA-AR-A24X-01A-11R-A169-07,0.8649628086604462,0
TCGA-A2-A04Y-01A-21R-A034-07,0.653950021276687,1
TCGA-A2-A1G4-01A-11R-A13Q-07,0.5393121135907993,1
TCGA-B6-A0IE-01A-11R-A034-07,0.6489329138973309,1
TCGA-A8-A079-01A-21R-A00Z-07,0.5189541279482943,1
TCGA-E2-A15E-01A-11R-A12D-07,0.9325015555828778,1
TCGA-E9-A1R3-01A-31R-A14M-07,0.6838361168523187,1
TCGA-AR-A0TT-01A-31R-A084-07,0.5750833245766008,0
TCGA-S3-AA0Z-01A-11R-A41B-07,0.4317841002826843,1
TCGA-BH-A0E1-01A-11R-A056-07,0.8473774454981852,1
TCGA-AC-A23G-01A-11R-A213-07,0.8289805590215558,1
TCGA-GM-A3XG-01A-31R-A24H-07,0.7719476071087598,1
TCGA-AR-A1AM-01A-41R-A22K-07,0.9252322110549637,0
TCGA-E9-A1N5-01A-11R-A14D-07,0.9125193156237458,1
TCGA-A2-A3XX-01A-21R-A239-07,0.5917310665439106,1
TCGA-BH-A0BQ-01A-21R-A115-07,0.9257453447483891,1
TCGA-EW-A1P7-01A-21R-A144-07,0.4616496500755547,1
TCGA-BH-A5IZ-01A-11R-A27Q-07,0.5470968278731959,1
TCGA-D8-A1X7-01A-11R-A14M-07,0.552031112085306,0
TCGA-BH-A0DP-01A-21R-A056-07,0.9401034395271409,1
TCGA-AC-A7VB-01A-11R-A352-07,0.3656901386347003,0
TCGA-A2-A0ST-01A-12R-A084-07,0.7166848390415386,1
TCGA-A2-A0ES-01A-11R-A115-07,0.8462150010995791,1
TCGA-BH-A0DT-01A-21R-A12D-07,0.9575341593232348,1
TCGA-AN-A0AR-01A-11R-A00Z-07,0.39070581013882905,1
TCGA-A2-A0YJ-01A-11R-A109-07,0.40192972055544174,0
TCGA-D8-A4Z1-01A-21R-A266-07,0.8852596808625937,0
TCGA-AO-A0JC-01A-11R-A056-07,0.488734979742566,1
TCGA-A2-A04Q-01A-21R-A034-07,0.7492036003484006,0
TCGA-GM-A2DF-01A-11R-A180-07,0.6452207593936653,1
TCGA-GM-A2DI-01A-31R-A18M-07,0.8760474750619489,1
TCGA-LL-A5YO-01A-21R-A28M-07,0.4632798793569128,0
TCGA-EW-A3E8-01B-11R-A24H-07,0.8854411049353381,0
TCGA-BH-A0E9-01B-11R-A115-07,0.9046950673179976,1
TCGA-AR-A1AH-01A-11R-A12D-07,0.4439715758010222,1
TCGA-E2-A10A-01A-21R-A115-07,0.8242918621128081,1
TCGA-C8-A1HF-01A-11R-A137-07,0.5314613119403518,1
TCGA-A7-A13H-01A-11R-A22K-07,0.9165859923498118,1
TCGA-A7-A13F-01A-11R-A12P-07,0.5354950020021007,1
TCGA-D8-A1XV-01A-11R-A14M-07,0.6041810935570251,0
TCGA-E2-A574-01A-11R-A29R-07,0.2968732481688372,1
TCGA-GM-A5PV-01A-11R-A28M-07,0.8409341107373218,1
TCGA-EW-A1PB-01A-11R-A144-07,0.45893942806097926,0
TCGA-E2-A1IO-01A-11R-A144-07,0.8910763230188123,1
TCGA-B6-A0RH-01A-21R-A115-07,0.5429920379859942,1
TCGA-BH-A0B7-01A-12R-A115-07,0.6475974986490248,1
TCGA-C8-A137-01A-11R-A115-07,0.4378086105711585,0
TCGA-LL-A8F5-01A-11R-A36F-07,0.47769260094342325,1
TCGA-AQ-A0Y5-01A-11R-A14M-07,0.7175791284648494,1
TCGA-D8-A13Z-01A-11R-A115-07,0.44204907107789254,0
TCGA-A2-A4RX-01A-11R-A266-07,0.6240492016957472,1
TCGA-AR-A24U-01A-11R-A169-07,0.5374520879062512,1
TCGA-E2-A105-01A-11R-A10J-07,0.624190410783248,1
TCGA-C8-A1HN-01A-11R-A137-07,0.6052547779530787,1
TCGA-BH-A18S-01A-11R-A12D-07,0.7186705088627235,1
TCGA-E2-A14Q-01A-11R-A12D-07,0.9043070209122227,1
TCGA-A7-A0DA-01A-31R-A115-07,0.6781793209927145,1
TCGA-EW-A1P4-01A-21R-A144-07,0.5413591952876964,1
TCGA-A8-A081-01A-11R-A00Z-07,0.5072051620520218,1
TCGA-BH-A0E0-01A-11R-A056-07,0.419597264544572,1
TCGA-OL-A66N-01A-12R-A31O-07,0.587653986977294,0
TCGA-E2-A2P6-01A-11R-A19W-07,0.695597304639546,0
TCGA-BH-A0DK-01A-21R-A056-07,0.869590955274416,1
TCGA-E9-A5UO-01A-11R-A28M-07,0.2997034019944963,1
TCGA-D8-A1JC-01A-11R-A13Q-07,0.7555389417219691,1
TCGA-C8-A134-01A-11R-A115-07,0.6439675384793391,1
TCGA-A2-A3XT-01A-11R-A22U-07,0.5766356627224616,1
TCGA-AR-A256-01A-11R-A169-07,0.5076916973620729,1
TCGA-D8-A1JL-01A-11R-A13Q-07,0.6316067863609921,1
TCGA-E9-A24A-01A-11R-A169-07,0.8178599581558692,1
TCGA-A2-A3XZ-01A-42R-A239-07,0.5336985731231293,1
TCGA-BH-A0BF-01A-21R-A12P-07,0.7117741289678725,1
TCGA-D8-A27F-01A-11R-A16F-07,0.5590259510418264,1
TCGA-A2-A0CY-01A-12R-A034-07,0.2547651958748171,1
TCGA-D8-A27E-01A-11R-A16F-07,0.6745445966005987,0
TCGA-A2-A0EP-01A-52R-A22U-07,0.7183106437944157,1
TCGA-GI-A2C8-01A-11R-A16F-07,0.7436203965659255,1
TCGA-A8-A099-01A-11R-A00Z-07,0.669126725786462,0
TCGA-A2-A04U-01A-11R-A115-07,0.3415286272950884,1
TCGA-BH-A0HP-01A-12R-A084-07,0.9165885202600543,1
TCGA-EW-A2FV-01A-11R-A17B-07,0.7904863959924836,1
TCGA-A2-A0CR-01A-11R-A22K-07,0.5652694749500423,1
TCGA-BH-A0DS-01A-11R-A056-07,0.8888484199131064,1
TCGA-D8-A1XC-01A-11R-A14D-07,0.6086616452944636,1
TCGA-E2-A14O-01A-31R-A115-07,0.39861973387448985,1
TCGA-A1-A0SF-01A-11R-A144-07,0.899300771822182,1
TCGA-A8-A06X-01A-21R-A00Z-07,0.5657368419401028,1
TCGA-BH-A0HI-01A-11R-A084-07,0.937064604423686,1
TCGA-E2-A14U-01A-11R-A22K-07,0.760527327926397,1
TCGA-E2-A15A-01A-11R-A12D-07,0.8271448618465723,0
TCGA-A2-A1G6-01A-11R-A13Q-07,0.33876579207277724,1
TCGA-B6-A1KC-01B-11R-A157-07,0.3099206782897997,1
TCGA-OL-A5RZ-01A-11R-A28M-07,0.22920835590926933,1
TCGA-A8-A07I-01A-11R-A00Z-07,0.5252380462443851,0
TCGA-A2-A0T0-01A-22R-A084-07,0.6650538588252323,1
TCGA-BH-A42V-01A-11R-A24H-07,0.8702697684649997,1
TCGA-GM-A3XN-01A-12R-A22U-07,0.8633154581949902,1
TCGA-D8-A3Z6-01A-11R-A239-07,0.906763701635171,1
TCGA-B6-A0IQ-01A-11R-A034-07,0.46270487277912214,1
TCGA-A8-A095-01A-11R-A00Z-07,0.7959864826075309,1
TCGA-AO-A125-01A-11R-A10J-07,0.5897710495495229,1
TCGA-EW-A6SA-01A-21R-A32P-07,0.3270029888120341,0
TCGA-BH-A0DD-01A-31R-A12P-07,0.6458166457262936,1
TCGA-AO-A0J3-01A-11R-A034-07,0.3508320826272331,0
TCGA-A2-A3XS-01A-11R-A22U-07,0.7419232671721807,0
TCGA-AC-A8OR-01A-21R-A41B-07,0.768711648306977,1
TCGA-BH-A0HK-01A-11R-A056-07,0.7915411315253367,1
TCGA-E2-A1IG-01A-11R-A144-07,0.8592501881259232,1
TCGA-AO-A12B-01A-11R-A10J-07,0.6044787426501431,1
TCGA-EW-A1J5-01A-11R-A13Q-07,0.8505792484149042,1
TCGA-C8-A12Q-01A-11R-A115-07,0.6498178795691975,1
TCGA-A2-A0EQ-01A-11R-A034-07,0.5117483961058987,0
TCGA-GM-A3XL-01A-11R-A22U-07,0.5023265763589643,1
TCGA-BH-A1EU-01A-11R-A137-07,0.7497243697640594,1
TCGA-BH-A0RX-01A-21R-A084-07,0.7152028602777857,1
TCGA-E9-A1RF-01A-11R-A157-07,0.8550274257637824,1
TCGA-AC-A2QI-01A-12R-A19W-07,0.887527411818483,1
TCGA-A8-A090-01A-11R-A00Z-07,0.8456044814815009,0
TCGA-AR-A5QQ-01A-11R-A28M-07,0.37863043561610216,1
TCGA-XX-A899-01A-11R-A36F-07,0.9005465048617404,1
TCGA-E2-A156-01A-11R-A12D-07,0.776245262640259,1
TCGA-AN-A04C-01A-21R-A034-07,0.36013448923291314,0
TCGA-AN-A0AT-01A-11R-A034-07,0.586668109466864,1
TCGA-UL-AAZ6-01A-11R-A41B-07,0.5447847902492323,1
TCGA-D8-A1X9-01A-12R-A157-07,0.8099005150822415,1
TCGA-E9-A22E-01A-11R-A157-07,0.5356916883906074,1
TCGA-BH-A1FB-01A-11R-A13Q-07,0.8862250090316995,1
TCGA-C8-A8HR-01A-11R-A36F-07,0.7515078307069921,1
TCGA-EW-A2FR-01A-11R-A21T-07,0.6305672317871429,1
TCGA-AN-A0AJ-01A-11R-A00Z-07,0.6041528628345855,1
TCGA-LD-A7W6-01A-81R-A352-07,0.9154122444724018,1
TCGA-BH-A0B6-01A-11R-A19W-07,0.7449778161170992,1
TCGA-AR-A252-01A-11R-A169-07,0.6745222638269819,1
TCGA-AR-A254-01A-21R-A169-07,0.5540313545808423,1
TCGA-AO-A03P-01A-11R-A00Z-07,0.526204246509503,1
TCGA-A8-A07O-01A-11R-A00Z-07,0.49321204631886406,0
TCGA-EW-A1PE-01A-11R-A144-07,0.8583879889372124,0
TCGA-AR-A2LL-01A-11R-A180-07,0.6972748017534466,1
TCGA-A7-A26H-01A-11R-A169-07,0.8861764336060189,1
TCGA-C8-A26Z-01A-11R-A16F-07,0.7649965433193245,1
TCGA-AO-A0J9-01A-11R-A034-07,0.8219464406428459,1
TCGA-EW-A1PF-01A-11R-A144-07,0.9026833493220658,1
TCGA-A2-A25F-01A-11R-A169-07,0.510308194106568,1
TCGA-D8-A73W-01A-22R-A352-07,0.8368870906446725,1
TCGA-AR-A2LJ-01A-12R-A19W-07,0.7071641096342429,0
TCGA-A8-A07C-01A-11R-A034-07,0.36901317118117194,1
TCGA-E9-A245-01A-22R-A16F-07,0.7416577470724346,0
TCGA-B6-A408-01A-12R-A24H-07,0.8284815721998846,0
TCGA-AR-A255-01A-11R-A169-07,0.8874956760774001,0
TCGA-E2-A1L6-01A-11R-A13Q-07,0.9514847158607876,0
TCGA-E9-A295-01A-11R-A16F-07,0.8794163792972494,1
TCGA-BH-A1FE-01A-11R-A13Q-07,0.7841057193758076,0
TCGA-BH-A1FM-01A-11R-A13Q-07,0.2967960413095429,0
TCGA-OL-A5RU-01A-11R-A28M-07,0.8868097161258395,1
TCGA-C8-A1HO-01A-11R-A13Q-07,0.6086884680707199,0
TCGA-GM-A2DO-01A-11R-A18M-07,0.4266559132786053,0
TCGA-AN-A0FZ-01A-11R-A034-07,0.7137095406551853,1
TCGA-D8-A1JN-01A-11R-A13Q-07,0.5541628733166114,1
TCGA-OL-A6VO-01A-12R-A33J-07,0.5316862178543466,0
TCGA-AN-A0FV-01A-11R-A00Z-07,0.43193864187441505,1
TCGA-D8-A1J9-01A-11R-A13Q-07,0.5769982158036001,1
TCGA-B6-A0IB-01A-11R-A034-07,0.5365912714546788,1
TCGA-A8-A06R-01A-11R-A00Z-07,0.6096923257090733,0
TCGA-AR-A24H-01A-11R-A169-07,0.4976719769379666,1
TCGA-E2-A109-01A-11R-A10J-07,0.6477678378936397,1
TCGA-AR-A5QN-01A-12R-A28M-07,0.9179162618383782,1
TCGA-A2-A0EX-01A-21R-A034-07,0.9050176134602678,1
TCGA-C8-A12N-01A-11R-A115-07,0.9301325559711074,1
TCGA-A2-A259-01A-11R-A16F-07,0.8379494050187114,1
TCGA-AO-A12A-01A-21R-A115-07,0.9477220052289141,0
TCGA-A7-A3RF-01A-11R-A22K-07,0.4699033808967768,1
TCGA-AN-A0FS-01A-11R-A034-07,0.9269227562005569,1
TCGA-C8-A26W-01A-11R-A16F-07,0.7262822503536941,1
TCGA-E9-A1RC-01A-11R-A157-07,0.689428184014163,1
TCGA-E2-A1B0-01A-11R-A12P-07,0.5001973027077107,1
TCGA-AO-A126-01A-11R-A10J-07,0.8069310674274641,1
TCGA-AC-A4ZE-01A-11R-A41B-07,0.7157729817482245,0
TCGA-E9-A229-01A-31R-A157-07,0.926291223860218,1
TCGA-EW-A1P1-01A-31R-A14D-07,0.5553032833754405,0
TCGA-BH-AB28-01A-31R-A41B-07,0.8775466317826127,1
TCGA-A8-A08P-01A-11R-A00Z-07,0.8516761612444296,0
TCGA-EW-A1IX-01A-12R-A144-07,0.8986271730906013,0
TCGA-LL-A73Z-01A-11R-A32P-07,0.735373297669053,0
TCGA-E9-A1R7-01A-11R-A14M-07,0.3655810620349181,1
TCGA-BH-A1F2-01A-31R-A13Q-07,0.37064763267835193,0
TCGA-A8-A0A6-01A-12R-A056-07,0.899437620169735,1
TCGA-A1-A0SE-01A-11R-A084-07,0.9591353484928413,1
TCGA-E9-A1NG-01A-21R-A14M-07,0.8504739594662887,1
TCGA-B6-A1KF-01A-11R-A13Q-07,0.3997746243400613,1
TCGA-BH-A0EE-01A-11R-A034-07,0.1961269195945117,1
TCGA-BH-A0BD-01A-11R-A034-07,0.6964761505272047,1
TCGA-OL-A5RY-01A-21R-A28M-07,0.5370764092028214,1
TCGA-E9-A1RD-01A-11R-A157-07,0.8712722306421893,1
TCGA-AR-A24K-01A-11R-A169-07,0.48571129455761597,1
TCGA-BH-A0BP-01A-11R-A115-07,0.8725828163075166,1
TCGA-C8-A130-01A-31R-A115-07,0.6899452466765477,1
TCGA-B6-A0RG-01A-11R-A056-07,0.7636538120138113,1
TCGA-E9-A1NA-01A-11R-A144-07,0.6250763156481234,1
TCGA-A8-A0A2-01A-11R-A034-07,0.8759144952271497,0
TCGA-E2-A14V-01A-11R-A12D-07,0.5199704837899207,0
TCGA-E2-A1LL-01A-11R-A144-07,0.37130050438811574,1
TCGA-AR-A24M-01A-11R-A169-07,0.7986254630608527,1
TCGA-A8-A0AB-01A-11R-A034-07,0.7358995652794913,1
TCGA-C8-A1HL-01A-11R-A137-07,0.683336706789838,1
TCGA-OL-A66P-01A-11R-A31O-07,0.2217719848749723,0
TCGA-OL-A66K-01A-11R-A29R-07,0.8527559862585318,1
TCGA-BH-A0HF-01A-11R-A056-07,0.9318937722753452,1
TCGA-AN-A03X-01A-21R-A00Z-07,0.818747261012687,1
TCGA-A2-A1FV-01A-11R-A13Q-07,0.5403412339190022,1
TCGA-E9-A3HO-01A-11R-A213-07,0.4464914100577152,1
TCGA-A2-A0YE-01A-11R-A109-07,0.5142265791025682,1
TCGA-A1-A0SP-01A-11R-A084-07,0.6468198368976991,1
TCGA-AO-A0J7-01A-11R-A034-07,0.5649058320876251,1
TCGA-C8-A3M7-01A-12R-A21T-07,0.8277244267753607,1
TCGA-A2-A0YG-01A-21R-A109-07,0.5856004737115483,1
TCGA-E2-A14Y-01A-21R-A12D-07,0.3982259794832897,1
TCGA-EW-A424-01A-11R-A24H-07,0.8279572585776982,1
TCGA-D8-A141-01A-11R-A115-07,0.9161628312306053,1
TCGA-C8-A1HJ-01A-11R-A13Q-07,0.358040962097128,1
TCGA-C8-A12O-01A-11R-A115-07,0.8249898953537489,0
TCGA-LL-A442-01A-11R-A24H-07,0.6824603381251373,1
TCGA-C8-A12Z-01A-11R-A115-07,0.4513122667678762,1
TCGA-EW-A1OX-01A-11R-A144-07,0.3116755565510077,0
TCGA-E9-A1RG-01A-11R-A14D-07,0.4108279126947516,1
TCGA-AQ-A1H2-01A-11R-A13Q-07,0.6522102746139092,0
TCGA-AR-A24Q-01A-12R-A169-07,0.6555451334292519,1
TCGA-A8-A09K-01A-11R-A00Z-07,0.5777988330841037,1
TCGA-BH-A0W7-01A-11R-A115-07,0.9151555994970184,1
TCGA-BH-A0H0-01A-11R-A056-07,0.3851675446883708,0
TCGA-AO-A0JD-01A-11R-A056-07,0.4916197249405944,1
TCGA-A2-A4RW-01A-21R-A266-07,0.8366570506066432,1
TCGA-C8-A12U-01A-11R-A115-07,0.3985126711154951,1
TCGA-C8-A12V-01A-11R-A115-07,0.7022303450388527,1
TCGA-E9-A1NC-01A-21R-A26B-07,0.6542422742937892,1
TCGA-AO-A12G-01A-11R-A10J-07,0.8363985978152522,0
TCGA-S3-AA11-01A-31R-A41B-07,0.8463018261667717,1
TCGA-BH-A0HQ-01A-11R-A034-07,0.9406686696239266,1
TCGA-AO-A03L-01A-41R-A056-07,0.7675319126346483,1
TCGA-C8-A1HM-01A-12R-A137-07,0.5229300612637121,1
TCGA-D8-A146-01A-31R-A115-07,0.9469229845695112,0
TCGA-A2-A0EV-01A-11R-A034-07,0.8706977980710112,1
TCGA-E2-A154-01A-11R-A115-07,0.8883821905002284,1
TCGA-E2-A1LE-01A-12R-A19W-07,0.5399032875372288,1
TCGA-E9-A1R5-01A-11R-A14M-07,0.7628926775179223,1
TCGA-AC-A3EH-01A-22R-A22K-07,0.8315085494219797,1
TCGA-C8-A12Y-01A-11R-A12D-07,0.765894786780106,1
TCGA-BH-A0E2-01A-11R-A056-07,0.8209871187398002,0
TCGA-D8-A1XG-01A-11R-A14D-07,0.7357598171402624,1
TCGA-OL-A5DA-01A-11R-A27Q-07,0.8444650219670916,1
TCGA-AC-A3HN-01A-11R-A213-07,0.9570376113394699,1
TCGA-B6-A0RP-01A-21R-A084-07,0.8991763814233644,1
TCGA-3C-AALI-01A-11R-A41B-07,0.42342694063778435,1
TCGA-D8-A1Y2-01A-11R-A157-07,0.6666318374254986,0
TCGA-S3-AA15-01A-11R-A41B-07,0.6665557650094592,1
TCGA-BH-A0W5-01A-11R-A109-07,0.9307489210316349,1
TCGA-A8-A097-01A-11R-A034-07,0.772161676097031,1
TCGA-AO-A12D-01A-11R-A115-07,0.5995816171475408,1
TCGA-AN-A04A-01A-21R-A034-07,0.8199422213678932,1
TCGA-E2-A1B4-01A-11R-A12P-07,0.7740659969791723,1
TCGA-A8-A09R-01A-11R-A00Z-07,0.6730335520681662,1
TCGA-XX-A89A-01A-11R-A36F-07,0.8348280298034402,1
TCGA-AR-A24O-01A-11R-A169-07,0.8979413220584611,1
TCGA-E2-A1LG-01A-21R-A14M-07,0.293104050369568,1
TCGA-AC-A8OS-01A-12R-A41B-07,0.8362601927675474,1
TCGA-HN-A2NL-01A-11R-A18M-07,0.36046185515120566,0
TCGA-E9-A1N6-01A-11R-A144-07,0.7215227369100655,0
TCGA-E2-A10C-01A-21R-A10J-07,0.5168567084433535,1
TCGA-BH-A0AU-01A-11R-A12P-07,0.7361322180448012,0
TCGA-A2-A0EW-01A-21R-A115-07,0.8957456139680119,1
TCGA-A8-A07B-01A-11R-A00Z-07,0.6319236093101004,1
TCGA-E2-A15K-01A-11R-A12P-07,0.6988200456975554,1
TCGA-EW-A6S9-01A-22R-A33J-07,0.8328995518598443,0
TCGA-AC-A3W5-01A-11R-A22K-07,0.663718243374854,1
TCGA-BH-A0AV-01A-31R-A115-07,0.5998474159112173,1
TCGA-A2-A0T7-01A-21R-A084-07,0.9052113934731233,0
TCGA-AO-A03V-01A-11R-A115-07,0.778109464698448,1
TCGA-BH-A0DZ-01A-11R-A00Z-07,0.6819732382369437,1
TCGA-AN-A041-01A-11R-A034-07,0.7962364075276741,0
TCGA-B6-A0I5-01A-11R-A034-07,0.7214862030316277,1
TCGA-BH-A0BM-01A-11R-A056-07,0.8016117455632272,1
TCGA-BH-A0GZ-01A-11R-A056-07,0.887050403242484,1
TCGA-LL-A5YN-01A-11R-A28M-07,0.5978152522326163,1
TCGA-B6-A0RM-01A-11R-A084-07,0.7434000478719439,0
TCGA-A2-A4S3-01A-21R-A266-07,0.5746368461488509,1
TCGA-BH-A201-01A-11R-A14M-07,0.8646815155720589,1
TCGA-A2-A0SV-01A-11R-A084-07,0.6691681435189191,0
TCGA-A8-A07L-01A-11R-A00Z-07,0.6244099422791098,1
TCGA-AR-A2LN-01A-21R-A18M-07,0.8110461935788985,0
TCGA-C8-A278-01A-11R-A169-07,0.5741442969787256,1
TCGA-A2-A0CM-01A-31R-A034-07,0.7225311916299592,1
TCGA-C8-A1HE-01A-11R-A13Q-07,0.8672835343252897,1
TCGA-LL-A7T0-01A-31R-A352-07,0.5341956517292716,0
TCGA-B6-A0WT-01A-11R-A109-07,0.8773045694257328,1
TCGA-OL-A5D6-01A-21R-A27Q-07,0.4611115416702056,1
TCGA-E2-A14S-01A-11R-A12D-07,0.6264728973573014,0
TCGA-AQ-A1H3-01A-31R-A13Q-07,0.9334747832890404,1
TCGA-BH-A1F8-01A-11R-A13Q-07,0.3370544059130511,1
TCGA-A8-A0AD-01A-11R-A056-07,0.8342705138949124,1
TCGA-GM-A2DA-01A-11R-A18M-07,0.7676627458261226,1
TCGA-A2-A0T5-01A-21R-A084-07,0.8944521446951665,1
TCGA-A8-A09M-01A-11R-A00Z-07,0.7104975637112813,1
TCGA-B6-A0X1-01A-11R-A109-07,0.4868788170701468,0
TCGA-AN-A0XU-01A-11R-A109-07,0.6281994639532353,1
TCGA-BH-A1EV-01A-11R-A137-07,0.49601547743454183,1
TCGA-EW-A1OZ-01A-11R-A144-07,0.5168546835838821,1
TCGA-C8-A12X-01A-11R-A115-07,0.6791062721801355,1
TCGA-JL-A3YX-01A-11R-A22U-07,0.8041554219571466,1
TCGA-OL-A5D7-01A-11R-A27Q-07,0.3696423319706517,1
TCGA-E2-A1IK-01A-11R-A144-07,0.8122066836442343,0
TCGA-A2-A0CW-01A-21R-A115-07,0.49369049318942626,0
TCGA-A2-A0ET-01A-31R-A034-07,0.5402888826648501,1
TCGA-B6-A400-01A-11R-A239-07,0.6889865011387215,1
