sample_id,score,y_member
TCGA-E2-A158-01A-11R-A12D-07,0.8904522539405164,1
TCGA-AO-A1KO-01A-31R-A13Q-07,0.9641637633408576,1
TCGA-AR-A0TX-01A-11R-A084-07,0.2399596167650239,0
TCGA-D8-A1XB-01A-11R-A14D-07,0.6905467356244674,1
TCGA-B6-A0IG-01A-11R-A034-07,0.7075733095473394,1
TCGA-AC-A5EH-01A-11R-A28M-07,0.826113253274069,1
TCGA-LL-A7SZ-01A-32R-A352-07,0.9332016612512185,1
TCGA-A7-A26J-01A-11R-A169-07,0.6714872853254125,1
TCGA-E9-A22H-01A-11R-A157-07,0.6994539803591333,1
TCGA-BH-A208-01A-11R-A157-07,0.8563751358136533,1
TCGA-BH-A6R9-01A-21R-A32P-07,0.6172651881430978,1
TCGA-OL-A5S0-01A-11R-A28M-07,0.677985444194307,1
TCGA-A1-A0SD-01A-11R-A115-07,0.5948709201950558,1
TCGA-AO-A0JB-01A-11R-A32Y-07,0.9966416224752501,1
TCGA-E2-A1BD-01A-11R-A12P-07,0.6437884883999359,1
TCGA-AN-A0AS-01A-11R-A00Z-07,0.7929210130370696,1
TCGA-A7-A13G-01A-11R-A13Q-07,0.9639106071920334,1
TCGA-B6-A0RS-01A-11R-A084-07,0.7658567698144014,1
TCGA-A2-A4S0-01A-21R-A266-07,0.2871979080220389,0
TCGA-BH-A1F5-01A-12R-A13Q-07,0.8892576813169555,1
TCGA-A2-A0CX-01A-21R-A00Z-07,0.7423504613567569,1
TCGA-A7-A13D-01A-13R-A12P-07,0.16566408978947514,0
TCGA-AN-A03Y-01A-21R-A00Z-07,0.695576743969435,1
TCGA-E9-A1ND-01A-11R-A144-07,0.36551325074311297,0
TCGA-EW-A1P5-01A-11R-A144-07,0.6345387044954751,1
TCGA-EW-A423-01A-11R-A24H-07,0.7400478213563597,1
TCGA-A7-A5ZV-01A-11R-A28M-07,0.9012326634922705,1
TCGA-C8-A8HP-01A-11R-A36F-07,0.42454254154480614,1
TCGA-AQ-A54O-01A-11R-A266-07,0.9782654300544585,1
TCGA-E9-A5FK-01A-11R-A27Q-07,0.7003602356453894,1
TCGA-D8-A142-01A-11R-A115-07,0.7839085853815029,1
TCGA-BH-A0BC-01A-22R-A084-07,0.7091309535322506,1
TCGA-A2-A0EY-01A-11R-A034-07,0.7649456757209372,1
TCGA-D8-A1J8-01A-11R-A13Q-07,0.934851014295818,1
TCGA-A8-A06Y-01A-21R-A00Z-07,0.3967227310312573,0
TCGA-EW-A1J1-01A-11R-A13Q-07,0.7836239952599973,1
TCGA-BH-A0C0-01A-21R-A056-07,0.5785607737603919,0
TCGA-AC-A2FK-01A-12R-A180-07,0.1424030653319109,0
TCGA-A2-A3XV-01A-21R-A239-07,0.40447570244271164,0
TCGA-BH-A0HB-01A-11R-A056-07,0.7680447674470832,1
TCGA-AN-A0XL-01A-11R-A10J-07,0.7127406973663548,1
TCGA-E2-A10B-01A-11R-A10J-07,0.6339354564660852,1
TCGA-A2-A04X-01A-21R-A034-07,0.8286920688160596,1
TCGA-AR-A1AN-01A-11R-A12P-07,0.6764792927864132,1
TCGA-A2-A0EM-01A-11R-A034-07,0.4515527758216825,0
TCGA-B6-A0WS-01A-11R-A115-07,0.6393082801206038,1
TCGA-D8-A1XD-01A-11R-A14D-07,0.7060647000274202,1
TCGA-A8-A091-01A-11R-A00Z-07,0.779802798856116,1
TCGA-E9-A2JS-01A-11R-A180-07,0.2918683962595621,0
TCGA-A2-A1G1-01A-21R-A13Q-07,0.8233897042449789,1
TCGA-E9-A22B-01A-11R-A157-07,0.333559071922625,0
TCGA-D8-A27G-01A-11R-A16F-07,0.6364749840044017,1
TCGA-A7-A13E-01A-11R-A12P-07,0.5703788615178719,1
TCGA-BH-A0AY-01A-21R-A00Z-07,0.486015907766164,0
TCGA-E2-A1L7-01A-11R-A144-07,0.6668770341978904,1
TCGA-AN-A046-01A-21R-A034-07,0.35608105752082136,0
TCGA-AN-A0AL-01A-11R-A00Z-07,0.2374180625760968,0
TCGA-D8-A27K-01A-11R-A16F-07,0.8194559602808572,1
TCGA-BH-A0DO-01B-11R-A12D-07,0.40489076607275304,0
TCGA-A7-A4SB-01A-21R-A266-07,0.4226785711246491,0
TCGA-EW-A6SB-01A-12R-A32P-07,0.5431955313758191,1
TCGA-D8-A1JM-01A-11R-A13Q-07,0.8292391678016372,1
TCGA-OL-A66J-01A-11R-A29R-07,0.6890123075036818,1
TCGA-D8-A13Y-01A-11R-A115-07,0.9524048137783317,1
TCGA-AR-A24N-01A-11R-A169-07,0.7311665988968108,1
TCGA-BH-A0B1-01A-12R-A056-07,0.6412230834761077,1
TCGA-B6-A0RN-01A-12R-A084-07,0.669272060629875,1
TCGA-A2-A0T1-01A-21R-A084-07,0.7368178120816832,1
TCGA-AN-A0AM-01A-11R-A034-07,0.8265895794520496,1
TCGA-E2-A1LA-01A-11R-A144-07,0.4783010361247875,0
TCGA-JL-A3YW-01A-12R-A239-07,0.4004291410284639,0
TCGA-BH-A0H3-01A-11R-A12P-07,0.7699626946728293,1
TCGA-E2-A1IF-01A-11R-A144-07,0.6580870526304877,1
TCGA-C8-A26X-01A-31R-A16F-07,0.7580089191566877,1
TCGA-A8-A09B-01A-11R-A00Z-07,0.44348236974650707,0
TCGA-A7-A26G-01A-21R-A169-07,0.965415347700664,1
TCGA-AC-A2FE-01A-11R-A19W-07,0.6880629689220296,1
TCGA-A8-A08G-01A-11R-A00Z-07,0.14157076080501133,0
TCGA-AN-A0FJ-01A-11R-A00Z-07,0.7958810915770954,1
TCGA-B6-A0RV-01A-11R-A084-07,0.5836818690548831,1
TCGA-B6-A0WV-01A-11R-A109-07,0.5430120495771648,1
TCGA-A8-A07P-01A-11R-A00Z-07,0.6153158716280198,1
TCGA-A8-A08H-01A-21R-A00Z-07,0.7567031983757205,1
TCGA-AR-A0TW-01A-11R-A084-07,0.7972780416877839,1
TCGA-E2-A15F-01A-11R-A115-07,0.5265534442135144,1
TCGA-B6-A0WX-01A-11R-A109-07,0.8264186995435674,1
TCGA-D8-A1Y1-01A-21R-A14M-07,0.5779778120528419,1
TCGA-E2-A14Z-01A-11R-A115-07,0.40598941969591656,0
TCGA-A2-A25A-01A-12R-A16F-07,0.05345069541538435,0
TCGA-A2-A0CT-01A-31R-A056-07,0.7654124808040702,1
TCGA-HN-A2OB-01A-21R-A27Q-07,0.4202744734183586,0
TCGA-B6-A0RT-01A-21R-A084-07,0.5491049780391478,1
TCGA-AR-A24T-01A-11R-A169-07,0.8040664695946459,1
TCGA-E9-A1R0-01A-22R-A16F-07,0.6394275746330803,1
TCGA-E9-A5FL-01A-11R-A27Q-07,0.9191476488490573,1
TCGA-E2-A3DX-01A-21R-A213-07,0.7857603461054407,1
TCGA-E2-A14T-01A-11R-A115-07,0.7127032850234316,1
TCGA-A2-A4RY-01A-31R-A266-07,0.11285977001604047,1
TCGA-AR-A2LK-01A-11R-A180-07,0.38793805892810634,1
TCGA-BH-A42U-01A-12R-A24H-07,0.30864690512770954,1
TCGA-AO-A12C-01A-11R-A10J-07,0.5630611221918228,0
TCGA-A2-A3XY-01A-11R-A239-07,0.681103309945356,1
TCGA-D8-A73X-01A-11R-A32P-07,0.6304770067875441,1
TCGA-AR-A2LO-01A-31R-A18M-07,0.7461702112757922,1
TCGA-AO-A0JJ-01A-11R-A056-07,0.3531737644317551,0
TCGA-LD-A74U-01A-13R-A33J-07,0.5459428865548918,1
TCGA-AN-A0XN-01A-21R-A109-07,0.8078351087469833,1
TCGA-E2-A107-01A-11R-A10J-07,0.6675221578345665,1
TCGA-A7-A6VV-01A-22R-A33J-07,0.6783358583617883,1
TCGA-AC-A5XS-01A-11R-A29R-07,0.6772736607642983,1
TCGA-BH-A0H6-01A-21R-A056-07,0.7130574555132019,1
TCGA-AC-A23C-01A-12R-A169-07,0.7788080456566381,1
TCGA-E9-A1NH-01A-11R-A14D-07,0.6288747988826828,1
TCGA-D8-A1XW-01A-11R-A14M-07,0.9763125725280136,1
TCGA-AO-A0JG-01A-31R-A084-07,0.4290006449078441,0
TCGA-BH-A18N-01A-11R-A12D-07,0.6372946705100103,1
TCGA-A1-A0SO-01A-22R-A084-07,0.6315568684793672,0
TCGA-BH-A0B5-01A-11R-A12P-07,0.511059532139897,0
TCGA-A8-A09T-01A-11R-A00Z-07,0.7003456030446348,1
TCGA-BH-A0BR-01A-21R-A115-07,0.8378281469343138,1
TCGA-D8-A27W-01A-11R-A16F-07,0.4881899178434487,1
TCGA-BH-A0BW-01A-11R-A115-07,0.9299740458185359,1
TCGA-GM-A2DB-01A-31R-A18M-07,0.3078550135641882,0
TCGA-AC-A2QH-01A-11R-A18M-07,0.9785810277157304,1
TCGA-D8-A1JB-01A-11R-A13Q-07,0.677593686444437,1
TCGA-BH-A1ES-01A-11R-A137-07,0.6614584967220715,1
TCGA-OL-A97C-01A-32R-A41B-07,0.5817623977066452,1
TCGA-A2-A0YF-01A-21R-A109-07,0.710599876416996,1
TCGA-D8-A1XS-01A-11R-A14M-07,0.4581214211191158,1
TCGA-D8-A140-01A-11R-A115-07,0.6582729658318438,1
TCGA-A8-A09Q-01A-11R-A00Z-07,0.7025613256600163,1
TCGA-B6-A0I1-01A-11R-A21T-07,0.7273689038132491,1
TCGA-AO-A0JE-01A-11R-A056-07,0.9125941203834919,1
TCGA-A2-A1FW-01A-11R-A13Q-07,0.8351508516076351,1
TCGA-D8-A1XY-01A-11R-A14M-07,0.6787280388841571,1
TCGA-A2-A04R-01A-41R-A109-07,0.11265743296925547,0
TCGA-A2-A1FX-01A-11R-A13Q-07,0.5459445086793588,1
TCGA-A8-A07W-01A-11R-A00Z-07,0.6137777229963259,1
TCGA-D8-A1XK-01A-21R-A14M-07,0.7908037081022461,1
TCGA-D8-A3Z5-01A-41R-A24H-07,0.7803456207615853,1
TCGA-LL-A5YM-01A-11R-A28M-07,0.9726263340796903,1
TCGA-B6-A0IJ-01A-11R-A034-07,0.1037302652104396,0
TCGA-A8-A06N-01A-11R-A00Z-07,0.7558147110353036,1
TCGA-GM-A2DM-01A-11R-A180-07,0.49108635909580906,1
TCGA-E2-A15D-01A-11R-A115-07,0.6854751873639919,1
TCGA-B6-A1KI-01A-11R-A14M-07,0.6372964553462254,1
TCGA-D8-A1JS-01A-11R-A13Q-07,0.5591328901709788,1
TCGA-PE-A5DD-01A-12R-A27Q-07,0.7135373492347201,1
TCGA-BH-A0BG-01A-11R-A115-07,0.7065003779256955,1
TCGA-LL-A6FQ-01A-11R-A31O-07,0.6855306473389483,0
TCGA-E2-A1IN-01A-11R-A13Q-07,0.5034149325825884,1
TCGA-A8-A06T-01A-11R-A00Z-07,0.6310504557390036,1
TCGA-B6-A402-01A-11R-A239-07,0.6303412767576616,1
TCGA-E2-A9RU-01A-11R-A41B-07,0.9246137391147153,1
TCGA-A2-A3XW-01A-11R-A239-07,0.9835688933952498,1
TCGA-B6-A0RU-01A-11R-A084-07,0.18232804499237124,0
TCGA-A8-A086-01A-11R-A00Z-07,0.6517513849184806,1
TCGA-B6-A40C-01A-11R-A239-07,0.7746670019514531,1
TCGA-D8-A1JF-01A-11R-A13Q-07,0.8084298916411706,1
TCGA-A2-A0T6-01A-11R-A084-07,0.7126753941960349,1
TCGA-BH-A1FG-01A-11R-A13Q-07,0.44629110961818974,0
TCGA-GM-A3NY-01A-11R-A21T-07,0.806077787430448,1
TCGA-AN-A0AK-01A-21R-A00Z-07,0.6508030897057181,1
TCGA-BH-A1FC-01A-11R-A13Q-07,0.5171857489093656,1
TCGA-E9-A227-01A-11R-A157-07,0.5507023326096419,1
TCGA-BH-A18P-01A-11R-A12D-07,0.9602875532950179,1
TCGA-E2-A15R-01A-11R-A115-07,0.8816694134419233,1
TCGA-BH-A0WA-01A-11R-A109-07,0.26003696173683183,0
TCGA-BH-A42T-01A-11R-A24H-07,0.8816512636656569,1
TCGA-AC-A23H-01A-11R-A157-07,0.7346288717093442,1
TCGA-OL-A66I-01A-21R-A29R-07,0.6092658990742353,1
TCGA-S3-AA17-01A-11R-A41B-07,0.8749818746409231,1
TCGA-AR-A1AL-01A-21R-A12P-07,0.6036694861216807,0
TCGA-AC-A2B8-01A-11R-A17B-07,0.6879955422981787,1
TCGA-D8-A1XO-01A-11R-A14M-07,0.7304821454578868,1
TCGA-C8-A26Y-01A-11R-A16F-07,0.7234921395713858,1
TCGA-BH-A0DG-01A-21R-A12P-07,0.6417951364983483,1
TCGA-E9-A243-01A-21R-A169-07,0.9408075699929475,1
TCGA-A2-A04W-01A-31R-A115-07,0.6264794943586457,1
TCGA-A8-A09G-01A-21R-A00Z-07,0.7609741685646734,1
TCGA-BH-A0DI-01A-21R-A12P-07,0.723768017354588,1
TCGA-E2-A152-01A-11R-A12D-07,0.8689762814402283,1
TCGA-AQ-A7U7-01A-22R-A352-07,0.6994909269201268,1
TCGA-BH-A0BZ-01A-31R-A12P-07,0.6029915056600565,1
TCGA-EW-A1OV-01A-11R-A144-07,0.7789221483897748,1
TCGA-A8-A0A7-01A-11R-A00Z-07,0.8411414875281757,1
TCGA-BH-A1EN-01A-11R-A13Q-07,0.7361475034739893,1
TCGA-E2-A1IE-01A-11R-A13Q-07,0.6394474522945269,1
TCGA-BH-A0HW-01A-11R-A034-07,0.7260018083821825,1
TCGA-BH-A0BJ-01A-11R-A056-07,0.6007838624778558,1
TCGA-AO-A03N-01B-11R-A10J-07,0.9041806889186136,1
TCGA-EW-A1P3-01A-11R-A144-07,0.5540479405411388,1
TCGA-B6-A0I2-01A-11R-A034-07,0.36114609672879777,0
TCGA-EW-A1PD-01A-11R-A144-07,0.7136732726726447,1
TCGA-B6-A0IH-01A-11R-A115-07,0.5298911667462329,0
TCGA-E2-A15M-01A-11R-A12D-07,0.8143258450453601,1
TCGA-BH-A0H9-01A-11R-A056-07,0.5264210106709177,0
TCGA-BH-A0HL-01A-11R-A10U-07,0.5332309397572487,0
TCGA-A8-A07G-01A-11R-A034-07,0.6066775018766634,1
TCGA-E2-A1IL-01A-11R-A14D-07,0.6300905975921072,1
TCGA-AR-A0U4-01A-11R-A109-07,0.7347213076384165,1
TCGA-D8-A147-01A-11R-A115-07,0.7609171398718951,1
TCGA-BH-A0HY-01A-11R-A056-07,0.8414276983737865,1
TCGA-D8-A1XT-01A-11R-A14M-07,0.46668071293715774,0
TCGA-E2-A14W-01A-11R-A12D-07,0.6292467238386142,1
TCGA-E9-A1RB-01A-11R-A157-07,0.850747680146452,1
TCGA-LL-A5YL-01A-12R-A29R-07,0.7768582993796211,0
TCGA-WT-AB41-01A-11R-A41B-07,0.9087548270418336,1
TCGA-A8-A09Z-01A-11R-A00Z-07,0.4904783980855039,0
TCGA-AN-A0FX-01A-11R-A034-07,0.6742455364342856,1
TCGA-B6-A409-01A-11R-A24H-07,0.7207997201021371,1
TCGA-EW-A1PG-01A-11R-A144-07,0.8986680345628053,1
TCGA-OL-A6VR-01A-32R-A33J-07,0.673842329520902,1
TCGA-BH-A1FN-01A-11R-A13Q-07,0.7820548270196344,1
TCGA-AR-A2LR-01A-12R-A18M-07,0.7184747160646405,1
TCGA-A7-A5ZX-01A-12R-A29R-07,0.7849016702627399,1
TCGA-LL-A73Y-01A-11R-A33J-07,0.9463695153671898,1
TCGA-A2-A25D-01A-12R-A16F-07,0.29581936554757565,0
TCGA-BH-A0C7-01B-11R-A115-07,0.6186027015605359,1
TCGA-E2-A570-01A-11R-A29R-07,0.6463800785054635,1
TCGA-BH-A1FL-01A-11R-A13Q-07,0.6419001060270425,1
TCGA-A1-A0SG-01A-11R-A144-07,0.7577400170434926,1
TCGA-A8-A07U-01A-11R-A034-07,0.16349222947654535,0
TCGA-E2-A15L-01A-11R-A12D-07,0.6779635980881353,1
TCGA-E9-A1R4-01A-21R-A14D-07,0.29093667540887397,0
TCGA-AR-A0TS-01A-11R-A115-07,0.7724521847714475,1
TCGA-E2-A10F-01A-11R-A10J-07,0.7144897576169466,1
TCGA-AO-A128-01A-11R-A10J-07,0.8324849008001206,1
TCGA-AR-A0U3-01A-11R-A109-07,0.7668015156737518,1
TCGA-BH-A0DL-01A-11R-A115-07,0.7443881045156124,1
TCGA-A7-A0D9-01A-31R-A056-07,0.7680528789482428,1
TCGA-AN-A0FD-01A-11R-A034-07,0.7144144464175307,1
TCGA-A2-A0YK-01A-22R-A109-07,0.5630073395815914,1
TCGA-BH-A1FH-01A-12R-A13Q-07,0.8581074817748585,1
TCGA-C8-A12T-01A-11R-A115-07,0.7663854960708109,1
TCGA-B6-A2IU-01A-32R-A18M-07,0.6141201270476098,1
TCGA-4H-AAAK-01A-12R-A41B-07,0.7432960780406876,1
TCGA-E2-A1IU-01A-11R-A14D-07,0.29806480615988995,0
TCGA-3C-AALK-01A-11R-A41B-07,0.6734951074002045,1
TCGA-D8-A27M-01A-11R-A16F-07,0.7943470255382239,1
TCGA-E2-A56Z-01A-12R-A29R-07,0.614754659640054,1
TCGA-AO-A1KQ-01A-11R-A13Q-07,0.7779602837541204,1
TCGA-AR-A2LE-01A-11R-A180-07,0.7433363655497817,1
TCGA-E2-A1BC-01A-11R-A12P-07,0.625192742110792,1
TCGA-BH-A0E6-01A-11R-A034-07,0.7249442464600431,1
TCGA-AO-A0J2-01A-11R-A034-07,0.4782906599150737,1
TCGA-A7-A6VX-01A-12R-A33J-07,0.31636422367306183,0
TCGA-E2-A1LI-01A-12R-A157-07,0.11604190519848473,0
TCGA-AR-A1AT-01A-11R-A12P-07,0.8105398352995958,1
TCGA-A7-A426-01A-22R-A24H-07,0.800736692167061,1
TCGA-A2-A25C-01A-11R-A169-07,0.8141922693738697,1
TCGA-B6-A0RL-01A-11R-A084-07,0.716019105463717,1
TCGA-OK-A5Q2-01A-11R-A27Q-07,0.7721029688902328,1
TCGA-E9-A244-01A-11R-A169-07,0.5721787814409083,1
TCGA-E9-A1R6-01A-11R-A14D-07,0.6372813515867817,1
TCGA-BH-A8G0-01A-11R-A352-07,0.6090537266736136,1
TCGA-EW-A1IZ-01A-11R-A13Q-07,0.42702932485591955,0
TCGA-AO-A0J5-01A-11R-A034-07,0.7417169990555621,1
TCGA-E2-A1AZ-01A-11R-A12P-07,0.7724774834136418,1
TCGA-B6-A0RE-01A-11R-A056-07,0.37920792087233657,1
TCGA-A7-A4SE-01A-11R-A266-07,0.4582146020966068,0
TCGA-LL-A740-01A-21R-A32P-07,0.8308849270215048,1
TCGA-A8-A07R-01A-21R-A034-07,0.27197495913192243,0
TCGA-S3-AA10-01A-21R-A41B-07,0.5721477707145417,1
TCGA-A7-A4SF-01A-11R-A266-07,0.29100116373177093,0
TCGA-A7-A0CG-01A-12R-A056-07,0.44117236488712713,0
TCGA-E2-A1LS-01A-12R-A157-07,0.9881318992378367,1
TCGA-AR-A24P-01A-11R-A169-07,0.4852170349689501,0
TCGA-E9-A54Y-01A-11R-A466-07,0.9622009219136676,1
TCGA-AO-A0JA-01A-11R-A056-07,0.7898947145299152,1
TCGA-A8-A08A-01A-11R-A32Y-07,0.6405826685347812,1
TCGA-AR-A24V-01A-21R-A169-07,0.7764062258801718,1
TCGA-A2-A0CO-01A-13R-A22K-07,0.634347455475901,1
TCGA-E2-A15I-01A-21R-A137-07,0.47956253921377934,0
TCGA-A2-A0SU-01A-11R-A084-07,0.5430042607606077,0
TCGA-AC-A3OD-01A-11R-A21T-07,0.9581942281922029,1
TCGA-AC-A3YJ-01A-11R-A22U-07,0.3691099883700867,0
TCGA-AR-A0TZ-01A-12R-A084-07,0.8351192101037365,1
TCGA-A2-A0D3-01A-11R-A115-07,0.7823446977074336,1
TCGA-BH-A18L-01A-32R-A12D-07,0.6583070471940832,1
TCGA-EW-A2FW-01A-11R-A17B-07,0.5922592974881021,1
TCGA-A2-A0YL-01A-21R-A109-07,0.5307266048579699,1
TCGA-E9-A54X-01A-11R-A266-07,0.7901004101090338,1
TCGA-BH-A18F-01A-11R-A12D-07,0.649578996879967,1
TCGA-W8-A86G-01A-21R-A36F-07,0.6754962989367868,1
TCGA-A8-A08T-01A-21R-A00Z-07,0.6909625834925694,1
TCGA-BH-A1EX-01A-11R-A13Q-07,0.3862377808939927,0
TCGA-A8-A08O-01A-21R-A056-07,0.3080824492856939,0
TCGA-AC-A6IX-01A-12R-A32P-07,0.7290983899433405,1
TCGA-C8-A27B-01A-11R-A169-07,0.6334134380690458,1
TCGA-PL-A8LZ-01A-31R-A36F-07,0.5039291320943948,1
TCGA-AR-A1AQ-01A-11R-A12P-07,0.3627000805988287,1
TCGA-BH-A1FU-01A-11R-A14D-07,0.8772351975045763,1
TCGA-A2-A0SY-01A-31R-A084-07,0.6952891372272626,1
TCGA-BH-A1EW-01A-11R-A137-07,0.798285563914602,1
TCGA-GM-A3NW-01A-21R-A22K-07,0.3163850669229484,0
TCGA-BH-A0W4-01A-11R-A109-07,0.6343937630246222,1
TCGA-AR-A1AS-01A-11R-A12P-07,0.3815305411563789,0
TCGA-EW-A1J6-01A-11R-A13Q-07,0.8819435325085092,1
TCGA-AC-A6NO-01A-12R-A33J-07,0.7218631350523362,1
TCGA-A7-A0CE-01A-11R-A00Z-07,0.35032781791635104,0
TCGA-BH-A6R8-01A-21R-A33J-07,0.6460226294283221,1
TCGA-EW-A1OY-01A-11R-A144-07,0.6262945416671423,1
TCGA-BH-A0BS-01A-11R-A12P-07,0.4671570003130326,0
TCGA-A7-A6VY-01A-12R-A33J-07,0.6197479868517197,1
TCGA-A2-A0CK-01A-11R-A22K-07,0.2788145152479477,0
TCGA-AO-A12H-01A-11R-A115-07,0.39340670704837155,0
TCGA-C8-A12L-01A-11R-A115-07,0.8746008517914999,1
TCGA-A1-A0SQ-01A-21R-A144-07,0.663660877132964,1
TCGA-A7-A56D-01A-11R-A27Q-07,0.9458028133722106,1
TCGA-A8-A09I-01A-22R-A034-07,0.4047620909152137,1
TCGA-BH-A0DH-01A-11R-A084-07,0.6653258152200296,1
TCGA-B6-A0X0-01A-21R-A115-07,0.6613859032505394,1
TCGA-S3-AA12-01A-11R-A41B-07,0.6248517335411585,1
TCGA-E2-A159-01A-11R-A115-07,0.31473500582387415,1
TCGA-D8-A27V-01A-12R-A17B-07,0.6440235566001661,1
TCGA-D8-A1JT-01A-31R-A13Q-07,0.8544866579696944,1
TCGA-C8-A138-01A-11R-A115-07,0.9601062950627911,1
TCGA-AO-A0J6-01A-11R-A034-07,0.6356136280385624,1
TCGA-AR-A24R-01A-11R-A169-07,0.44035493796649067,1
TCGA-AR-A0TY-01A-12R-A115-07,0.8642138602378726,1
TCGA-E9-A1QZ-01A-21R-A169-07,0.6044572025028351,1
TCGA-AR-A24W-01A-11R-A169-07,0.670491660914533,0
TCGA-LL-A5YP-01A-21R-A28M-07,0.6138714929356466,1
TCGA-B6-A0WY-01A-11R-A109-07,0.7619996002364746,1
TCGA-GM-A2DC-01A-11R-A18M-07,0.7759394945096414,1
TCGA-A2-A4S2-01A-12R-A266-07,0.7021298889235585,1
TCGA-A8-A09X-01A-11R-A00Z-07,0.6864231531992728,1
TCGA-OL-A5RV-01A-12R-A28M-07,0.7170439567016192,1
TCGA-E2-A14P-01A-31R-A12D-07,0.3470227618521813,1
TCGA-C8-A8HQ-01A-11R-A36F-07,0.7229129863395185,1
TCGA-AR-A0TP-01A-11R-A084-07,0.7719023255712693,1
TCGA-A8-A09A-01A-11R-A00Z-07,0.7482548977798305,1
TCGA-A8-A08L-01A-11R-A00Z-07,0.6740524196916053,1
TCGA-A8-A08F-01A-11R-A00Z-07,0.574132713032985,1
TCGA-GI-A2C9-01A-11R-A21T-07,0.6464662813164588,1
TCGA-A2-A0SW-01A-11R-A084-07,0.6616007352596192,1
TCGA-LD-A7W5-01A-22R-A352-07,0.5995371667385979,0
TCGA-D8-A27R-01A-11R-A16F-07,0.643230204444191,1
TCGA-AO-A0JM-01A-21R-A056-07,0.793811823050315,1
TCGA-GM-A2D9-01A-11R-A18M-07,0.8150661040471233,1
TCGA-D8-A1XU-01A-11R-A14M-07,0.7477413322354318,1
TCGA-AO-A1KT-01A-11R-A13Q-07,0.6735897962905832,1
TCGA-C8-A12P-01A-11R-A115-07,0.3834554983362751,1
TCGA-LL-A6FR-01A-12R-A31O-07,0.6469572605414965,0
TCGA-AR-A1AJ-01A-21R-A12P-07,0.7788129161849651,1
TCGA-A8-A09D-01A-11R-A00Z-07,0.631883305353681,1
TCGA-S3-A6ZF-01A-32R-A32P-07,0.2703656276496983,0
TCGA-E2-A150-01A-11R-A12D-07,0.43888650544693564,1
TCGA-BH-A18U-01A-21R-A12D-07,0.8143267321674436,1
TCGA-BH-A0GY-01A-11R-A056-07,0.7306341326048962,1
TCGA-AQ-A54N-01A-11R-A266-07,0.8816200144166285,1
TCGA-C8-A273-01A-11R-A16F-07,0.6193117676640756,1
TCGA-S3-AA14-01A-11R-A41B-07,0.7231919642479411,1
TCGA-A7-A2KD-01A-31R-A21T-07,0.7111192354353381,1
TCGA-C8-A131-01A-11R-A115-07,0.9073074642471537,1
TCGA-E2-A576-01A-11R-A31O-07,0.8863883230389284,1
TCGA-A2-A0T4-01A-31R-A084-07,0.6596326767610339,1
TCGA-A2-A04V-01A-21R-A034-07,0.4069829657756781,0
TCGA-AR-A0U0-01A-11R-A109-07,0.5231582384131305,1
TCGA-BH-A0BO-01A-23R-A12D-07,0.8722694164070912,1
TCGA-A2-A3KC-01A-11R-A213-07,0.439813804328647,0
TCGA-BH-A18T-01A-11R-A12D-07,0.5157827426838774,0
TCGA-EW-A1J2-01A-21R-A13Q-07,0.8258656246792786,1
TCGA-A8-A084-01A-21R-A00Z-07,0.8192923875916515,1
TCGA-A8-A08X-01A-21R-A00Z-07,0.7459502104815637,1
TCGA-GM-A2DH-01A-11R-A180-07,0.9133535279396672,1
TCGA-D8-A27L-01A-11R-A16F-07,0.7260474599955834,1
TCGA-A7-A3IZ-01A-11R-A213-07,0.585504383344755,1
TCGA-AN-A04D-01A-21R-A034-07,0.7149068177798881,1
TCGA-5L-AAT0-01A-12R-A41B-07,0.7991814118782948,1
TCGA-AR-A1AU-01A-11R-A12P-07,0.7773446902111542,1
TCGA-AC-A6IV-01A-12R-A33J-07,0.7619520984187311,1
TCGA-E2-A15C-01A-31R-A12D-07,0.6491803031247301,1
TCGA-AO-A1KP-01A-11R-A13Q-07,0.9277941196205609,1
TCGA-E2-A15G-01A-11R-A12D-07,0.5773207385286593,1
TCGA-A2-A3KD-01A-12R-A213-07,0.3256556924277912,0
TCGA-D8-A1X5-01A-11R-A14D-07,0.7989159031619089,1
TCGA-AQ-A04L-01B-21R-A10J-07,0.8823875866872973,1
TCGA-A8-A096-01A-11R-A00Z-07,0.8093673295780957,1
TCGA-A2-A0YH-01A-11R-A109-07,0.5168719827202002,1
TCGA-AN-A0FW-01A-11R-A034-07,0.7054542627916247,1
TCGA-D8-A27H-01A-11R-A16F-07,0.7303127468709601,0
TCGA-OL-A6VQ-01A-12R-A41B-07,0.7001375114105671,1
TCGA-A7-A4SA-01A-11R-A266-07,0.33427780498309945,0
TCGA-C8-A274-01A-11R-A16F-07,0.798783112230788,1
TCGA-E2-A15J-01A-11R-A12P-07,0.6967945590451684,1
TCGA-BH-A0B3-01A-11R-A056-07,0.4612710712995151,1
TCGA-E2-A153-01A-12R-A12D-07,0.7592769408229759,1
TCGA-WT-AB44-01A-11R-A41B-07,0.920287364768442,1
TCGA-B6-A0RQ-01A-11R-A115-07,0.5534046355335083,1
TCGA-A2-A0YM-01A-11R-A109-07,0.6416220555825727,1
TCGA-C8-A1HI-01A-11R-A137-07,0.6004530580373624,1
TCGA-AC-A3TM-01A-11R-A22K-07,0.8533304640065438,1
TCGA-A7-A0CD-01A-11R-A00Z-07,0.49619964956016016,0
TCGA-D8-A145-01A-11R-A115-07,0.7203708129795737,1
TCGA-BH-A0EB-01A-11R-A034-07,0.7616400211606948,1
TCGA-AR-A0TV-01A-21R-A084-07,0.8214772989732733,1
TCGA-E2-A15P-01A-11R-A115-07,0.7908351877769282,1
TCGA-A2-A04T-01A-21R-A034-07,0.6117683435579124,1
TCGA-E9-A2JT-01A-22R-A18M-07,0.8593140638949105,1
TCGA-OL-A5RW-01A-11R-A28M-07,0.47123864807577565,0
TCGA-PL-A8LV-01A-21R-A41B-07,0.7999051789928374,1
TCGA-BH-A18M-01A-11R-A12D-07,0.5767308343179995,1
TCGA-D8-A27N-01A-11R-A16F-07,0.8547775472036379,1
TCGA-C8-A3M8-01A-11R-A213-07,0.5864862435942327,1
TCGA-B6-A0WW-01A-11R-A109-07,0.5753212224499806,1
TCGA-E9-A3X8-01A-31R-A22U-07,0.9261381145702394,1
TCGA-C8-A133-01A-32R-A12D-07,0.37854664271940186,0
TCGA-D8-A1X6-01A-11R-A14M-07,0.6076608930006391,1
TCGA-A2-A04P-01A-31R-A034-07,0.6658333282193494,1
TCGA-E9-A1N3-01A-12R-A157-07,0.56272233587188,1
TCGA-AN-A0XP-01A-11R-A109-07,0.5387568597024457,1
TCGA-E2-A1LK-01A-21R-A14D-07,0.26171740103091623,0
TCGA-C8-A132-01A-31R-A115-07,0.6834234776258787,1
TCGA-PE-A5DE-01A-11R-A27Q-07,0.6378836879833801,1
TCGA-EW-A6SC-01A-12R-A32P-07,0.6074545300964711,1
TCGA-BH-A0EI-01A-11R-A115-07,0.7161172063722391,1
TCGA-A8-A08I-01A-11R-A00Z-07,0.46369024467387787,0
TCGA-AO-A124-01A-11R-A10J-07,0.37387136685386174,0
TCGA-AN-A0XR-01A-11R-A109-07,0.8162892825483564,1
TCGA-BH-A204-01A-11R-A157-07,0.5017861150461337,0
TCGA-AN-A0FF-01A-11R-A034-07,0.7650964366410783,1
TCGA-A2-A0T3-01A-21R-A115-07,0.6378233018328364,1
TCGA-B6-A0RI-01A-11R-A056-07,0.6301915100996875,1
TCGA-AO-A03R-01A-21R-A034-07,0.9991967051836009,1
TCGA-E9-A1RA-01A-11R-A14D-07,0.6372283356249597,1
TCGA-AN-A0XV-01A-11R-A109-07,0.6648782501014844,1
TCGA-E9-A1RI-01A-11R-A169-07,0.8007710583274554,1
TCGA-A8-A07J-01A-11R-A00Z-07,0.4077428809793929,0
TCGA-AC-A6IW-01A-12R-A33J-07,0.547719130308006,1
TCGA-3C-AALJ-01A-31R-A41B-07,0.6903117044710316,1
TCGA-AN-A0XS-01A-22R-A109-07,0.7501228976904649,1
TCGA-E9-A226-01A-21R-A157-07,0.8097204620293634,1
TCGA-C8-A12K-01A-21R-A115-07,0.2112848153027425,0
TCGA-BH-A202-01A-11R-A14M-07,0.39622534706007284,0
TCGA-OL-A66H-01A-11R-A29R-07,0.5782821147035508,1
TCGA-E9-A1N9-01A-11R-A14D-07,0.8002562239437346,0
TCGA-A2-A0T2-01A-11R-A084-07,0.799131185321176,1
TCGA-BH-A18H-01A-11R-A12D-07,0.6719582996179359,1
TCGA-UU-A93S-01A-21R-A41B-07,0.5958223111053539,1
TCGA-B6-A0RO-01A-22R-A084-07,0.6892956003503896,1
TCGA-E2-A10E-01A-21R-A10J-07,0.6994840733392006,1
TCGA-A7-A4SC-01A-12R-A266-07,0.7385492332634656,1
TCGA-B6-A0WZ-01A-11R-A109-07,0.7871722471785332,1
TCGA-A7-A6VW-01A-21R-A33J-07,0.676413247643922,1
TCGA-E2-A1B5-01A-21R-A12P-07,0.8250467211369795,1
TCGA-A8-A092-01A-11R-A00Z-07,0.5531388689237242,1
TCGA-C8-A1HK-01A-21R-A13Q-07,0.5722768478550379,1
TCGA-BH-A0W3-01A-11R-A109-07,0.6685347313144179,1
TCGA-A7-A0CH-01A-21R-A00Z-07,0.6109531838473204,1
TCGA-AR-A1AX-01A-11R-A12P-07,0.6123940199594161,1
TCGA-EW-A1P0-01A-11R-A144-07,0.6744558637431061,1
TCGA-E9-A1NI-01A-11R-A14D-07,0.6012676724792481,1
TCGA-AO-A12E-01A-11R-A10J-07,0.6071277703810699,1
TCGA-D8-A1XJ-01A-11R-A14M-07,0.7208221341734742,1
TCGA-B6-A0I6-01A-11R-A034-07,0.5223554451399707,1
TCGA-E9-A1RH-01A-21R-A169-07,0.7880179676961098,1
TCGA-BH-A18Q-01A-12R-A12D-07,0.6950059211977327,1
TCGA-AO-A0JI-01A-21R-A056-07,0.6626163684542308,1
TCGA-A2-A0CL-01A-11R-A115-07,0.9357109438469356,1
TCGA-E2-A155-01A-11R-A12D-07,0.6840006949803107,1
TCGA-B6-A0I8-01A-11R-A034-07,0.5395206549460785,0
TCGA-E2-A14X-01A-11R-A115-07,0.46098868776940916,0
TCGA-AC-A3YI-01A-21R-A239-07,0.5421179686545986,1
TCGA-AR-A1AI-01A-11R-A12P-07,0.4881866144399676,1
TCGA-D8-A1JK-01A-11R-A13Q-07,0.9269164575385774,1
TCGA-BH-A0C3-01A-21R-A12P-07,0.8477471650473265,1
TCGA-A8-A09C-01A-11R-A00Z-07,0.6208996904370223,1
TCGA-LL-A50Y-01A-11R-A266-07,0.7793633918405987,1
TCGA-BH-A0B0-01A-21R-A115-07,0.4731085003905423,0
TCGA-OL-A66L-01A-12R-A31O-07,0.7692563309362355,1
TCGA-BH-A0AW-01A-11R-A056-07,0.4420064713026383,1
TCGA-D8-A1X8-01A-11R-A14M-07,0.6475392479484484,1
TCGA-D8-A1JE-01A-11R-A13Q-07,0.826283988713743,1
TCGA-BH-A1EO-01A-11R-A137-07,0.8204076989301002,1
TCGA-BH-A0HU-01A-11R-A034-07,0.7842931918267048,1
TCGA-BH-A0H7-01A-13R-A056-07,0.7900755411045433,1
TCGA-E9-A22D-01A-11R-A157-07,0.6278187715318352,1
TCGA-3C-AAAU-01A-11R-A41B-07,0.6379837427437076,1
TCGA-BH-A1FJ-01A-11R-A13Q-07,0.7870032703179345,1
TCGA-A8-A06P-01A-11R-A00Z-07,0.6445768311563057,1
TCGA-A2-A25B-01A-11R-A169-07,0.7093432018954945,1
TCGA-AC-A2BM-01A-11R-A21T-07,0.5569866168534138,1
TCGA-E9-A6HE-01A-11R-A31O-07,0.7886988886495698,1
TCGA-AO-A03O-01A-11R-A00Z-07,0.7774164417267407,1
TCGA-A2-A0EU-01A-22R-A056-07,0.7086129171268942,1
TCGA-A8-A06O-01A-11R-A00Z-07,0.4612062693980158,1
TCGA-BH-A0BT-01A-11R-A12P-07,0.8230813967764636,1
TCGA-A2-A0YT-01A-11R-A109-07,0.5311946620213093,1
TCGA-E2-A14R-01A-11R-A115-07,0.42610365948176726,1
TCGA-B6-A0IC-01A-11R-A034-07,0.3995689736883157,0
TCGA-AC-A5XU-01A-11R-A28M-07,0.6666177762315502,1
TCGA-AR-A250-01A-31R-A169-07,0.23683117258376116,0
TCGA-D8-A1XZ-01A-11R-A14M-07,0.5897629826134579,1
TCGA-B6-A0I9-01A-11R-A034-07,0.9626859637603536,1
TCGA-B6-A0IA-01A-11R-A034-07,0.8682765153350187,1
TCGA-E2-A14N-01A-31R-A137-07,0.21748826237373703,0
TCGA-PL-A8LY-01A-11R-A41B-07,0.7687904030920218,1
TCGA-LL-A441-01A-11R-A24H-07,0.9752634679176373,1
TCGA-A8-A08S-01A-11R-A034-07,0.3099871949224219,0
TCGA-A8-A09V-01A-11R-A034-07,0.8324410201858058,1
TCGA-BH-A209-01A-11R-A157-07,0.8805276313766739,1
TCGA-GM-A5PX-01A-12R-A28M-07,0.6444929857304832,1
TCGA-A8-A085-01A-11R-A00Z-07,0.782864045583065,1
TCGA-A2-A25E-01A-11R-A169-07,0.23024331349634777,0
TCGA-D8-A1JG-01B-11R-A13Q-07,0.5751216031908867,1
TCGA-AC-A2FO-01A-11R-A180-07,0.6960854139405326,1
TCGA-B6-A3ZX-01A-11R-A239-07,0.7624868253535734,1
TCGA-AN-A0FT-01A-11R-A034-07,0.8386593634412915,1
TCGA-AQ-A04H-01B-11R-A10J-07,0.6243095372913406,1
TCGA-AR-A1AR-01A-31R-A137-07,0.8272717448698605,1
TCGA-A2-A0CS-01A-11R-A115-07,0.6658522627905938,1
TCGA-A2-A1FZ-01A-51R-A14D-07,0.5881980232493328,1
TCGA-AC-A8OQ-01A-11R-A41B-07,0.7626179367511449,1
TCGA-AR-A0TR-01A-11R-A084-07,0.6642552064087347,1
TCGA-C8-A12M-01A-11R-A115-07,0.8413875445658542,1
TCGA-A1-A0SM-01A-11R-A084-07,0.7265409517242627,1
TCGA-BH-A1ET-01A-11R-A137-07,0.735841167372264,1
TCGA-A8-A0A1-01A-11R-A00Z-07,0.7239585451397449,1
TCGA-C8-A1HG-01A-11R-A137-07,0.6828005990540822,1
TCGA-E9-A1NF-01A-11R-A14D-07,0.9188196576239448,1
TCGA-A2-A0D4-01A-11R-A00Z-07,0.5642380597967892,1
TCGA-BH-A2L8-01A-11R-A18M-07,0.7567808933022937,1
TCGA-A8-A093-01A-11R-A00Z-07,0.6320119353555689,1
TCGA-D8-A1Y3-01A-11R-A157-07,0.9431755253459136,1
TCGA-AR-A1AY-01A-21R-A12P-07,0.5989830379079257,1
TCGA-AO-A12F-01A-11R-A115-07,0.7707123778489873,1
TCGA-AN-A0FL-01A-11R-A034-07,0.8982861229732277,1
TCGA-AR-A0TQ-01A-11R-A084-07,0.5514705686433827,1
TCGA-A2-A0CP-01A-11R-A034-07,0.4454505838974827,0
TCGA-AO-A129-01A-21R-A10J-07,0.503833685726294,1
TCGA-D8-A1JH-01A-11R-A13Q-07,0.6857330956534097,1
TCGA-BH-A18K-01A-11R-A12D-07,0.7233957055665838,1
TCGA-B6-A0IM-01A-11R-A034-07,0.7437137650320895,1
TCGA-AO-A0J4-01A-11R-A034-07,0.12119493733643558,0
TCGA-AR-A1AW-01A-21R-A12P-07,0.7782046047729332,1
TCGA-AC-A62Y-01A-11R-A29R-07,0.3812121976213025,0
TCGA-A1-A0SH-01A-11R-A084-07,0.7535306690375629,1
TCGA-A8-A08C-01A-11R-A00Z-07,0.8007710169798915,1
TCGA-A2-A3XU-01A-12R-A22U-07,0.8910783586507824,1
TCGA-E2-A1LB-01A-11R-A144-07,0.6847556735167044,1
TCGA-D8-A1JJ-01A-31R-A14M-07,0.6579778557097594,1
TCGA-AN-A049-01A-21R-A00Z-07,0.6339243406400921,1
TCGA-A1-A0SN-01A-11R-A144-07,0.392315294497149,0
TCGA-EW-A1IW-01A-11R-A13Q-07,0.5930788397269122,1
TCGA-LQ-A4E4-01A-11R-A266-07,0.7831349268872411,1
TCGA-E9-A5UP-01A-11R-A28M-07,0.5536660504284662,0
TCGA-EW-A1IY-01A-11R-A13Q-07,0.9508707206037128,1
TCGA-AN-A0XW-01A-11R-A109-07,0.8077524338024724,1
TCGA-AR-A24S-01A-11R-A169-07,0.8500116805854795,1
TCGA-AR-A2LM-01A-11R-A180-07,0.7007044435072206,1
TCGA-E9-A1NE-01A-21R-A14M-07,0.777035511686702,1
TCGA-LL-A9Q3-01A-11R-A41B-07,0.7518857410562152,1
TCGA-AC-A8OP-01A-11R-A36F-07,0.7252374468552775,1
TCGA-E2-A572-01A-13R-A31O-07,0.8751519381961866,1
TCGA-B6-A0IP-01A-11R-A034-07,0.5961178464372561,1
TCGA-C8-A135-01A-11R-A115-07,0.09267894671392986,0
TCGA-D8-A1XL-01A-11R-A14M-07,0.46990008540281814,0
TCGA-EW-A1PC-01B-11R-A21T-07,0.49634284090691294,0
TCGA-AO-A03M-01B-11R-A10J-07,0.3805226026536034,0
TCGA-AN-A0FN-01A-11R-A034-07,0.9195319079847208,1
TCGA-A7-A4SD-01A-11R-A266-07,0.5270597184530084,1
TCGA-BH-A0HN-01A-11R-A10U-07,0.7191736708861017,1
TCGA-S3-A6ZH-01A-22R-A32P-07,0.5461616335315079,0
TCGA-AC-A3QP-01A-11R-A22U-07,0.4388626258831709,0
TCGA-5L-AAT1-01A-12R-A41B-07,0.7715751692967205,1
TCGA-AN-A0FY-01A-11R-A034-07,0.35563361302215757,0
TCGA-BH-A0BA-01A-11R-A056-07,0.8247824036610749,1
TCGA-A2-A0CU-01A-12R-A034-07,0.5813715914951049,1
TCGA-D8-A143-01A-11R-A115-07,0.6910623857033218,1
TCGA-BH-A0DE-01A-11R-A115-07,0.7318532063736681,1
TCGA-A2-A0EO-01A-11R-A034-07,0.7004439054130602,1
TCGA-AO-A0JF-01A-11R-A056-07,0.7890955585734551,1
TCGA-A8-A09E-01A-11R-A00Z-07,0.6391457714839469,1
TCGA-BH-A0AZ-01A-21R-A12P-07,0.7145977877941806,1
TCGA-GM-A2DN-01A-11R-A180-07,0.46067207115754194,1
TCGA-E2-A15T-01A-11R-A115-07,0.6680285081849546,1
TCGA-BH-A1F6-01A-11R-A13Q-07,0.2360880660008682,0
TCGA-BH-A0DX-01A-11R-A115-07,0.7031923243147467,1
TCGA-EW-A3U0-01A-11R-A22K-07,0.4556501913592828,0
TCGA-BH-A0DV-01A-21R-A12P-07,0.7383425672649139,1
TCGA-AC-A3TN-01A-11R-A22K-07,0.6933805408361065,1
TCGA-A1-A0SK-01A-12R-A084-07,0.8674987093135319,1
TCGA-B6-A0X5-01A-21R-A109-07,0.8039301384691727,1
TCGA-A2-A0YC-01A-11R-A109-07,0.4364374241204693,0
TCGA-A2-A0CZ-01A-11R-A034-07,0.05606309656121024,0
TCGA-C8-A27A-01A-11R-A169-07,0.8301194079791405,1
TCGA-AR-A1AP-01A-11R-A12P-07,0.5440145277065953,1
TCGA-BH-A0B4-01A-11R-A00Z-07,0.4516485245150113,0
TCGA-BH-A0BV-01A-11R-A00Z-07,0.6176166960560385,1
TCGA-AN-A0XO-01A-11R-A109-07,0.4138657533324869,0
TCGA-AC-A2QJ-01A-12R-A19W-07,0.9798898399061876,1
TCGA-GM-A2DD-01A-11R-A180-07,0.6997640867765977,0
TCGA-AR-A1AV-01A-21R-A12P-07,0.6809908012879211,1
TCGA-D8-A1XF-01A-11R-A14D-07,0.7501870230670813,1
TCGA-LL-A6FP-01A-11R-A31O-07,0.8739214648885248,1
TCGA-D8-A1XA-01A-11R-A14D-07,0.7178370866091266,1
TCGA-C8-A26V-01A-11R-A16F-07,0.8020738225519864,1
TCGA-PE-A5DC-01A-12R-A27Q-07,0.5461090785436394,0
TCGA-E2-A1LH-01A-11R-A14D-07,0.7977230652447392,1
TCGA-BH-A0B9-01A-11R-A056-07,0.6348666654565863,1
TCGA-E9-A1N8-01A-11R-A144-07,0.8446477667327155,1
TCGA-AC-A62V-01A-11R-A31O-07,0.9184731719661033,1
TCGA-EW-A1PH-01A-11R-A14M-07,0.5872516411158887,1
TCGA-AR-A5QP-01A-11R-A28M-07,0.5459096461595563,1
TCGA-BH-A5J0-01A-11R-A27Q-07,0.7313183703479696,1
TCGA-A1-A0SB-01A-11R-A144-07,0.8821081920229098,1
TCGA-B6-A0IK-01A-12R-A056-07,0.4972735563924045,1
TCGA-A8-A06Q-01A-11R-A034-07,0.2699990375122069,0
TCGA-AR-A2LH-01A-31R-A18M-07,0.8552737929313471,1
TCGA-AR-A24Z-01A-11R-A169-07,0.724357853612003,1
TCGA-Z7-A8R5-01A-42R-A41B-07,0.8591184465557586,1
TCGA-A8-A0A9-01A-11R-A00Z-07,0.4802495290150526,0
TCGA-D8-A1JA-01A-11R-A13Q-07,0.9588117331634015,1
TCGA-AN-A0FK-01A-11R-A034-07,0.5544578882160199,1
TCGA-GM-A2DL-01A-11R-A18M-07,0.720894622102646,1
TCGA-EW-A1P6-01A-11R-A144-07,0.6719789896746066,1
TCGA-BH-A0EA-01A-11R-A115-07,0.6283003687441681,1
TCGA-BH-A8FY-01A-11R-A36F-07,0.6493010523613684,1
TCGA-E2-A1L9-01A-11R-A13Q-07,0.782212814220448,1
TCGA-E9-A1R2-01A-11R-A14D-07,0.68299429579724,1
TCGA-AC-A2FM-01A-11R-A19W-07,0.6552506310625625,1
TCGA-E2-A108-01A-13R-A10J-07,0.34756574130277984,1
TCGA-OL-A66O-01A-11R-A31O-07,0.5982165984133008,0
TCGA-C8-A275-01A-21R-A16F-07,0.322811134137364,1
TCGA-B6-A0IO-01A-11R-A034-07,0.5659956118818972,1
TCGA-BH-A0HO-01A-11R-A034-07,0.6414176874390507,1
TCGA-EW-A1P8-01A-11R-A144-07,0.348840554525276,1
TCGA-A2-A0D0-01A-11R-A00Z-07,0.5483615414720935,1
TCGA-A2-A0SX-01A-12R-A084-07,0.5747019382596047,1
TCGA-D8-A27I-01A-11R-A16F-07,0.47410223315208083,0
TCGA-EW-A2FS-01A-11R-A17B-07,0.6345190023990643,0
TCGA-Z7-A8R6-01A-11R-A41B-07,0.39394179419817243,0
TCGA-E2-A15O-01A-11R-A115-07,0.678645788154963,1
TCGA-V7-A7HQ-01A-11R-A33J-07,0.8745712991320161,1
TCGA-C8-A12W-01A-11R-A115-07,0.44357102686340866,1
TCGA-A7-A3IY-01A-21R-A21T-07,0.5375986170057389,1
TCGA-A8-A08B-01A-11R-A00Z-07,0.9358271097789077,1
TCGA-5T-A9QA-01A-11R-A41B-07,0.8010475284141134,1
TCGA-E2-A106-01A-11R-A10J-07,0.7777992665739945,1
TCGA-E2-A1B6-01A-31R-A12P-07,0.7098421737666493,1
TCGA-AC-A2FF-01A-11R-A17B-07,0.5782374390631301,0
TCGA-EW-A1PA-01A-11R-A144-07,0.6589593387217975,1
TCGA-D8-A27T-01A-11R-A16F-07,0.5796926045337089,1
TCGA-LD-A66U-01A-11R-A31O-07,0.7794005956087302,1
TCGA-A8-A07Z-01A-11R-A00Z-07,0.7356331568982355,1
TCGA-AR-A1AO-01A-11R-A12P-07,0.33233455788344446,1
TCGA-E2-A573-01A-11R-A29R-07,0.5223608391921252,1
TCGA-AC-A2FB-01A-11R-A17B-07,0.6981574004630111,1
TCGA-AN-A0G0-01A-11R-A034-07,0.7801447454192002,1
TCGA-BH-A0H5-01A-21R-A115-07,0.7955347644023859,1
TCGA-A8-A07S-01A-11R-A034-07,0.6293146486158437,1
TCGA-E9-A3QA-01A-61R-A22K-07,0.4861017108396429,1
TCGA-A1-A0SI-01A-11R-A144-07,0.4190999726763143,0
TCGA-A8-A09W-01A-11R-A00Z-07,0.6655757894195502,1
TCGA-BH-A1F0-01A-11R-A137-07,0.6513236407339515,1
TCGA-A2-A0D2-01A-21R-A034-07,0.5813540028978623,1
TCGA-OL-A5D8-01A-11R-A27Q-07,0.6792562287090663,1
TCGA-BH-A18G-01A-11R-A12D-07,0.8873436505622376,1
TCGA-A2-A0YI-01A-31R-A10J-07,0.7904184428578833,1
TCGA-A8-A0A4-01A-11R-A00Z-07,0.6490707897256359,1
TCGA-A7-A425-01A-11R-A24H-07,0.7419913762270595,1
TCGA-E9-A22A-01A-11R-A157-07,0.7854216125458722,1
TCGA-A8-A08J-01A-11R-A00Z-07,0.7863178826513978,1
TCGA-A2-A3Y0-01A-11R-A239-07,0.3566632627776923,0
TCGA-AC-A2BK-01A-11R-A21T-07,0.8270090328109122,1
TCGA-B6-A0IN-01A-11R-A034-07,0.6149326558554832,0
TCGA-D8-A1JD-01A-11R-A13Q-07,0.1590777803975924,0
TCGA-GM-A2DK-01A-21R-A180-07,0.7151759390774521,1
TCGA-OL-A5RX-01A-11R-A28M-07,0.6576822569257552,1
TCGA-A8-A08Z-01A-21R-A00Z-07,0.7781641578407097,1
TCGA-A2-A0YD-01A-11R-A109-07,0.7093789970739922,1
TCGA-A7-A3J1-01A-11R-A213-07,0.7504598699602283,1
TCGA-BH-A1FD-01A-11R-A13Q-07,0.5528553147311622,1
TCGA-A2-A0D1-01A-11R-A034-07,0.15653043187976362,0
TCGA-BH-A0BL-01A-11R-A115-07,0.7449297211353566,1
TCGA-E2-A1IH-01A-11R-A13Q-07,0.7496376094658143,1
TCGA-AR-A0TU-01A-31R-A109-07,0.5000273425200399,1
TCGA-AC-A2FG-01A-11R-A17B-07,0.4644632269923821,1
TCGA-GM-A4E0-01A-12R-A266-07,0.5593101840780289,0
TCGA-AC-A3W7-01A-11R-A22K-07,0.6574532617454468,1
TCGA-A8-A083-01A-21R-A00Z-07,0.5266774309468152,1
TCGA-A2-A0EN-01A-13R-A084-07,0.7432807217541487,1
TCGA-D8-A1Y0-01A-11R-A14M-07,0.4527174720309608,0
TCGA-AR-A1AK-01A-21R-A12P-07,0.5626014425580166,1
TCGA-AC-A7VC-01A-11R-A352-07,0.7480999436859578,1
TCGA-A7-A0CJ-01A-21R-A00Z-07,0.5750908123809078,1
TCGA-AO-A03U-01B-21R-A10J-07,0.42304918000004726,1
TCGA-E2-A2P5-01A-11R-A19W-07,0.8211045443051037,1
TCGA-E2-A15S-01A-11R-A115-07,0.6092638740965252,1
TCGA-A1-A0SJ-01A-11R-A084-07,0.4004015500546519,0
TCGA-A2-A04N-01A-11R-A115-07,0.7394464184440691,1
TCGA-B6-A401-01A-11R-A239-07,0.5156444083098425,0
TCGA-D8-A1JU-01A-11R-A13Q-07,0.7182147722572431,1
TCGA-B6-A40B-01A-11R-A239-07,0.7830508235075111,1
TCGA-LD-A9QF-01A-32R-A41B-07,0.027380281884868858,0
TCGA-AO-A03T-01A-21R-A034-07,0.897445308159877,0
TCGA-E9-A3Q9-01A-11R-A21T-07,0.3239003018984388,0
TCGA-D8-A1JP-01A-11R-A13Q-07,0.7157315363036126,1
TCGA-BH-A18I-01A-11R-A12D-07,0.6480399555714753,1
TCGA-BH-A28Q-01A-11R-A16F-07,0.658151140537577,1
TCGA-EW-A1OW-01A-21R-A144-07,0.5757307648001376,1
TCGA-BH-A18R-01A-11R-A12D-07,0.9156223263023815,1
TCGA-AO-A0J8-01A-21R-A034-07,0.37563463721693496,0
TCGA-AC-A3BB-01A-21R-A19W-07,0.44890060944112764,0
TCGA-E9-A247-01A-11R-A169-07,0.8472094877997284,1
TCGA-D8-A73U-01A-11R-A33J-07,0.5354637056646877,0
TCGA-BH-A18V-01A-11R-A12D-07,0.7632533097939548,1
TCGA-BH-A0C1-01B-11R-A12D-07,0.45537944076438275,0
TCGA-AC-A3W6-01A-12R-A22K-07,0.7984030623279712,1
TCGA-BH-A1FR-01A-11R-A13Q-07,0.5435944066802438,1
TCGA-A2-A1G0-01A-11R-A13Q-07,0.40366973919140225,0
TCGA-BH-A0DQ-01A-11R-A084-07,0.5610297009659212,1
TCGA-A2-A0ER-01A-21R-A034-07,0.6870065844812514,1
TCGA-D8-A27P-01A-11R-A16F-07,0.6395799429352984,1
TCGA-B6-A1KN-01A-11R-A13Q-07,0.6745537750199203,1
TCGA-E9-A228-01A-31R-A157-07,0.6034552207901105,1
TCGA-BH-A0B2-01A-11R-A10J-07,0.6729152828225209,1
TCGA-B6-A0X4-01A-11R-A109-07,0.3814108448869976,0
TCGA-BH-A1EY-01A-11R-A13Q-07,0.8073911539011365,1
TCGA-BH-A0HX-01A-21R-A056-07,0.5275735795159495,1
TCGA-A8-A094-01A-11R-A00Z-07,0.5013665465065891,1
TCGA-AO-A1KR-01A-12R-A144-07,0.4053411780894575,0
TCGA-A2-A0CV-01A-31R-A115-07,0.7296895779570277,1
TCGA-A8-A076-01A-21R-A00Z-07,0.664233691622526,1
TCGA-E9-A1RE-01A-11R-A157-07,0.6004274378063464,1
TCGA-S3-A6ZG-01A-22R-A32P-07,0.6068565172191038,1
TCGA-A8-A06Z-01A-11R-A00Z-07,0.7623664458569027,1
TCGA-BH-A8FZ-01A-11R-A352-07,0.5839686147066023,1
TCGA-LL-A440-01A-11R-A24H-07,0.7465804273720906,1
TCGA-E9-A249-01A-11R-A169-07,0.8263228532985833,1
TCGA-PL-A8LX-01A-11R-A41B-07,0.6726175920652316,1
TCGA-E2-A1L8-01A-11R-A13Q-07,0.8184947821613894,1
TCGA-EW-A6SD-01A-12R-A33J-07,0.36138776705365416,1
TCGA-AO-A0JL-01A-11R-A056-07,0.9088257303443772,1
TCGA-MS-A51U-01A-31R-A266-07,0.6726167851654924,1
TCGA-BH-A0E7-01A-11R-A034-07,0.5500558862112559,1
TCGA-E9-A22G-01A-11R-A157-07,0.5314721220850632,1
TCGA-A8-A08R-01A-11R-A034-07,0.47878024632797467,1
TCGA-A2-A4S1-01A-21R-A266-07,0.9668855164052436,1
TCGA-E2-A1II-01A-11R-A144-07,0.5640819340491892,1
TCGA-A7-A3J0-01A-11R-A213-07,0.4246436836508025,0
TCGA-BH-A0B8-01A-21R-A056-07,0.36178404148901794,0
TCGA-AR-A24L-01A-11R-A169-07,0.8061489699191595,1
TCGA-EW-A1J3-01A-11R-A13Q-07,0.8540179365227216,1
TCGA-AR-A5QM-01A-11R-A27Q-07,0.6724895912931392,1
TCGA-AO-A1KS-01A-11R-A13Q-07,0.846111384820616,1
TCGA-D8-A1JI-01A-11R-A13Q-07,0.8474743808069994,1
TCGA-A8-A09N-01A-11R-A00Z-07,0.4977661031051648,1
TCGA-BH-A203-01A-12R-A169-07,0.684068488767966,1
TCGA-AR-A2LQ-01A-22R-A18M-07,0.327112658672025,1
TCGA-AR-A251-01A-12R-A169-07,0.9246704427523038,1
TCGA-BH-A18J-01A-11R-A12D-07,0.6989807882294747,1
TCGA-D8-A1XM-01A-21R-A14M-07,0.6396052468973731,1
TCGA-BH-A0HA-01A-11R-A12P-07,0.4676593448220635,1
TCGA-AR-A0U2-01A-11R-A109-07,0.7351441522591915,1
TCGA-E2-A1B1-01A-21R-A12P-07,0.8452898937603293,1
TCGA-AC-A62X-01A-11R-A29R-07,0.28433899917746264,0
TCGA-A7-A5ZW-01A-12R-A29R-07,0.7894635580148526,1
TCGA-BH-A28O-01A-11R-A22K-07,0.09691394437288911,1
TCGA-D8-A1XQ-01A-11R-A14M-07,0.3481649558415645,0
TCGA-E9-A248-01A-11R-A169-07,0.8034995037315297,1
TCGA-A8-A07E-01A-11R-A034-07,0.7622869017711631,1
TCGA-AC-A23E-01A-11R-A157-07,0.7303143753690579,1
TCGA-E9-A1N4-01A-11R-A14M-07,0.803802530106432,1
TCGA-E2-A15H-01A-11R-A12D-07,0.34393764075265865,0
TCGA-E2-A1IJ-01A-11R-A144-07,0.7035641222568364,1
TCGA-D8-A1XR-01A-11R-A14M-07,0.6983131546664747,1
TCGA-A8-A075-01A-11R-A084-07,0.6617848503669583,1
TCGA-A8-A06U-01A-11R-A00Z-07,0.4489091486095449,0
TCGA-B6-A0X7-01A-11R-A10J-07,0.6593736003051552,1
TCGA-AQ-A04J-01A-02R-A034-07,0.6510222918868532,1
TCGA-A2-A0CQ-01A-21R-A034-07,0.7110565613261544,1
TCGA-A8-A07F-01A-11R-A00Z-07,0.679910611103747,1
TCGA-A8-A082-01A-11R-A00Z-07,0.7578137274469005,1
TCGA-AN-A0XT-01A-11R-A109-07,0.8341616699465741,1
TCGA-AR-A24X-01A-11R-A169-07,0.5240269063109263,0
TCGA-A2-A04Y-01A-21R-A034-07,0.7544057351427216,1
TCGA-A2-A1G4-01A-11R-A13Q-07,0.7286111784274382,1
TCGA-B6-A0IE-01A-11R-A034-07,0.7946063839569946,1
TCGA-A8-A079-01A-21R-A00Z-07,0.5736999982540625,1
TCGA-E2-A15E-01A-11R-A12D-07,0.5517038725719345,1
TCGA-E9-A1R3-01A-31R-A14M-07,0.6703737390741429,1
TCGA-AR-A0TT-01A-31R-A084-07,0.3880703521383347,0
TCGA-S3-AA0Z-01A-11R-A41B-07,0.9395990107221835,1
TCGA-BH-A0E1-01A-11R-A056-07,0.6791489402852854,1
TCGA-AC-A23G-01A-11R-A213-07,0.8335343678785104,1
TCGA-GM-A3XG-01A-31R-A24H-07,0.5713170747525901,1
TCGA-AR-A1AM-01A-41R-A22K-07,0.43971576572062077,0
TCGA-E9-A1N5-01A-11R-A14D-07,0.7405751466588839,1
TCGA-A2-A3XX-01A-21R-A239-07,0.7003966452189181,1
TCGA-BH-A0BQ-01A-21R-A115-07,0.7102064620157941,1
TCGA-EW-A1P7-01A-21R-A144-07,0.5809955691701103,1
TCGA-BH-A5IZ-01A-11R-A27Q-07,0.6364803752880324,1
TCGA-D8-A1X7-01A-11R-A14M-07,0.3280905111892482,0
TCGA-BH-A0DP-01A-21R-A056-07,0.6605066601837494,1
TCGA-AC-A7VB-01A-11R-A352-07,0.31617965094329753,0
TCGA-A2-A0ST-01A-12R-A084-07,0.4188996419425804,1
TCGA-A2-A0ES-01A-11R-A115-07,0.8714294452897856,1
TCGA-BH-A0DT-01A-21R-A12D-07,0.5796703226212525,1
TCGA-AN-A0AR-01A-11R-A00Z-07,0.7336634985224612,1
TCGA-A2-A0YJ-01A-11R-A109-07,0.28245441197864735,0
TCGA-D8-A4Z1-01A-21R-A266-07,0.40763434701022294,0
TCGA-AO-A0JC-01A-11R-A056-07,0.9148107920315744,1
TCGA-A2-A04Q-01A-21R-A034-07,0.2042448010651618,0
TCGA-GM-A2DF-01A-11R-A180-07,0.846454187457796,1
TCGA-GM-A2DI-01A-31R-A18M-07,0.7752734317949865,1
TCGA-LL-A5YO-01A-21R-A28M-07,0.3299410983661349,0
TCGA-EW-A3E8-01B-11R-A24H-07,0.40498378386341505,0
TCGA-BH-A0E9-01B-11R-A115-07,0.7141868507396214,1
TCGA-AR-A1AH-01A-11R-A12D-07,0.7410247450494446,1
TCGA-E2-A10A-01A-21R-A115-07,0.725471302128833,1
TCGA-C8-A1HF-01A-11R-A137-07,0.6922392759427175,1
TCGA-A7-A13H-01A-11R-A22K-07,0.7037309707389541,1
TCGA-A7-A13F-01A-11R-A12P-07,0.6770740940254589,1
TCGA-D8-A1XV-01A-11R-A14M-07,0.44446556050714214,0
TCGA-E2-A574-01A-11R-A29R-07,0.8359168813080133,1
TCGA-GM-A5PV-01A-11R-A28M-07,0.5314056786422791,1
TCGA-EW-A1PB-01A-11R-A144-07,0.20093444966392496,0
TCGA-E2-A1IO-01A-11R-A144-07,0.7650113466891963,1
TCGA-B6-A0RH-01A-21R-A115-07,0.7108249132362179,1
TCGA-BH-A0B7-01A-12R-A115-07,0.9527275927800707,1
TCGA-C8-A137-01A-11R-A115-07,0.17751394892375985,0
TCGA-LL-A8F5-01A-11R-A36F-07,0.9253247220214336,1
TCGA-AQ-A0Y5-01A-11R-A14M-07,0.8989065976951629,1
TCGA-D8-A13Z-01A-11R-A115-07,0.1186523931444718,0
TCGA-A2-A4RX-01A-11R-A266-07,0.9507230984081706,1
TCGA-AR-A24U-01A-11R-A169-07,0.8290035729659753,1
TCGA-E2-A105-01A-11R-A10J-07,0.7718956056428221,1
TCGA-C8-A1HN-01A-11R-A137-07,0.6210659411439208,1
TCGA-BH-A18S-01A-11R-A12D-07,0.6444594208450669,1
TCGA-E2-A14Q-01A-11R-A12D-07,0.7853998949021737,1
TCGA-A7-A0DA-01A-31R-A115-07,0.7459112026787121,1
TCGA-EW-A1P4-01A-21R-A144-07,0.7220923520093584,1
TCGA-A8-A081-01A-11R-A00Z-07,0.7001221390444391,1
TCGA-BH-A0E0-01A-11R-A056-07,0.7907813615568977,1
TCGA-OL-A66N-01A-12R-A31O-07,0.5259233709793432,0
TCGA-E2-A2P6-01A-11R-A19W-07,0.5007033631101084,0
TCGA-BH-A0DK-01A-21R-A056-07,0.5408171659872641,1
TCGA-E9-A5UO-01A-11R-A28M-07,0.6556897887330129,1
TCGA-D8-A1JC-01A-11R-A13Q-07,0.39003582424002514,1
TCGA-C8-A134-01A-11R-A115-07,0.6681999844305211,1
TCGA-A2-A3XT-01A-11R-A22U-07,0.6381437037481178,1
TCGA-AR-A256-01A-11R-A169-07,0.6172073825106631,1
TCGA-D8-A1JL-01A-11R-A13Q-07,0.707511074004124,1
TCGA-E9-A24A-01A-11R-A169-07,0.772417189296091,1
TCGA-A2-A3XZ-01A-42R-A239-07,0.7661224198530766,1
TCGA-BH-A0BF-01A-21R-A12P-07,0.8015331236150691,1
TCGA-D8-A27F-01A-11R-A16F-07,0.600081376478901,1
TCGA-A2-A0CY-01A-12R-A034-07,0.9560262903891605,1
TCGA-D8-A27E-01A-11R-A16F-07,0.30816796471647434,0
TCGA-A2-A0EP-01A-52R-A22U-07,0.7656042266163479,1
TCGA-GI-A2C8-01A-11R-A16F-07,0.7165488330402741,1
TCGA-A8-A099-01A-11R-A00Z-07,0.5392676649212178,0
TCGA-A2-A04U-01A-11R-A115-07,0.8454779310970302,1
TCGA-BH-A0HP-01A-12R-A084-07,0.663767715583458,1
TCGA-EW-A2FV-01A-11R-A17B-07,0.7471476448401291,1
TCGA-A2-A0CR-01A-11R-A22K-07,0.8630650355959253,1
TCGA-BH-A0DS-01A-11R-A056-07,0.6969908524501006,1
TCGA-D8-A1XC-01A-11R-A14D-07,0.6645838108925786,1
TCGA-E2-A14O-01A-31R-A115-07,0.6178607134739568,1
TCGA-A1-A0SF-01A-11R-A144-07,0.6203866209098966,1
TCGA-A8-A06X-01A-21R-A00Z-07,0.7366210604258706,1
TCGA-BH-A0HI-01A-11R-A084-07,0.5165502839159992,1
TCGA-E2-A14U-01A-11R-A22K-07,0.5457774908616322,1
TCGA-E2-A15A-01A-11R-A12D-07,0.19860529571610563,0
TCGA-A2-A1G6-01A-11R-A13Q-07,0.35813293807107527,1
TCGA-B6-A1KC-01B-11R-A157-07,0.7576279880997989,1
TCGA-OL-A5RZ-01A-11R-A28M-07,0.8638316788153614,1
TCGA-A8-A07I-01A-11R-A00Z-07,0.6001061609074567,0
TCGA-A2-A0T0-01A-22R-A084-07,0.7325086653773409,1
TCGA-BH-A42V-01A-11R-A24H-07,0.6781057462674853,1
TCGA-GM-A3XN-01A-12R-A22U-07,0.5714706547626633,1
TCGA-D8-A3Z6-01A-11R-A239-07,0.6637435567457763,1
TCGA-B6-A0IQ-01A-11R-A034-07,0.7740884806212269,1
TCGA-A8-A095-01A-11R-A00Z-07,0.7352660389101823,1
TCGA-AO-A125-01A-11R-A10J-07,0.8887144293750333,1
TCGA-EW-A6SA-01A-21R-A32P-07,0.2768012850024035,0
TCGA-BH-A0DD-01A-31R-A12P-07,0.6004789982161091,1
TCGA-AO-A0J3-01A-11R-A034-07,0.3915849250516668,0
TCGA-A2-A3XS-01A-11R-A22U-07,0.21632024803887673,0
TCGA-AC-A8OR-01A-21R-A41B-07,0.614364559627563,1
TCGA-BH-A0HK-01A-11R-A056-07,0.7063601062968475,1
TCGA-E2-A1IG-01A-11R-A144-07,0.48659435317208033,1
TCGA-AO-A12B-01A-11R-A10J-07,0.5879144622001234,1
TCGA-EW-A1J5-01A-11R-A13Q-07,0.7244018672937431,1
TCGA-C8-A12Q-01A-11R-A115-07,0.7810749671112326,1
TCGA-A2-A0EQ-01A-11R-A034-07,0.14419806524935513,0
TCGA-GM-A3XL-01A-11R-A22U-07,0.6873232425551778,1
TCGA-BH-A1EU-01A-11R-A137-07,0.8434512374703347,1
TCGA-BH-A0RX-01A-21R-A084-07,0.5964886313568203,1
TCGA-E9-A1RF-01A-11R-A157-07,0.6886293748697352,1
TCGA-AC-A2QI-01A-12R-A19W-07,0.6417668625981036,1
TCGA-A8-A090-01A-11R-A00Z-07,0.4009236710580483,0
TCGA-AR-A5QQ-01A-11R-A28M-07,0.77779694731996,1
TCGA-XX-A899-01A-11R-A36F-07,0.7477550079425932,1
TCGA-E2-A156-01A-11R-A12D-07,0.6899354478403399,1
TCGA-AN-A04C-01A-21R-A034-07,0.08802620617029346,0
TCGA-AN-A0AT-01A-11R-A034-07,0.46729599097260194,1
TCGA-UL-AAZ6-01A-11R-A41B-07,0.7980307401540013,1
TCGA-D8-A1X9-01A-12R-A157-07,0.7164300375496094,1
TCGA-E9-A22E-01A-11R-A157-07,0.9340711460882469,1
TCGA-BH-A1FB-01A-11R-A13Q-07,0.7369121295577092,1
TCGA-C8-A8HR-01A-11R-A36F-07,0.5069936322103874,1
TCGA-EW-A2FR-01A-11R-A21T-07,0.9044788714746214,1
TCGA-AN-A0AJ-01A-11R-A00Z-07,0.7937014045676063,1
TCGA-LD-A7W6-01A-81R-A352-07,0.5821760802217871,1
TCGA-BH-A0B6-01A-11R-A19W-07,0.7305909514610415,1
TCGA-AR-A252-01A-11R-A169-07,0.8190557295150211,1
TCGA-AR-A254-01A-21R-A169-07,0.8090115588409043,1
TCGA-AO-A03P-01A-11R-A00Z-07,0.7249174209456307,1
TCGA-A8-A07O-01A-11R-A00Z-07,0.303237447007975,0
TCGA-EW-A1PE-01A-11R-A144-07,0.40408612626774737,0
TCGA-AR-A2LL-01A-11R-A180-07,0.5423066381808009,1
TCGA-A7-A26H-01A-11R-A169-07,0.6089572155631322,1
TCGA-C8-A26Z-01A-11R-A16F-07,0.5719164909632156,1
TCGA-AO-A0J9-01A-11R-A034-07,0.7858195166295782,1
TCGA-EW-A1PF-01A-11R-A144-07,0.710152263068052,1
TCGA-A2-A25F-01A-11R-A169-07,0.8120675597912106,1
TCGA-D8-A73W-01A-22R-A352-07,0.6979991073526088,1
TCGA-AR-A2LJ-01A-12R-A19W-07,0.555929279135043,0
TCGA-A8-A07C-01A-11R-A034-07,0.927324352358964,1
TCGA-E9-A245-01A-22R-A16F-07,0.2752621756589554,0
TCGA-B6-A408-01A-12R-A24H-07,0.38549550363261975,0
TCGA-AR-A255-01A-11R-A169-07,0.5120125173399822,0
TCGA-E2-A1L6-01A-11R-A13Q-07,0.4899847829900729,0
TCGA-E9-A295-01A-11R-A16F-07,0.6116465086570673,1
TCGA-BH-A1FE-01A-11R-A13Q-07,0.5329950852433128,0
TCGA-BH-A1FM-01A-11R-A13Q-07,0.5523696850438548,0
TCGA-OL-A5RU-01A-11R-A28M-07,0.6746706084583443,1
TCGA-C8-A1HO-01A-11R-A13Q-07,0.32375997952242197,0
TCGA-GM-A2DO-01A-11R-A18M-07,0.7219843494380742,0
TCGA-AN-A0FZ-01A-11R-A034-07,0.7193522157397692,1
TCGA-D8-A1JN-01A-11R-A13Q-07,0.8639950455504373,1
TCGA-OL-A6VO-01A-12R-A33J-07,0.11560291029319306,0
TCGA-AN-A0FV-01A-11R-A00Z-07,0.470202968492189,1
TCGA-D8-A1J9-01A-11R-A13Q-07,0.6216211302707516,1
TCGA-B6-A0IB-01A-11R-A034-07,0.7295692236345764,1
TCGA-A8-A06R-01A-11R-A00Z-07,0.43731051870311904,0
TCGA-AR-A24H-01A-11R-A169-07,0.4963812668595263,1
TCGA-E2-A109-01A-11R-A10J-07,0.6196931595063622,1
TCGA-AR-A5QN-01A-12R-A28M-07,0.6150892064062168,1
TCGA-A2-A0EX-01A-21R-A034-07,0.568889333413513,1
TCGA-C8-A12N-01A-11R-A115-07,0.6915663829396117,1
TCGA-A2-A259-01A-11R-A16F-07,0.7823814404411644,1
TCGA-AO-A12A-01A-21R-A115-07,0.4598971224768285,0
TCGA-A7-A3RF-01A-11R-A22K-07,0.6461045176123991,1
TCGA-AN-A0FS-01A-11R-A034-07,0.6525330948473218,1
TCGA-C8-A26W-01A-11R-A16F-07,0.7205142586331876,1
TCGA-E9-A1RC-01A-11R-A157-07,0.8028717248386738,1
TCGA-E2-A1B0-01A-11R-A12P-07,0.5532342512064617,1
TCGA-AO-A126-01A-11R-A10J-07,0.7347505762367165,1
TCGA-AC-A4ZE-01A-11R-A41B-07,0.5131166744088342,0
TCGA-E9-A229-01A-31R-A157-07,0.6617064527893748,1
TCGA-EW-A1P1-01A-31R-A14D-07,0.04257430536162245,0
TCGA-BH-AB28-01A-31R-A41B-07,0.6358617845254324,1
TCGA-A8-A08P-01A-11R-A00Z-07,0.2151106719499988,0
TCGA-EW-A1IX-01A-12R-A144-07,0.3786710348608914,0
TCGA-LL-A73Z-01A-11R-A32P-07,0.27570943480318716,0
TCGA-E9-A1R7-01A-11R-A14M-07,0.8455408485327215,1
TCGA-BH-A1F2-01A-31R-A13Q-07,0.45515036856764496,0
TCGA-A8-A0A6-01A-12R-A056-07,0.7512284071225098,1
TCGA-A1-A0SE-01A-11R-A084-07,0.6153518911477249,1
TCGA-E9-A1NG-01A-21R-A14M-07,0.8840568329380231,1
TCGA-B6-A1KF-01A-11R-A13Q-07,0.8696698497531394,1
TCGA-BH-A0EE-01A-11R-A034-07,0.6824601810894242,1
TCGA-BH-A0BD-01A-11R-A034-07,0.7100213733968183,1
TCGA-OL-A5RY-01A-21R-A28M-07,0.4473674357417934,1
TCGA-E9-A1RD-01A-11R-A157-07,0.7316524589735229,1
TCGA-AR-A24K-01A-11R-A169-07,0.5878538378929707,1
TCGA-BH-A0BP-01A-11R-A115-07,0.6904529015736747,1
TCGA-C8-A130-01A-31R-A115-07,0.7129494650438473,1
TCGA-B6-A0RG-01A-11R-A056-07,0.6651455332259033,1
TCGA-E9-A1NA-01A-11R-A144-07,0.7696527243489749,1
TCGA-A8-A0A2-01A-11R-A034-07,0.42737101480844325,0
TCGA-E2-A14V-01A-11R-A12D-07,0.35413881632054045,0
TCGA-E2-A1LL-01A-11R-A144-07,0.8583677430231242,1
TCGA-AR-A24M-01A-11R-A169-07,0.9015274277135222,1
TCGA-A8-A0AB-01A-11R-A034-07,0.7699221969949167,1
TCGA-C8-A1HL-01A-11R-A137-07,0.7061016114453892,1
TCGA-OL-A66P-01A-11R-A31O-07,0.32032889137978937,0
TCGA-OL-A66K-01A-11R-A29R-07,0.6941430756718967,1
TCGA-BH-A0HF-01A-11R-A056-07,0.742080205206136,1
TCGA-AN-A03X-01A-21R-A00Z-07,0.7108491285462455,1
TCGA-A2-A1FV-01A-11R-A13Q-07,0.8570470989363861,1
TCGA-E9-A3HO-01A-11R-A213-07,0.7993481263754112,1
TCGA-A2-A0YE-01A-11R-A109-07,0.7873368436224643,1
TCGA-A1-A0SP-01A-11R-A084-07,0.6706457954916387,1
TCGA-AO-A0J7-01A-11R-A034-07,0.7779973793901619,1
TCGA-C8-A3M7-01A-12R-A21T-07,0.7729307746159619,1
TCGA-A2-A0YG-01A-21R-A109-07,0.7669785270736078,1
TCGA-E2-A14Y-01A-21R-A12D-07,0.6854918081331209,1
TCGA-EW-A424-01A-11R-A24H-07,0.6461345601710647,1
TCGA-D8-A141-01A-11R-A115-07,0.7050117678020541,1
TCGA-C8-A1HJ-01A-11R-A13Q-07,0.890126734082363,1
TCGA-C8-A12O-01A-11R-A115-07,0.5104544486440581,0
TCGA-LL-A442-01A-11R-A24H-07,0.7382533423616768,1
TCGA-C8-A12Z-01A-11R-A115-07,0.594132095326496,1
TCGA-EW-A1OX-01A-11R-A144-07,0.39985141827539816,0
TCGA-E9-A1RG-01A-11R-A14D-07,0.8763047420912153,1
TCGA-AQ-A1H2-01A-11R-A13Q-07,0.4999589862199912,0
TCGA-AR-A24Q-01A-12R-A169-07,0.7910265409906789,1
TCGA-A8-A09K-01A-11R-A00Z-07,0.7185322209865607,1
TCGA-BH-A0W7-01A-11R-A115-07,0.7676579982107408,1
TCGA-BH-A0H0-01A-11R-A056-07,0.3966982832780245,0
TCGA-AO-A0JD-01A-11R-A056-07,0.7875122481846445,1
TCGA-A2-A4RW-01A-21R-A266-07,0.734047343583933,1
TCGA-C8-A12U-01A-11R-A115-07,0.6956526560132826,1
TCGA-C8-A12V-01A-11R-A115-07,0.6718652514588898,1
TCGA-E9-A1NC-01A-21R-A26B-07,0.4803320248519633,1
TCGA-AO-A12G-01A-11R-A10J-07,0.4445298473107031,0
TCGA-S3-AA11-01A-31R-A41B-07,0.6980959544102507,1
TCGA-BH-A0HQ-01A-11R-A034-07,0.7283033123361259,1
TCGA-AO-A03L-01A-41R-A056-07,0.809352990097602,1
TCGA-C8-A1HM-01A-12R-A137-07,0.7290348828522321,1
TCGA-D8-A146-01A-31R-A115-07,0.5433072366049708,0
TCGA-A2-A0EV-01A-11R-A034-07,0.6308992281021519,1
TCGA-E2-A154-01A-11R-A115-07,0.7648501109693371,1
TCGA-E2-A1LE-01A-12R-A19W-07,0.5740100844420319,1
TCGA-E9-A1R5-01A-11R-A14M-07,0.738226629849878,1
TCGA-AC-A3EH-01A-22R-A22K-07,0.6176532820193871,1
TCGA-C8-A12Y-01A-11R-A12D-07,0.6752929504276933,1
TCGA-BH-A0E2-01A-11R-A056-07,0.5152055490898135,0
TCGA-D8-A1XG-01A-11R-A14D-07,0.690264467742682,1
TCGA-OL-A5DA-01A-11R-A27Q-07,0.6879344708500024,1
TCGA-AC-A3HN-01A-11R-A213-07,0.7703778258923738,1
TCGA-B6-A0RP-01A-21R-A084-07,0.6464512173544221,1
TCGA-3C-AALI-01A-11R-A41B-07,0.8716000792443335,1
TCGA-D8-A1Y2-01A-11R-A157-07,0.293797497511079,0
TCGA-S3-AA15-01A-11R-A41B-07,0.8504928000121834,1
TCGA-BH-A0W5-01A-11R-A109-07,0.6602074533690226,1
TCGA-A8-A097-01A-11R-A034-07,0.8023793784053848,1
TCGA-AO-A12D-01A-11R-A115-07,0.8553531984999254,1
TCGA-AN-A04A-01A-21R-A034-07,0.741850856274574,1
TCGA-E2-A1B4-01A-11R-A12P-07,0.6911186467578384,1
TCGA-A8-A09R-01A-11R-A00Z-07,0.7739854533926824,1
TCGA-XX-A89A-01A-11R-A36F-07,0.7394165020638375,1
TCGA-AR-A24O-01A-11R-A169-07,0.7478645462015807,1
TCGA-E2-A1LG-01A-21R-A14M-07,0.9503494260182557,1
TCGA-AC-A8OS-01A-12R-A41B-07,0.6829974505239635,1
TCGA-HN-A2NL-01A-11R-A18M-07,0.5243777436832948,0
TCGA-E9-A1N6-01A-11R-A144-07,0.3059160707068679,0
TCGA-E2-A10C-01A-21R-A10J-07,0.8313016415208485,1
TCGA-BH-A0AU-01A-11R-A12P-07,0.24923172489477805,0
TCGA-A2-A0EW-01A-21R-A115-07,0.7638255881749562,1
TCGA-A8-A07B-01A-11R-A00Z-07,0.8910715860380235,1
TCGA-E2-A15K-01A-11R-A12P-07,0.615821196056726,1
TCGA-EW-A6S9-01A-22R-A33J-07,0.48375115229877563,0
TCGA-AC-A3W5-01A-11R-A22K-07,0.7672302490282867,1
TCGA-BH-A0AV-01A-31R-A115-07,0.8825278791236623,1
TCGA-A2-A0T7-01A-21R-A084-07,0.32956953704890324,0
TCGA-AO-A03V-01A-11R-A115-07,0.831389151509986,1
TCGA-BH-A0DZ-01A-11R-A00Z-07,0.8549031814166095,1
TCGA-AN-A041-01A-11R-A034-07,0.5703002666597056,0
TCGA-B6-A0I5-01A-11R-A034-07,0.8185285420912487,1
TCGA-BH-A0BM-01A-11R-A056-07,0.6612992946889628,1
TCGA-BH-A0GZ-01A-11R-A056-07,0.6695992208276744,1
TCGA-LL-A5YN-01A-11R-A28M-07,0.8251310813898173,1
TCGA-B6-A0RM-01A-11R-A084-07,0.47088754209491085,0
TCGA-A2-A4S3-01A-21R-A266-07,0.6716968577010144,1
TCGA-BH-A201-01A-11R-A14M-07,0.7315043993508924,1
TCGA-A2-A0SV-01A-11R-A084-07,0.3741622165247515,0
TCGA-A8-A07L-01A-11R-A00Z-07,0.6928138551347114,1
TCGA-AR-A2LN-01A-21R-A18M-07,0.49310644451070273,0
TCGA-C8-A278-01A-11R-A169-07,0.4472541496947811,1
TCGA-A2-A0CM-01A-31R-A034-07,0.6411348028343771,1
TCGA-C8-A1HE-01A-11R-A13Q-07,0.6015447743820251,1
TCGA-LL-A7T0-01A-31R-A352-07,0.4730331936338403,0
TCGA-B6-A0WT-01A-11R-A109-07,0.6872618281013654,1
TCGA-OL-A5D6-01A-21R-A27Q-07,0.9876571773671453,1
TCGA-E2-A14S-01A-11R-A12D-07,0.23793454610448977,0
TCGA-AQ-A1H3-01A-31R-A13Q-07,0.6998758941174269,1
TCGA-BH-A1F8-01A-11R-A13Q-07,0.7577778121103359,1
TCGA-A8-A0AD-01A-11R-A056-07,0.6597040069997709,1
TCGA-GM-A2DA-01A-11R-A18M-07,0.7108923582304933,1
TCGA-A2-A0T5-01A-21R-A084-07,0.7435759646012913,1
TCGA-A8-A09M-01A-11R-A00Z-07,0.5271636570649334,1
TCGA-B6-A0X1-01A-11R-A109-07,0.4309295959778864,0
TCGA-AN-A0XU-01A-11R-A109-07,0.7144449258061893,1
TCGA-BH-A1EV-01A-11R-A137-07,0.9073421580177614,1
TCGA-EW-A1OZ-01A-11R-A144-07,0.7912209345810642,1
TCGA-C8-A12X-01A-11R-A115-07,0.6466326347211074,1
TCGA-JL-A3YX-01A-11R-A22U-07,0.6754739162587675,1
TCGA-OL-A5D7-01A-11R-A27Q-07,0.7512197700095641,1
TCGA-E2-A1IK-01A-11R-A144-07,0.28349330969196374,0
TCGA-A2-A0CW-01A-21R-A115-07,0.2247698633180438,0
TCGA-A2-A0ET-01A-31R-A034-07,0.7453361433335373,1
TCGA-B6-A400-01A-11R-A239-07,0.7196836280157269,1
