sample_id,score,y_member
TCGA-E2-A158-01A-11R-A12D-07,0.942856018758162,1
TCGA-AO-A1KO-01A-31R-A13Q-07,0.2967297033045831,1
TCGA-AR-A0TX-01A-11R-A084-07,0.9917452071754291,1
TCGA-D8-A1XB-01A-11R-A14D-07,0.030316724302359398,1
TCGA-B6-A0IG-01A-11R-A034-07,0.15000725518335561,1
TCGA-AC-A5EH-01A-11R-A28M-07,0.9914080751609635,1
TCGA-LL-A7SZ-01A-32R-A352-07,0.02855474705916671,1
TCGA-A7-A26J-01A-11R-A169-07,0.06322999602328389,1
TCGA-E9-A22H-01A-11R-A157-07,0.009810178056968905,1
TCGA-BH-A208-01A-11R-A157-07,0.08522240301792491,0
TCGA-BH-A6R9-01A-21R-A32P-07,0.9399949150643767,1
TCGA-OL-A5S0-01A-11R-A28M-07,0.05658168520815471,1
TCGA-A1-A0SD-01A-11R-A115-07,0.954903672951657,1
TCGA-AO-A0JB-01A-11R-A32Y-07,0.01240974852397567,0
TCGA-E2-A1BD-01A-11R-A12P-07,0.9028972135569434,1
TCGA-AN-A0AS-01A-11R-A00Z-07,0.49321978863177784,1
TCGA-A7-A13G-01A-11R-A13Q-07,0.9015100306564857,0
TCGA-B6-A0RS-01A-11R-A084-07,0.9950367806956288,1
TCGA-A2-A4S0-01A-21R-A266-07,0.01917178871328671,1
TCGA-BH-A1F5-01A-12R-A13Q-07,0.05073580346053835,1
TCGA-A2-A0CX-01A-21R-A00Z-07,0.052745474212470216,1
TCGA-A7-A13D-01A-13R-A12P-07,0.9972440139327153,1
TCGA-AN-A03Y-01A-21R-A00Z-07,0.9956924184113025,1
TCGA-E9-A1ND-01A-11R-A144-07,0.9940396684030413,1
TCGA-EW-A1P5-01A-11R-A144-07,0.9859258440080867,1
TCGA-EW-A423-01A-11R-A24H-07,0.014539505973695667,1
TCGA-A7-A5ZV-01A-11R-A28M-07,0.6752717024604556,0
TCGA-C8-A8HP-01A-11R-A36F-07,0.9943249596856631,1
TCGA-AQ-A54O-01A-11R-A266-07,0.1174582071528709,1
TCGA-E9-A5FK-01A-11R-A27Q-07,0.01050538608824082,1
TCGA-D8-A142-01A-11R-A115-07,0.9953445548710569,1
TCGA-BH-A0BC-01A-22R-A084-07,0.9685221553103427,1
TCGA-A2-A0EY-01A-11R-A034-07,0.9955469117042427,1
TCGA-D8-A1J8-01A-11R-A13Q-07,0.012228231445380922,1
TCGA-A8-A06Y-01A-21R-A00Z-07,0.997297711566476,1
TCGA-EW-A1J1-01A-11R-A13Q-07,0.9936164000264278,1
TCGA-BH-A0C0-01A-21R-A056-07,0.9877048944835131,1
TCGA-AC-A2FK-01A-12R-A180-07,0.011621353729716587,1
TCGA-A2-A3XV-01A-21R-A239-07,0.3152734443178969,1
TCGA-BH-A0HB-01A-11R-A056-07,0.02168480680506415,0
TCGA-AN-A0XL-01A-11R-A10J-07,0.9913630420663534,1
TCGA-E2-A10B-01A-11R-A10J-07,0.9923697546482525,1
TCGA-A2-A04X-01A-21R-A034-07,0.9939049972438331,1
TCGA-AR-A1AN-01A-11R-A12P-07,0.024395403703271822,0
TCGA-A2-A0EM-01A-11R-A034-07,0.9757879286312434,1
TCGA-B6-A0WS-01A-11R-A115-07,0.9940159461204702,1
TCGA-D8-A1XD-01A-11R-A14D-07,0.018644589030771447,1
TCGA-A8-A091-01A-11R-A00Z-07,0.10189235708334164,1
TCGA-E9-A2JS-01A-11R-A180-07,0.021044651516595243,1
TCGA-A2-A1G1-01A-21R-A13Q-07,0.16897949234722798,0
TCGA-E9-A22B-01A-11R-A157-07,0.26442323836915954,1
TCGA-D8-A27G-01A-11R-A16F-07,0.026843161292566836,0
TCGA-A7-A13E-01A-11R-A12P-07,0.9928623164329236,1
TCGA-BH-A0AY-01A-21R-A00Z-07,0.996397217494613,1
TCGA-E2-A1L7-01A-11R-A144-07,0.995766384944691,1
TCGA-AN-A046-01A-21R-A034-07,0.9841913897793043,1
TCGA-AN-A0AL-01A-11R-A00Z-07,0.8908084850012441,1
TCGA-D8-A27K-01A-11R-A16F-07,0.05071833009836208,1
TCGA-BH-A0DO-01B-11R-A12D-07,0.11544710946408343,1
TCGA-A7-A4SB-01A-21R-A266-07,0.9624632648445557,1
TCGA-EW-A6SB-01A-12R-A32P-07,0.04249018670024078,1
TCGA-D8-A1JM-01A-11R-A13Q-07,0.2556492882667996,0
TCGA-OL-A66J-01A-11R-A29R-07,0.7700011426508923,1
TCGA-D8-A13Y-01A-11R-A115-07,0.49969362133194983,0
TCGA-AR-A24N-01A-11R-A169-07,0.01611095168784063,0
TCGA-BH-A0B1-01A-12R-A056-07,0.015023525142811465,1
TCGA-B6-A0RN-01A-12R-A084-07,0.8807742620087964,1
TCGA-A2-A0T1-01A-21R-A084-07,0.268615243757506,0
TCGA-AN-A0AM-01A-11R-A034-07,0.014367936185908974,1
TCGA-E2-A1LA-01A-11R-A144-07,0.9948935823105867,1
TCGA-JL-A3YW-01A-12R-A239-07,0.9938412779563179,1
TCGA-BH-A0H3-01A-11R-A12P-07,0.20403279999450077,1
TCGA-E2-A1IF-01A-11R-A144-07,0.9907951934911067,1
TCGA-C8-A26X-01A-31R-A16F-07,0.09806001627833369,1
TCGA-A8-A09B-01A-11R-A00Z-07,0.10490889275366999,1
TCGA-A7-A26G-01A-21R-A169-07,0.4134307053488712,1
TCGA-AC-A2FE-01A-11R-A19W-07,0.024358175611677947,1
TCGA-A8-A08G-01A-11R-A00Z-07,0.997597386640918,1
TCGA-AN-A0FJ-01A-11R-A00Z-07,0.42201767437389165,0
TCGA-B6-A0RV-01A-11R-A084-07,0.9967121189139889,1
TCGA-B6-A0WV-01A-11R-A109-07,0.9858209877200373,1
TCGA-A8-A07P-01A-11R-A00Z-07,0.9953183992349436,1
TCGA-A8-A08H-01A-21R-A00Z-07,0.5362920686534041,1
TCGA-AR-A0TW-01A-11R-A084-07,0.03185260102860006,1
TCGA-E2-A15F-01A-11R-A115-07,0.0336669481091752,0
TCGA-B6-A0WX-01A-11R-A109-07,0.9973588377434175,1
TCGA-D8-A1Y1-01A-21R-A14M-07,0.009366560298266458,0
TCGA-E2-A14Z-01A-11R-A115-07,0.9859812075167186,1
TCGA-A2-A25A-01A-12R-A16F-07,0.012262337117925268,1
TCGA-A2-A0CT-01A-31R-A056-07,0.044677547951041965,1
TCGA-HN-A2OB-01A-21R-A27Q-07,0.026458520446204507,1
TCGA-B6-A0RT-01A-21R-A084-07,0.04525161024817425,0
TCGA-AR-A24T-01A-11R-A169-07,0.12532829718524727,1
TCGA-E9-A1R0-01A-22R-A16F-07,0.029168732182204254,0
TCGA-E9-A5FL-01A-11R-A27Q-07,0.1276028100413007,0
TCGA-E2-A3DX-01A-21R-A213-07,0.05040987894203281,1
TCGA-E2-A14T-01A-11R-A115-07,0.033131989865368375,0
TCGA-A2-A4RY-01A-31R-A266-07,0.016108731531796268,1
TCGA-AR-A2LK-01A-11R-A180-07,0.007679215690871695,0
TCGA-BH-A42U-01A-12R-A24H-07,0.014389663067294368,1
TCGA-AO-A12C-01A-11R-A10J-07,0.6484837959557422,1
TCGA-A2-A3XY-01A-11R-A239-07,0.2803242729251416,1
TCGA-D8-A73X-01A-11R-A32P-07,0.0163216174929594,1
TCGA-AR-A2LO-01A-31R-A18M-07,0.06316735456611657,1
TCGA-AO-A0JJ-01A-11R-A056-07,0.9778136036144545,1
TCGA-LD-A74U-01A-13R-A33J-07,0.041577886712254646,1
TCGA-AN-A0XN-01A-21R-A109-07,0.9842244495627998,1
TCGA-E2-A107-01A-11R-A10J-07,0.9964548447776804,1
TCGA-A7-A6VV-01A-22R-A33J-07,0.9969852746351264,1
TCGA-AC-A5XS-01A-11R-A29R-07,0.9962597482194488,1
TCGA-BH-A0H6-01A-21R-A056-07,0.7896506662760656,1
TCGA-AC-A23C-01A-12R-A169-07,0.05776305822719575,0
TCGA-E9-A1NH-01A-11R-A14D-07,0.02332806927581195,1
TCGA-D8-A1XW-01A-11R-A14M-07,0.9462912216808255,0
TCGA-AO-A0JG-01A-31R-A084-07,0.9977805390072965,1
TCGA-BH-A18N-01A-11R-A12D-07,0.8103851028159268,1
TCGA-A1-A0SO-01A-22R-A084-07,0.9871738402964136,1
TCGA-BH-A0B5-01A-11R-A12P-07,0.9756396116362356,1
TCGA-A8-A09T-01A-11R-A00Z-07,0.9941684497878445,1
TCGA-BH-A0BR-01A-21R-A115-07,0.03510369471596196,0
TCGA-D8-A27W-01A-11R-A16F-07,0.006221726730302661,1
TCGA-BH-A0BW-01A-11R-A115-07,0.10242843618509087,1
TCGA-GM-A2DB-01A-31R-A18M-07,0.05949192738889166,1
TCGA-AC-A2QH-01A-11R-A18M-07,0.9425263328418619,0
TCGA-D8-A1JB-01A-11R-A13Q-07,0.03652967577627932,0
TCGA-BH-A1ES-01A-11R-A137-07,0.45139965794236636,1
TCGA-OL-A97C-01A-32R-A41B-07,0.3901736606252431,0
TCGA-A2-A0YF-01A-21R-A109-07,0.1179759956037821,1
TCGA-D8-A1XS-01A-11R-A14M-07,0.012956902289521056,1
TCGA-D8-A140-01A-11R-A115-07,0.9961754780520873,1
TCGA-A8-A09Q-01A-11R-A00Z-07,0.009910278241848666,0
TCGA-B6-A0I1-01A-11R-A21T-07,0.9531097456983506,1
TCGA-AO-A0JE-01A-11R-A056-07,0.11414366166074646,0
TCGA-A2-A1FW-01A-11R-A13Q-07,0.6432594857258256,1
TCGA-D8-A1XY-01A-11R-A14M-07,0.9901876222180669,1
TCGA-A2-A04R-01A-41R-A109-07,0.9031066607433803,1
TCGA-A2-A1FX-01A-11R-A13Q-07,0.9964736072336803,1
TCGA-A8-A07W-01A-11R-A00Z-07,0.03775966674490096,1
TCGA-D8-A1XK-01A-21R-A14M-07,0.9234663715013037,1
TCGA-D8-A3Z5-01A-41R-A24H-07,0.02231811433190929,1
TCGA-LL-A5YM-01A-11R-A28M-07,0.09708108237390933,1
TCGA-B6-A0IJ-01A-11R-A034-07,0.9841839821624682,1
TCGA-A8-A06N-01A-11R-A00Z-07,0.2124958664736653,1
TCGA-GM-A2DM-01A-11R-A180-07,0.005215457439600061,0
TCGA-E2-A15D-01A-11R-A115-07,0.3443237360578137,1
TCGA-B6-A1KI-01A-11R-A14M-07,0.9983110466546785,1
TCGA-D8-A1JS-01A-11R-A13Q-07,0.06307327355463246,0
TCGA-PE-A5DD-01A-12R-A27Q-07,0.015358595747213277,0
TCGA-BH-A0BG-01A-11R-A115-07,0.28259042107822385,0
TCGA-LL-A6FQ-01A-11R-A31O-07,0.07649965638695429,1
TCGA-E2-A1IN-01A-11R-A13Q-07,0.08741853634560626,1
TCGA-A8-A06T-01A-11R-A00Z-07,0.02519773160161768,0
TCGA-B6-A402-01A-11R-A239-07,0.9956449462195185,1
TCGA-E2-A9RU-01A-11R-A41B-07,0.9681165470323437,1
TCGA-A2-A3XW-01A-11R-A239-07,0.023966827804632773,0
TCGA-B6-A0RU-01A-11R-A084-07,0.9973888541533931,1
TCGA-A8-A086-01A-11R-A00Z-07,0.9931891442522025,1
TCGA-B6-A40C-01A-11R-A239-07,0.9974932524825,1
TCGA-D8-A1JF-01A-11R-A13Q-07,0.49822845792171944,1
TCGA-A2-A0T6-01A-11R-A084-07,0.23428972525353556,1
TCGA-BH-A1FG-01A-11R-A13Q-07,0.9939056897931804,1
TCGA-GM-A3NY-01A-11R-A21T-07,0.17766879519710954,0
TCGA-AN-A0AK-01A-21R-A00Z-07,0.007853020779283421,0
TCGA-BH-A1FC-01A-11R-A13Q-07,0.9972954351332692,1
TCGA-E9-A227-01A-11R-A157-07,0.998081407075931,1
TCGA-BH-A18P-01A-11R-A12D-07,0.5692509370656612,1
TCGA-E2-A15R-01A-11R-A115-07,0.07573707014460018,1
TCGA-BH-A0WA-01A-11R-A109-07,0.9953316181366272,1
TCGA-BH-A42T-01A-11R-A24H-07,0.9904579577350264,1
TCGA-AC-A23H-01A-11R-A157-07,0.9875808180959625,1
TCGA-OL-A66I-01A-21R-A29R-07,0.9198112552231759,1
TCGA-S3-AA17-01A-11R-A41B-07,0.9955944525893661,1
TCGA-AR-A1AL-01A-21R-A12P-07,0.023457531177297836,1
TCGA-AC-A2B8-01A-11R-A17B-07,0.030770216354899245,1
TCGA-D8-A1XO-01A-11R-A14M-07,0.9386283925263013,1
TCGA-C8-A26Y-01A-11R-A16F-07,0.9946053135988533,1
TCGA-BH-A0DG-01A-21R-A12P-07,0.9677585658713664,1
TCGA-E9-A243-01A-21R-A169-07,0.05970402562057807,1
TCGA-A2-A04W-01A-31R-A115-07,0.24510991127147277,0
TCGA-A8-A09G-01A-21R-A00Z-07,0.2013294726087596,1
TCGA-BH-A0DI-01A-21R-A12P-07,0.8288858108608292,1
TCGA-E2-A152-01A-11R-A12D-07,0.9976749977391376,1
TCGA-AQ-A7U7-01A-22R-A352-07,0.0943165695721704,1
TCGA-BH-A0BZ-01A-31R-A12P-07,0.06642391413653184,0
TCGA-EW-A1OV-01A-11R-A144-07,0.8694903385541757,1
TCGA-A8-A0A7-01A-11R-A00Z-07,0.9949341300090173,1
TCGA-BH-A1EN-01A-11R-A13Q-07,0.8975410745665883,0
TCGA-E2-A1IE-01A-11R-A13Q-07,0.5536854009698402,1
TCGA-BH-A0HW-01A-11R-A034-07,0.006239163662087054,1
TCGA-BH-A0BJ-01A-11R-A056-07,0.5511425526854742,1
TCGA-AO-A03N-01B-11R-A10J-07,0.06894480559376849,0
TCGA-EW-A1P3-01A-11R-A144-07,0.010557971902157764,0
TCGA-B6-A0I2-01A-11R-A034-07,0.9948683895826897,1
TCGA-EW-A1PD-01A-11R-A144-07,0.9953946127857324,1
TCGA-B6-A0IH-01A-11R-A115-07,0.29842719935863704,1
TCGA-E2-A15M-01A-11R-A12D-07,0.23539448743840927,1
TCGA-BH-A0H9-01A-11R-A056-07,0.3674498892287845,1
TCGA-BH-A0HL-01A-11R-A10U-07,0.12513735149146532,1
TCGA-A8-A07G-01A-11R-A034-07,0.015631288981815972,0
TCGA-E2-A1IL-01A-11R-A14D-07,0.1593749564923613,1
TCGA-AR-A0U4-01A-11R-A109-07,0.9931374833180545,1
TCGA-D8-A147-01A-11R-A115-07,0.9828119769278092,1
TCGA-BH-A0HY-01A-11R-A056-07,0.9965049024621346,1
TCGA-D8-A1XT-01A-11R-A14M-07,0.9966616539572419,1
TCGA-E2-A14W-01A-11R-A12D-07,0.9938058441293053,1
TCGA-E9-A1RB-01A-11R-A157-07,0.004960828056423133,0
TCGA-LL-A5YL-01A-12R-A29R-07,0.007933449570572366,1
TCGA-WT-AB41-01A-11R-A41B-07,0.023248934288533783,0
TCGA-A8-A09Z-01A-11R-A00Z-07,0.9448613312466896,1
TCGA-AN-A0FX-01A-11R-A034-07,0.9968789253227939,1
TCGA-B6-A409-01A-11R-A24H-07,0.690237352577926,1
TCGA-EW-A1PG-01A-11R-A144-07,0.8245266348116115,1
TCGA-OL-A6VR-01A-32R-A33J-07,0.005914774664682096,0
TCGA-BH-A1FN-01A-11R-A13Q-07,0.05104884631618658,0
TCGA-AR-A2LR-01A-12R-A18M-07,0.11583861737837274,0
TCGA-A7-A5ZX-01A-12R-A29R-07,0.007137548696886042,1
TCGA-LL-A73Y-01A-11R-A33J-07,0.09116893454111738,1
TCGA-A2-A25D-01A-12R-A16F-07,0.9962354034137705,1
TCGA-BH-A0C7-01B-11R-A115-07,0.268592263642828,1
TCGA-E2-A570-01A-11R-A29R-07,0.994879440138928,1
TCGA-BH-A1FL-01A-11R-A13Q-07,0.01520984862411252,0
TCGA-A1-A0SG-01A-11R-A144-07,0.9868646052315707,1
TCGA-A8-A07U-01A-11R-A034-07,0.9963367974359179,1
TCGA-E2-A15L-01A-11R-A12D-07,0.9958929076531233,1
TCGA-E9-A1R4-01A-21R-A14D-07,0.020285552890637455,1
TCGA-AR-A0TS-01A-11R-A115-07,0.997032147319433,1
TCGA-E2-A10F-01A-11R-A10J-07,0.12167958024606447,1
TCGA-AO-A128-01A-11R-A10J-07,0.9943295998828171,1
TCGA-AR-A0U3-01A-11R-A109-07,0.9699059995987905,1
TCGA-BH-A0DL-01A-11R-A115-07,0.14024844147339421,0
TCGA-A7-A0D9-01A-31R-A056-07,0.9658470188573743,1
TCGA-AN-A0FD-01A-11R-A034-07,0.9979354408654634,1
TCGA-A2-A0YK-01A-22R-A109-07,0.01659265108426434,1
TCGA-BH-A1FH-01A-12R-A13Q-07,0.05003587437368237,0
TCGA-C8-A12T-01A-11R-A115-07,0.014230260066909466,0
TCGA-B6-A2IU-01A-32R-A18M-07,0.21102853018999101,1
TCGA-4H-AAAK-01A-12R-A41B-07,0.9812795584555302,1
TCGA-E2-A1IU-01A-11R-A14D-07,0.9822292692917605,1
TCGA-3C-AALK-01A-11R-A41B-07,0.015987652997341513,0
TCGA-D8-A27M-01A-11R-A16F-07,0.3338466393381444,1
TCGA-E2-A56Z-01A-12R-A29R-07,0.8473527141799471,1
TCGA-AO-A1KQ-01A-11R-A13Q-07,0.0724749492868747,1
TCGA-AR-A2LE-01A-11R-A180-07,0.4501193665566796,0
TCGA-E2-A1BC-01A-11R-A12P-07,0.11120252900246202,1
TCGA-BH-A0E6-01A-11R-A034-07,0.08233863816509016,0
TCGA-AO-A0J2-01A-11R-A034-07,0.7937043957857406,0
TCGA-A7-A6VX-01A-12R-A33J-07,0.9946166521286401,1
TCGA-E2-A1LI-01A-12R-A157-07,0.9969691794512112,1
TCGA-AR-A1AT-01A-11R-A12P-07,0.9222526138094522,1
TCGA-A7-A426-01A-22R-A24H-07,0.00996731187763496,1
TCGA-A2-A25C-01A-11R-A169-07,0.062605419364132,1
TCGA-B6-A0RL-01A-11R-A084-07,0.9450564079304881,1
TCGA-OK-A5Q2-01A-11R-A27Q-07,0.9160313198271068,1
TCGA-E9-A244-01A-11R-A169-07,0.9932889434096575,1
TCGA-E9-A1R6-01A-11R-A14D-07,0.006922996791382106,0
TCGA-BH-A8G0-01A-11R-A352-07,0.009775767500550349,1
TCGA-EW-A1IZ-01A-11R-A13Q-07,0.9941819192435603,1
TCGA-AO-A0J5-01A-11R-A034-07,0.9971550913326835,1
TCGA-E2-A1AZ-01A-11R-A12P-07,0.31406450019484233,1
TCGA-B6-A0RE-01A-11R-A056-07,0.054226700455633346,0
TCGA-A7-A4SE-01A-11R-A266-07,0.9921513982856683,1
TCGA-LL-A740-01A-21R-A32P-07,0.9062241207582289,1
TCGA-A8-A07R-01A-21R-A034-07,0.8611019807409563,1
TCGA-S3-AA10-01A-21R-A41B-07,0.052952411097951596,0
TCGA-A7-A4SF-01A-11R-A266-07,0.9794643580350934,1
TCGA-A7-A0CG-01A-12R-A056-07,0.18670615963386739,1
TCGA-E2-A1LS-01A-12R-A157-07,0.22282601041665173,1
TCGA-AR-A24P-01A-11R-A169-07,0.9663824245969675,1
TCGA-E9-A54Y-01A-11R-A466-07,0.8976960046475722,1
TCGA-AO-A0JA-01A-11R-A056-07,0.9910795046166467,1
TCGA-A8-A08A-01A-11R-A32Y-07,0.9976316022829075,1
TCGA-AR-A24V-01A-21R-A169-07,0.8959680134838435,1
TCGA-A2-A0CO-01A-13R-A22K-07,0.023412821105615874,0
TCGA-E2-A15I-01A-21R-A137-07,0.021464275105483203,1
TCGA-A2-A0SU-01A-11R-A084-07,0.9925911848461728,1
TCGA-AC-A3OD-01A-11R-A21T-07,0.7508554927446851,1
TCGA-AC-A3YJ-01A-11R-A22U-07,0.006740696847284954,1
TCGA-AR-A0TZ-01A-12R-A084-07,0.08189162815540747,1
TCGA-A2-A0D3-01A-11R-A115-07,0.09932156489804013,1
TCGA-BH-A18L-01A-32R-A12D-07,0.9192002285521794,1
TCGA-EW-A2FW-01A-11R-A17B-07,0.01124066711899802,1
TCGA-A2-A0YL-01A-21R-A109-07,0.340795834481049,1
TCGA-E9-A54X-01A-11R-A266-07,0.12125577529157394,1
TCGA-BH-A18F-01A-11R-A12D-07,0.15943270996372225,0
TCGA-W8-A86G-01A-21R-A36F-07,0.014874192512529045,1
TCGA-A8-A08T-01A-21R-A00Z-07,0.9963040635041268,1
TCGA-BH-A1EX-01A-11R-A13Q-07,0.962653679993671,1
TCGA-A8-A08O-01A-21R-A056-07,0.06599520633732492,1
TCGA-AC-A6IX-01A-12R-A32P-07,0.936069826603989,1
TCGA-C8-A27B-01A-11R-A169-07,0.9970579432162872,1
TCGA-PL-A8LZ-01A-31R-A36F-07,0.9229937410749436,1
TCGA-AR-A1AQ-01A-11R-A12P-07,0.6166658188697991,1
TCGA-BH-A1FU-01A-11R-A14D-07,0.1440816306967299,0
TCGA-A2-A0SY-01A-31R-A084-07,0.9926600091572049,1
TCGA-BH-A1EW-01A-11R-A137-07,0.9870140241257552,1
TCGA-GM-A3NW-01A-21R-A22K-07,0.8503325848243701,1
TCGA-BH-A0W4-01A-11R-A109-07,0.08616369625218606,1
TCGA-AR-A1AS-01A-11R-A12P-07,0.9910935860414838,1
TCGA-EW-A1J6-01A-11R-A13Q-07,0.010982106728786184,0
TCGA-AC-A6NO-01A-12R-A33J-07,0.06271759788979347,1
TCGA-A7-A0CE-01A-11R-A00Z-07,0.9927797232950638,1
TCGA-BH-A6R8-01A-21R-A33J-07,0.008363414448236302,1
TCGA-EW-A1OY-01A-11R-A144-07,0.7050241193202754,1
TCGA-BH-A0BS-01A-11R-A12P-07,0.7323336851866228,1
TCGA-A7-A6VY-01A-12R-A33J-07,0.1288694463926867,0
TCGA-A2-A0CK-01A-11R-A22K-07,0.1935995822144713,1
TCGA-AO-A12H-01A-11R-A115-07,0.035359304070660055,1
TCGA-C8-A12L-01A-11R-A115-07,0.9907423195920906,1
TCGA-A1-A0SQ-01A-21R-A144-07,0.009715445263932521,0
TCGA-A7-A56D-01A-11R-A27Q-07,0.28448932026261986,1
TCGA-A8-A09I-01A-22R-A034-07,0.9925784289344012,1
TCGA-BH-A0DH-01A-11R-A084-07,0.9909058116006925,1
TCGA-B6-A0X0-01A-21R-A115-07,0.9899499994126306,1
TCGA-S3-AA12-01A-11R-A41B-07,0.16251885629666285,0
TCGA-E2-A159-01A-11R-A115-07,0.9983076830947011,1
TCGA-D8-A27V-01A-12R-A17B-07,0.9047744683787199,1
TCGA-D8-A1JT-01A-31R-A13Q-07,0.03010070130195939,0
TCGA-C8-A138-01A-11R-A115-07,0.9567802435613009,1
TCGA-AO-A0J6-01A-11R-A034-07,0.9973759097596002,1
TCGA-AR-A24R-01A-11R-A169-07,0.9955689481432084,1
TCGA-AR-A0TY-01A-12R-A115-07,0.10465300653519787,1
TCGA-E9-A1QZ-01A-21R-A169-07,0.6706171714618139,1
TCGA-AR-A24W-01A-11R-A169-07,0.07153460271820625,1
TCGA-LL-A5YP-01A-21R-A28M-07,0.9949895357364891,1
TCGA-B6-A0WY-01A-11R-A109-07,0.8186902441177407,1
TCGA-GM-A2DC-01A-11R-A18M-07,0.19025621781139362,1
TCGA-A2-A4S2-01A-12R-A266-07,0.9937280157333314,1
TCGA-A8-A09X-01A-11R-A00Z-07,0.9914605600364024,1
TCGA-OL-A5RV-01A-12R-A28M-07,0.009901467972476187,0
TCGA-E2-A14P-01A-31R-A12D-07,0.6927040535233745,0
TCGA-C8-A8HQ-01A-11R-A36F-07,0.03837333322447631,0
TCGA-AR-A0TP-01A-11R-A084-07,0.587028587994501,1
TCGA-A8-A09A-01A-11R-A00Z-07,0.9873437503138349,1
TCGA-A8-A08L-01A-11R-A00Z-07,0.9965810100891086,1
TCGA-A8-A08F-01A-11R-A00Z-07,0.9952960032891244,1
TCGA-GI-A2C9-01A-11R-A21T-07,0.9920978771931591,1
TCGA-A2-A0SW-01A-11R-A084-07,0.13648020541816838,1
TCGA-LD-A7W5-01A-22R-A352-07,0.2794679988294093,1
TCGA-D8-A27R-01A-11R-A16F-07,0.20587376137445593,1
TCGA-AO-A0JM-01A-21R-A056-07,0.994877846768683,1
TCGA-GM-A2D9-01A-11R-A18M-07,0.7040329653195778,1
TCGA-D8-A1XU-01A-11R-A14M-07,0.9980432677513794,1
TCGA-AO-A1KT-01A-11R-A13Q-07,0.007875666809934151,0
TCGA-C8-A12P-01A-11R-A115-07,0.9951877117998305,1
TCGA-LL-A6FR-01A-12R-A31O-07,0.04422679543802463,1
TCGA-AR-A1AJ-01A-21R-A12P-07,0.22495583161495486,1
TCGA-A8-A09D-01A-11R-A00Z-07,0.9917360347720546,1
TCGA-S3-A6ZF-01A-32R-A32P-07,0.995495610012537,1
TCGA-E2-A150-01A-11R-A12D-07,0.3368241946891895,0
TCGA-BH-A18U-01A-21R-A12D-07,0.9964678202758327,1
TCGA-BH-A0GY-01A-11R-A056-07,0.32681833760377055,1
TCGA-AQ-A54N-01A-11R-A266-07,0.9910914570568837,1
TCGA-C8-A273-01A-11R-A16F-07,0.05132246530713796,0
TCGA-S3-AA14-01A-11R-A41B-07,0.9955792832930177,1
TCGA-A7-A2KD-01A-31R-A21T-07,0.9741911723808053,1
TCGA-C8-A131-01A-11R-A115-07,0.9963272992397179,1
TCGA-E2-A576-01A-11R-A31O-07,0.007601413188278289,1
TCGA-A2-A0T4-01A-31R-A084-07,0.007347969141391188,1
TCGA-A2-A04V-01A-21R-A034-07,0.992901870649783,1
TCGA-AR-A0U0-01A-11R-A109-07,0.9941540218970779,1
TCGA-BH-A0BO-01A-23R-A12D-07,0.9971819298263499,1
TCGA-A2-A3KC-01A-11R-A213-07,0.020635888801354134,1
TCGA-BH-A18T-01A-11R-A12D-07,0.995081580310323,1
TCGA-EW-A1J2-01A-21R-A13Q-07,0.018287752098998085,1
TCGA-A8-A084-01A-21R-A00Z-07,0.9888101702851956,1
TCGA-A8-A08X-01A-21R-A00Z-07,0.12139070541647497,0
TCGA-GM-A2DH-01A-11R-A180-07,0.09497829686212139,0
TCGA-D8-A27L-01A-11R-A16F-07,0.7148638412157989,1
TCGA-A7-A3IZ-01A-11R-A213-07,0.9874762801087547,1
TCGA-AN-A04D-01A-21R-A034-07,0.9885617084069586,1
TCGA-5L-AAT0-01A-12R-A41B-07,0.5284060189781564,1
TCGA-AR-A1AU-01A-11R-A12P-07,0.9954528442308597,1
TCGA-AC-A6IV-01A-12R-A33J-07,0.8743960060510327,1
TCGA-E2-A15C-01A-31R-A12D-07,0.850046454827376,1
TCGA-AO-A1KP-01A-11R-A13Q-07,0.038093610141844314,1
TCGA-E2-A15G-01A-11R-A12D-07,0.01273115598942917,1
TCGA-A2-A3KD-01A-12R-A213-07,0.9983847438922706,1
TCGA-D8-A1X5-01A-11R-A14D-07,0.9964528597514754,1
TCGA-AQ-A04L-01B-21R-A10J-07,0.9952416789745959,1
TCGA-A8-A096-01A-11R-A00Z-07,0.9977773576577067,1
TCGA-A2-A0YH-01A-11R-A109-07,0.9906340757494964,1
TCGA-AN-A0FW-01A-11R-A034-07,0.010241656648652168,0
TCGA-D8-A27H-01A-11R-A16F-07,0.9972796178807279,1
TCGA-OL-A6VQ-01A-12R-A41B-07,0.09225965654736384,1
TCGA-A7-A4SA-01A-11R-A266-07,0.9975812525173791,1
TCGA-C8-A274-01A-11R-A16F-07,0.9977568002704239,1
TCGA-E2-A15J-01A-11R-A12P-07,0.9953114245254837,1
TCGA-BH-A0B3-01A-11R-A056-07,0.9943281263152008,1
TCGA-E2-A153-01A-12R-A12D-07,0.029826258761732706,1
TCGA-WT-AB44-01A-11R-A41B-07,0.8518431935718809,1
TCGA-B6-A0RQ-01A-11R-A115-07,0.15656308388431395,1
TCGA-A2-A0YM-01A-11R-A109-07,0.99348583453673,1
TCGA-C8-A1HI-01A-11R-A137-07,0.00698452178509937,0
TCGA-AC-A3TM-01A-11R-A22K-07,0.01077700228672471,1
TCGA-A7-A0CD-01A-11R-A00Z-07,0.9975069169488331,1
TCGA-D8-A145-01A-11R-A115-07,0.05681710322603944,1
TCGA-BH-A0EB-01A-11R-A034-07,0.03938396227406104,1
TCGA-AR-A0TV-01A-21R-A084-07,0.9958468682105266,1
TCGA-E2-A15P-01A-11R-A115-07,0.16082149037601393,1
TCGA-A2-A04T-01A-21R-A034-07,0.9968467270598864,1
TCGA-E9-A2JT-01A-22R-A18M-07,0.04606299586164138,1
TCGA-OL-A5RW-01A-11R-A28M-07,0.23640045598877013,1
TCGA-PL-A8LV-01A-21R-A41B-07,0.9966738794545177,1
TCGA-BH-A18M-01A-11R-A12D-07,0.010424206405219991,0
TCGA-D8-A27N-01A-11R-A16F-07,0.9971905339217615,1
TCGA-C8-A3M8-01A-11R-A213-07,0.9967441457929678,1
TCGA-B6-A0WW-01A-11R-A109-07,0.9957644945587087,1
TCGA-E9-A3X8-01A-31R-A22U-07,0.011476462490711034,1
TCGA-C8-A133-01A-32R-A12D-07,0.11047750075422173,1
TCGA-D8-A1X6-01A-11R-A14M-07,0.006691595583533933,0
TCGA-A2-A04P-01A-31R-A034-07,0.6976795385403476,1
TCGA-E9-A1N3-01A-12R-A157-07,0.01034615461031295,1
TCGA-AN-A0XP-01A-11R-A109-07,0.9894360100031401,1
TCGA-E2-A1LK-01A-21R-A14D-07,0.9952360476248625,1
TCGA-C8-A132-01A-31R-A115-07,0.9567117968521638,1
TCGA-PE-A5DE-01A-11R-A27Q-07,0.026583416237123722,1
TCGA-EW-A6SC-01A-12R-A32P-07,0.9574340678735245,1
TCGA-BH-A0EI-01A-11R-A115-07,0.9973122945914689,1
TCGA-A8-A08I-01A-11R-A00Z-07,0.2646396183518468,1
TCGA-AO-A124-01A-11R-A10J-07,0.9484528418186227,1
TCGA-AN-A0XR-01A-11R-A109-07,0.007676451994831709,0
TCGA-BH-A204-01A-11R-A157-07,0.029859906689382654,1
TCGA-AN-A0FF-01A-11R-A034-07,0.04227089884177031,1
TCGA-A2-A0T3-01A-21R-A115-07,0.07549561068912572,0
TCGA-B6-A0RI-01A-11R-A056-07,0.9974520925319033,1
TCGA-AO-A03R-01A-21R-A034-07,0.3807128219854515,1
TCGA-E9-A1RA-01A-11R-A14D-07,0.01931073517887534,0
TCGA-AN-A0XV-01A-11R-A109-07,0.012668215614330737,0
TCGA-E9-A1RI-01A-11R-A169-07,0.02215661351901021,1
TCGA-A8-A07J-01A-11R-A00Z-07,0.9341561373944748,1
TCGA-AC-A6IW-01A-12R-A33J-07,0.10314635420094086,1
TCGA-3C-AALJ-01A-31R-A41B-07,0.07333886545038198,0
TCGA-AN-A0XS-01A-22R-A109-07,0.06372848017217717,0
TCGA-E9-A226-01A-21R-A157-07,0.9204064089752986,1
TCGA-C8-A12K-01A-21R-A115-07,0.9003724408241055,1
TCGA-BH-A202-01A-11R-A14M-07,0.9665676740430977,1
TCGA-OL-A66H-01A-11R-A29R-07,0.9922438310288515,1
TCGA-E9-A1N9-01A-11R-A14D-07,0.9946340604069296,1
TCGA-A2-A0T2-01A-11R-A084-07,0.994792212759086,1
TCGA-BH-A18H-01A-11R-A12D-07,0.9913391839177754,1
TCGA-UU-A93S-01A-21R-A41B-07,0.9461978607876687,1
TCGA-B6-A0RO-01A-22R-A084-07,0.9962108205423955,1
TCGA-E2-A10E-01A-21R-A10J-07,0.9888595051817521,1
TCGA-A7-A4SC-01A-12R-A266-07,0.14863046037841135,1
TCGA-B6-A0WZ-01A-11R-A109-07,0.998402417181359,1
TCGA-A7-A6VW-01A-21R-A33J-07,0.09142113216581176,1
TCGA-E2-A1B5-01A-21R-A12P-07,0.03050453488764077,1
TCGA-A8-A092-01A-11R-A00Z-07,0.9961261465316271,1
TCGA-C8-A1HK-01A-21R-A13Q-07,0.8868395975489174,1
TCGA-BH-A0W3-01A-11R-A109-07,0.005859163311441218,1
TCGA-A7-A0CH-01A-21R-A00Z-07,0.019924474424057897,0
TCGA-AR-A1AX-01A-11R-A12P-07,0.9969885487076734,1
TCGA-EW-A1P0-01A-11R-A144-07,0.8061694818458495,1
TCGA-E9-A1NI-01A-11R-A14D-07,0.9749968351459263,1
TCGA-AO-A12E-01A-11R-A10J-07,0.1578866382578992,0
TCGA-D8-A1XJ-01A-11R-A14M-07,0.0823583897075782,0
TCGA-B6-A0I6-01A-11R-A034-07,0.9968239258252269,1
TCGA-E9-A1RH-01A-21R-A169-07,0.9276190536789548,1
TCGA-BH-A18Q-01A-12R-A12D-07,0.4745969251233535,1
TCGA-AO-A0JI-01A-21R-A056-07,0.9334336113535224,1
TCGA-A2-A0CL-01A-11R-A115-07,0.8814411431072877,1
TCGA-E2-A155-01A-11R-A12D-07,0.009704716683866263,0
TCGA-B6-A0I8-01A-11R-A034-07,0.7850779896885793,1
TCGA-E2-A14X-01A-11R-A115-07,0.972284697796593,1
TCGA-AC-A3YI-01A-21R-A239-07,0.9974509831860624,1
TCGA-AR-A1AI-01A-11R-A12P-07,0.43246211768058107,1
TCGA-D8-A1JK-01A-11R-A13Q-07,0.9608285724564549,1
TCGA-BH-A0C3-01A-21R-A12P-07,0.15738597527739753,1
TCGA-A8-A09C-01A-11R-A00Z-07,0.07946760789284474,1
TCGA-LL-A50Y-01A-11R-A266-07,0.009952891586071991,1
TCGA-BH-A0B0-01A-21R-A115-07,0.8661674293741078,1
TCGA-OL-A66L-01A-12R-A31O-07,0.006464433626958532,1
TCGA-BH-A0AW-01A-11R-A056-07,0.9958654698473336,1
TCGA-D8-A1X8-01A-11R-A14M-07,0.014325285717857421,1
TCGA-D8-A1JE-01A-11R-A13Q-07,0.010828827384382756,1
TCGA-BH-A1EO-01A-11R-A137-07,0.25128752154389444,1
TCGA-BH-A0HU-01A-11R-A034-07,0.00824349568521909,0
TCGA-BH-A0H7-01A-13R-A056-07,0.14369803718318724,0
TCGA-E9-A22D-01A-11R-A157-07,0.016097096716638785,1
TCGA-3C-AAAU-01A-11R-A41B-07,0.024469004989667878,0
TCGA-BH-A1FJ-01A-11R-A13Q-07,0.023699976818530658,0
TCGA-A8-A06P-01A-11R-A00Z-07,0.9968598693968926,1
TCGA-A2-A25B-01A-11R-A169-07,0.022619692838731307,1
TCGA-AC-A2BM-01A-11R-A21T-07,0.008551951582189927,0
TCGA-E9-A6HE-01A-11R-A31O-07,0.011120800132221192,1
TCGA-AO-A03O-01A-11R-A00Z-07,0.044316921842149554,0
TCGA-A2-A0EU-01A-22R-A056-07,0.01871124908513465,1
TCGA-A8-A06O-01A-11R-A00Z-07,0.9731333271805465,1
TCGA-BH-A0BT-01A-11R-A12P-07,0.9940200752647095,1
TCGA-A2-A0YT-01A-11R-A109-07,0.8621195400765735,1
TCGA-E2-A14R-01A-11R-A115-07,0.9983175351951303,1
TCGA-B6-A0IC-01A-11R-A034-07,0.008250935365834062,1
TCGA-AC-A5XU-01A-11R-A28M-07,0.020148777359983255,0
TCGA-AR-A250-01A-31R-A169-07,0.9931594925410585,1
TCGA-D8-A1XZ-01A-11R-A14M-07,0.9677416687637722,1
TCGA-B6-A0I9-01A-11R-A034-07,0.8179060972705956,1
TCGA-B6-A0IA-01A-11R-A034-07,0.9382704451979881,1
TCGA-E2-A14N-01A-31R-A137-07,0.0940288047754942,1
TCGA-PL-A8LY-01A-11R-A41B-07,0.8857398817785735,1
TCGA-LL-A441-01A-11R-A24H-07,0.03621466021619384,0
TCGA-A8-A08S-01A-11R-A034-07,0.997899201026275,1
TCGA-A8-A09V-01A-11R-A034-07,0.017163880027308287,0
TCGA-BH-A209-01A-11R-A157-07,0.04346103009507507,1
TCGA-GM-A5PX-01A-12R-A28M-07,0.019055907540314956,1
TCGA-A8-A085-01A-11R-A00Z-07,0.41658678946440886,1
TCGA-A2-A25E-01A-11R-A169-07,0.00862440831090572,1
TCGA-D8-A1JG-01B-11R-A13Q-07,0.9968842750285346,1
TCGA-AC-A2FO-01A-11R-A180-07,0.7010804831266536,1
TCGA-B6-A3ZX-01A-11R-A239-07,0.25401220822009396,1
TCGA-AN-A0FT-01A-11R-A034-07,0.9927521991695653,1
TCGA-AQ-A04H-01B-11R-A10J-07,0.10805959017692793,1
TCGA-AR-A1AR-01A-31R-A137-07,0.022172278689233577,1
TCGA-A2-A0CS-01A-11R-A115-07,0.996065804810988,1
TCGA-A2-A1FZ-01A-51R-A14D-07,0.4558799856708219,1
TCGA-AC-A8OQ-01A-11R-A41B-07,0.23637645674924535,0
TCGA-AR-A0TR-01A-11R-A084-07,0.05518718705217877,1
TCGA-C8-A12M-01A-11R-A115-07,0.036896566577318206,0
TCGA-A1-A0SM-01A-11R-A084-07,0.21073301768598707,0
TCGA-BH-A1ET-01A-11R-A137-07,0.03265509742782066,1
TCGA-A8-A0A1-01A-11R-A00Z-07,0.3854237361129582,1
TCGA-C8-A1HG-01A-11R-A137-07,0.04642472596743289,1
TCGA-E9-A1NF-01A-11R-A14D-07,0.00952482552209174,0
TCGA-A2-A0D4-01A-11R-A00Z-07,0.014984213554420167,0
TCGA-BH-A2L8-01A-11R-A18M-07,0.9971134601867607,1
TCGA-A8-A093-01A-11R-A00Z-07,0.01920427003428309,0
TCGA-D8-A1Y3-01A-11R-A157-07,0.12016184069166069,0
TCGA-AR-A1AY-01A-21R-A12P-07,0.995185008028103,1
TCGA-AO-A12F-01A-11R-A115-07,0.2273884198935134,0
TCGA-AN-A0FL-01A-11R-A034-07,0.583342672035471,0
TCGA-AR-A0TQ-01A-11R-A084-07,0.11086250992917049,1
TCGA-A2-A0CP-01A-11R-A034-07,0.14827877908011433,1
TCGA-AO-A129-01A-21R-A10J-07,0.8644809853697134,1
TCGA-D8-A1JH-01A-11R-A13Q-07,0.023851185026609562,0
TCGA-BH-A18K-01A-11R-A12D-07,0.02605621658834771,0
TCGA-B6-A0IM-01A-11R-A034-07,0.8803575923008261,1
TCGA-AO-A0J4-01A-11R-A034-07,0.9981289164876544,1
TCGA-AR-A1AW-01A-21R-A12P-07,0.02389241301003976,1
TCGA-AC-A62Y-01A-11R-A29R-07,0.975368924716046,1
TCGA-A1-A0SH-01A-11R-A084-07,0.05047779889794991,0
TCGA-A8-A08C-01A-11R-A00Z-07,0.01042125218772123,1
TCGA-A2-A3XU-01A-12R-A22U-07,0.31880684406914206,0
TCGA-E2-A1LB-01A-11R-A144-07,0.8788033984218917,1
TCGA-D8-A1JJ-01A-31R-A14M-07,0.6643163014140953,1
TCGA-AN-A049-01A-21R-A00Z-07,0.9942765958618694,1
TCGA-A1-A0SN-01A-11R-A144-07,0.9900517692217335,1
TCGA-EW-A1IW-01A-11R-A13Q-07,0.01906977741591715,0
TCGA-LQ-A4E4-01A-11R-A266-07,0.010879145630205683,0
TCGA-E9-A5UP-01A-11R-A28M-07,0.23089545206043732,1
TCGA-EW-A1IY-01A-11R-A13Q-07,0.042981618060728415,1
TCGA-AN-A0XW-01A-11R-A109-07,0.9827392270086506,1
TCGA-AR-A24S-01A-11R-A169-07,0.3825381629224446,1
TCGA-AR-A2LM-01A-11R-A180-07,0.023233228119792497,0
TCGA-E9-A1NE-01A-21R-A14M-07,0.04361701333682569,1
TCGA-LL-A9Q3-01A-11R-A41B-07,0.1031946491031747,1
TCGA-AC-A8OP-01A-11R-A36F-07,0.9966871399081185,1
TCGA-E2-A572-01A-13R-A31O-07,0.2916111832418067,0
TCGA-B6-A0IP-01A-11R-A034-07,0.014197623998881085,0
TCGA-C8-A135-01A-11R-A115-07,0.9975374823165759,1
TCGA-D8-A1XL-01A-11R-A14M-07,0.8072938167284753,1
TCGA-EW-A1PC-01B-11R-A21T-07,0.9803846274082111,1
TCGA-AO-A03M-01B-11R-A10J-07,0.8148001635670141,1
TCGA-AN-A0FN-01A-11R-A034-07,0.019449871555045045,1
TCGA-A7-A4SD-01A-11R-A266-07,0.9969746951237167,1
TCGA-BH-A0HN-01A-11R-A10U-07,0.00766932796214357,1
TCGA-S3-A6ZH-01A-22R-A32P-07,0.04072778580575591,1
TCGA-AC-A3QP-01A-11R-A22U-07,0.012014344461045956,1
TCGA-5L-AAT1-01A-12R-A41B-07,0.9832191651003457,1
TCGA-AN-A0FY-01A-11R-A034-07,0.17719562857662932,1
TCGA-BH-A0BA-01A-11R-A056-07,0.02855983066609038,1
TCGA-A2-A0CU-01A-12R-A034-07,0.015150330510536563,0
TCGA-D8-A143-01A-11R-A115-07,0.9962541174486127,1
TCGA-BH-A0DE-01A-11R-A115-07,0.9526579220842907,1
TCGA-A2-A0EO-01A-11R-A034-07,0.6352507433324243,0
TCGA-AO-A0JF-01A-11R-A056-07,0.03137878683498102,1
TCGA-A8-A09E-01A-11R-A00Z-07,0.015163154205967698,0
TCGA-BH-A0AZ-01A-21R-A12P-07,0.8852337622520488,1
TCGA-GM-A2DN-01A-11R-A180-07,0.2816052295267397,0
TCGA-E2-A15T-01A-11R-A115-07,0.024069415704479777,1
TCGA-BH-A1F6-01A-11R-A13Q-07,0.9946999964841623,1
TCGA-BH-A0DX-01A-11R-A115-07,0.9757039964478351,1
TCGA-EW-A3U0-01A-11R-A22K-07,0.9884334622663276,1
TCGA-BH-A0DV-01A-21R-A12P-07,0.04262216835690328,1
TCGA-AC-A3TN-01A-11R-A22K-07,0.008582022128771514,1
TCGA-A1-A0SK-01A-12R-A084-07,0.9944000942383909,1
TCGA-B6-A0X5-01A-21R-A109-07,0.9958729476829669,1
TCGA-A2-A0YC-01A-11R-A109-07,0.9700521221907655,1
TCGA-A2-A0CZ-01A-11R-A034-07,0.028376561570399923,1
TCGA-C8-A27A-01A-11R-A169-07,0.013892103986663518,1
TCGA-AR-A1AP-01A-11R-A12P-07,0.9919822196378045,1
TCGA-BH-A0B4-01A-11R-A00Z-07,0.9940454279545623,1
TCGA-BH-A0BV-01A-11R-A00Z-07,0.9847106164379714,1
TCGA-AN-A0XO-01A-11R-A109-07,0.9500128142969727,1
TCGA-AC-A2QJ-01A-12R-A19W-07,0.9556485648929234,1
TCGA-GM-A2DD-01A-11R-A180-07,0.48396816966246636,1
TCGA-AR-A1AV-01A-21R-A12P-07,0.9978545518387593,1
TCGA-D8-A1XF-01A-11R-A14D-07,0.03632826094508942,1
TCGA-LL-A6FP-01A-11R-A31O-07,0.0535001954159086,1
TCGA-D8-A1XA-01A-11R-A14D-07,0.9958477931781258,1
TCGA-C8-A26V-01A-11R-A16F-07,0.021466669563847716,0
TCGA-PE-A5DC-01A-12R-A27Q-07,0.9594337381510255,1
TCGA-E2-A1LH-01A-11R-A14D-07,0.344913801423123,1
TCGA-BH-A0B9-01A-11R-A056-07,0.9943257366256231,1
TCGA-E9-A1N8-01A-11R-A144-07,0.042479125299938345,0
TCGA-AC-A62V-01A-11R-A31O-07,0.02065420758798187,1
TCGA-EW-A1PH-01A-11R-A14M-07,0.9958516509532152,1
TCGA-AR-A5QP-01A-11R-A28M-07,0.998495723773178,1
TCGA-BH-A5J0-01A-11R-A27Q-07,0.03140957499474557,1
TCGA-A1-A0SB-01A-11R-A144-07,0.9938266956654385,1
TCGA-B6-A0IK-01A-12R-A056-07,0.9884836649396667,1
TCGA-A8-A06Q-01A-11R-A034-07,0.09555077538262538,1
TCGA-AR-A2LH-01A-31R-A18M-07,0.9221471859993763,1
TCGA-AR-A24Z-01A-11R-A169-07,0.95375745495535,1
TCGA-Z7-A8R5-01A-42R-A41B-07,0.016287511354674194,1
TCGA-A8-A0A9-01A-11R-A00Z-07,0.9971662734654788,1
TCGA-D8-A1JA-01A-11R-A13Q-07,0.8327079631406414,1
TCGA-AN-A0FK-01A-11R-A034-07,0.9984403191548799,1
TCGA-GM-A2DL-01A-11R-A18M-07,0.6641634962876827,0
TCGA-EW-A1P6-01A-11R-A144-07,0.9948393494352429,1
TCGA-BH-A0EA-01A-11R-A115-07,0.09328564628184513,1
TCGA-BH-A8FY-01A-11R-A36F-07,0.1179683459781875,1
TCGA-E2-A1L9-01A-11R-A13Q-07,0.08858545147158882,1
TCGA-E9-A1R2-01A-11R-A14D-07,0.9944806643713127,1
TCGA-AC-A2FM-01A-11R-A19W-07,0.12550818197991348,1
TCGA-E2-A108-01A-13R-A10J-07,0.016825986676893168,1
TCGA-OL-A66O-01A-11R-A31O-07,0.028354514660599173,1
TCGA-C8-A275-01A-21R-A16F-07,0.88363877035939,1
TCGA-B6-A0IO-01A-11R-A034-07,0.10053897749902083,0
TCGA-BH-A0HO-01A-11R-A034-07,0.921407819882353,1
TCGA-EW-A1P8-01A-11R-A144-07,0.9969323347224144,1
TCGA-A2-A0D0-01A-11R-A00Z-07,0.3435959841734581,1
TCGA-A2-A0SX-01A-12R-A084-07,0.996924981769979,1
TCGA-D8-A27I-01A-11R-A16F-07,0.05439152764158323,1
TCGA-EW-A2FS-01A-11R-A17B-07,0.07755952136869192,1
TCGA-Z7-A8R6-01A-11R-A41B-07,0.0060969745043340075,1
TCGA-E2-A15O-01A-11R-A115-07,0.008989013253951992,1
TCGA-V7-A7HQ-01A-11R-A33J-07,0.015662304155836818,1
TCGA-C8-A12W-01A-11R-A115-07,0.9637146002570162,1
TCGA-A7-A3IY-01A-21R-A21T-07,0.08653235781003196,1
TCGA-A8-A08B-01A-11R-A00Z-07,0.019871540723026913,0
TCGA-5T-A9QA-01A-11R-A41B-07,0.6089963070769666,1
TCGA-E2-A106-01A-11R-A10J-07,0.7511700540166809,1
TCGA-E2-A1B6-01A-31R-A12P-07,0.040527012665441176,1
TCGA-AC-A2FF-01A-11R-A17B-07,0.24482600182126255,1
TCGA-EW-A1PA-01A-11R-A144-07,0.00770204338548252,0
TCGA-D8-A27T-01A-11R-A16F-07,0.7896473082677069,1
TCGA-LD-A66U-01A-11R-A31O-07,0.011883326862374761,1
TCGA-A8-A07Z-01A-11R-A00Z-07,0.006144197485660309,0
TCGA-AR-A1AO-01A-11R-A12P-07,0.1847035736656681,1
TCGA-E2-A573-01A-11R-A29R-07,0.04159971310691664,0
TCGA-AC-A2FB-01A-11R-A17B-07,0.8497088261817153,1
TCGA-AN-A0G0-01A-11R-A034-07,0.9928098304627982,1
TCGA-BH-A0H5-01A-21R-A115-07,0.019893747951312764,0
TCGA-A8-A07S-01A-11R-A034-07,0.9981001011819621,1
TCGA-E9-A3QA-01A-61R-A22K-07,0.21747595262821262,1
TCGA-A1-A0SI-01A-11R-A144-07,0.9586539015331973,1
TCGA-A8-A09W-01A-11R-A00Z-07,0.30042320152892543,0
TCGA-BH-A1F0-01A-11R-A137-07,0.09906058548030361,1
TCGA-A2-A0D2-01A-21R-A034-07,0.4338279544334698,0
TCGA-OL-A5D8-01A-11R-A27Q-07,0.9902587690070106,1
TCGA-BH-A18G-01A-11R-A12D-07,0.01757616231250785,0
TCGA-A2-A0YI-01A-31R-A10J-07,0.9617405670714732,1
TCGA-A8-A0A4-01A-11R-A00Z-07,0.9949796389487617,1
TCGA-A7-A425-01A-11R-A24H-07,0.006692058363865111,1
TCGA-E9-A22A-01A-11R-A157-07,0.15878297468419536,1
TCGA-A8-A08J-01A-11R-A00Z-07,0.8662516960848884,1
TCGA-A2-A3Y0-01A-11R-A239-07,0.0719982434911812,1
TCGA-AC-A2BK-01A-11R-A21T-07,0.5025442802739378,0
TCGA-B6-A0IN-01A-11R-A034-07,0.017085519619432252,1
TCGA-D8-A1JD-01A-11R-A13Q-07,0.9778664179987849,1
TCGA-GM-A2DK-01A-21R-A180-07,0.011947890294648877,0
TCGA-OL-A5RX-01A-11R-A28M-07,0.07241720476750149,1
TCGA-A8-A08Z-01A-21R-A00Z-07,0.9331808591088482,1
TCGA-A2-A0YD-01A-11R-A109-07,0.023798002825490012,0
TCGA-A7-A3J1-01A-11R-A213-07,0.06390137779895672,1
TCGA-BH-A1FD-01A-11R-A13Q-07,0.9960597665019262,1
TCGA-A2-A0D1-01A-11R-A034-07,0.8377423059051224,1
TCGA-BH-A0BL-01A-11R-A115-07,0.9980523158677482,1
TCGA-E2-A1IH-01A-11R-A13Q-07,0.05913302797373174,1
TCGA-AR-A0TU-01A-31R-A109-07,0.387781989537747,1
TCGA-AC-A2FG-01A-11R-A17B-07,0.01826622499505014,0
TCGA-GM-A4E0-01A-12R-A266-07,0.025915579610313395,1
TCGA-AC-A3W7-01A-11R-A22K-07,0.009324926747155939,0
TCGA-A8-A083-01A-21R-A00Z-07,0.9832147979123138,1
TCGA-A2-A0EN-01A-13R-A084-07,0.2138262848594786,1
TCGA-D8-A1Y0-01A-11R-A14M-07,0.6830469610111595,1
TCGA-AR-A1AK-01A-21R-A12P-07,0.019753405691038305,0
TCGA-AC-A7VC-01A-11R-A352-07,0.5644075552005957,0
TCGA-A7-A0CJ-01A-21R-A00Z-07,0.7344848322382526,1
TCGA-AO-A03U-01B-21R-A10J-07,0.9864349919184061,1
TCGA-E2-A2P5-01A-11R-A19W-07,0.7714628644758389,1
TCGA-E2-A15S-01A-11R-A115-07,0.33319538082181493,1
TCGA-A1-A0SJ-01A-11R-A084-07,0.463605106073666,1
TCGA-A2-A04N-01A-11R-A115-07,0.44406600004017394,1
TCGA-B6-A401-01A-11R-A239-07,0.9776305426061542,1
TCGA-D8-A1JU-01A-11R-A13Q-07,0.011746365382778104,1
TCGA-B6-A40B-01A-11R-A239-07,0.7024353108125673,1
TCGA-LD-A9QF-01A-32R-A41B-07,0.6463790974244006,1
TCGA-AO-A03T-01A-21R-A034-07,0.02345107156282061,1
TCGA-E9-A3Q9-01A-11R-A21T-07,0.23366083316670705,1
TCGA-D8-A1JP-01A-11R-A13Q-07,0.9947546970720069,1
TCGA-BH-A18I-01A-11R-A12D-07,0.9239432004250803,1
TCGA-BH-A28Q-01A-11R-A16F-07,0.9947781717559565,1
TCGA-EW-A1OW-01A-21R-A144-07,0.995487067728188,1
TCGA-BH-A18R-01A-11R-A12D-07,0.9257537280027788,1
TCGA-AO-A0J8-01A-21R-A034-07,0.9925916390454229,1
TCGA-AC-A3BB-01A-21R-A19W-07,0.020007921686377054,1
TCGA-E9-A247-01A-11R-A169-07,0.13326853748429696,1
TCGA-D8-A73U-01A-11R-A33J-07,0.036541811225952715,1
TCGA-BH-A18V-01A-11R-A12D-07,0.995479589463419,1
TCGA-BH-A0C1-01B-11R-A12D-07,0.9955677373088003,1
TCGA-AC-A3W6-01A-12R-A22K-07,0.18639473137822332,1
TCGA-BH-A1FR-01A-11R-A13Q-07,0.029061552883828338,0
TCGA-A2-A1G0-01A-11R-A13Q-07,0.9560867390674809,1
TCGA-BH-A0DQ-01A-11R-A084-07,0.9109384303754481,1
TCGA-A2-A0ER-01A-21R-A034-07,0.9957440509670379,1
TCGA-D8-A27P-01A-11R-A16F-07,0.1184127960715372,1
TCGA-B6-A1KN-01A-11R-A13Q-07,0.04348766730133463,1
TCGA-E9-A228-01A-31R-A157-07,0.024049982198611555,1
TCGA-BH-A0B2-01A-11R-A10J-07,0.010157390432757412,0
TCGA-B6-A0X4-01A-11R-A109-07,0.00652450852536491,1
TCGA-BH-A1EY-01A-11R-A13Q-07,0.5464452309146768,0
TCGA-BH-A0HX-01A-21R-A056-07,0.005323803260194008,0
TCGA-A8-A094-01A-11R-A00Z-07,0.9682772673831622,1
TCGA-AO-A1KR-01A-12R-A144-07,0.5677791231214501,1
TCGA-A2-A0CV-01A-31R-A115-07,0.017923634544868037,0
TCGA-A8-A076-01A-21R-A00Z-07,0.9976398384336997,1
TCGA-E9-A1RE-01A-11R-A157-07,0.982694459297646,1
TCGA-S3-A6ZG-01A-22R-A32P-07,0.260094333383985,1
TCGA-A8-A06Z-01A-11R-A00Z-07,0.9964681347500114,1
TCGA-BH-A8FZ-01A-11R-A352-07,0.8642677016639757,1
TCGA-LL-A440-01A-11R-A24H-07,0.017628879953333287,0
TCGA-E9-A249-01A-11R-A169-07,0.6171982964452323,1
TCGA-PL-A8LX-01A-11R-A41B-07,0.010484307777655563,1
TCGA-E2-A1L8-01A-11R-A13Q-07,0.011872055292392962,1
TCGA-EW-A6SD-01A-12R-A33J-07,0.9962139321339367,1
TCGA-AO-A0JL-01A-11R-A056-07,0.10046134013498016,1
TCGA-MS-A51U-01A-31R-A266-07,0.020637087144258305,1
TCGA-BH-A0E7-01A-11R-A034-07,0.9944711662260766,1
TCGA-E9-A22G-01A-11R-A157-07,0.3446416917065036,0
TCGA-A8-A08R-01A-11R-A034-07,0.9953188163487102,1
TCGA-A2-A4S1-01A-21R-A266-07,0.9808117924141467,1
TCGA-E2-A1II-01A-11R-A144-07,0.058411511150337145,0
TCGA-A7-A3J0-01A-11R-A213-07,0.19208716847470084,1
TCGA-BH-A0B8-01A-21R-A056-07,0.9954507743677823,1
TCGA-AR-A24L-01A-11R-A169-07,0.025272897048408405,1
TCGA-EW-A1J3-01A-11R-A13Q-07,0.02628384373136377,1
TCGA-AR-A5QM-01A-11R-A27Q-07,0.694855573067719,1
TCGA-AO-A1KS-01A-11R-A13Q-07,0.07395974576333603,1
TCGA-D8-A1JI-01A-11R-A13Q-07,0.11918772981217421,1
TCGA-A8-A09N-01A-11R-A00Z-07,0.9353438621836458,1
TCGA-BH-A203-01A-12R-A169-07,0.9803376951503214,1
TCGA-AR-A2LQ-01A-22R-A18M-07,0.02659985293226763,1
TCGA-AR-A251-01A-12R-A169-07,0.9967960686480505,1
TCGA-BH-A18J-01A-11R-A12D-07,0.9951193171764785,1
TCGA-D8-A1XM-01A-21R-A14M-07,0.8278485484586413,1
TCGA-BH-A0HA-01A-11R-A12P-07,0.012330406441154053,0
TCGA-AR-A0U2-01A-11R-A109-07,0.027618888140623497,1
TCGA-E2-A1B1-01A-21R-A12P-07,0.3162927101122871,1
TCGA-AC-A62X-01A-11R-A29R-07,0.9973099663082645,1
TCGA-A7-A5ZW-01A-12R-A29R-07,0.019663019513233983,1
TCGA-BH-A28O-01A-11R-A22K-07,0.008641353038826776,1
TCGA-D8-A1XQ-01A-11R-A14M-07,0.9929148962254968,1
TCGA-E9-A248-01A-11R-A169-07,0.6882307012799167,1
TCGA-A8-A07E-01A-11R-A034-07,0.9894207037669628,1
TCGA-AC-A23E-01A-11R-A157-07,0.06395925197718604,1
TCGA-E9-A1N4-01A-11R-A14M-07,0.08504397199722481,1
TCGA-E2-A15H-01A-11R-A12D-07,0.9931695839317204,1
TCGA-E2-A1IJ-01A-11R-A144-07,0.02693575564952043,1
TCGA-D8-A1XR-01A-11R-A14M-07,0.013232184954037744,0
TCGA-A8-A075-01A-11R-A084-07,0.9963852664113118,1
TCGA-A8-A06U-01A-11R-A00Z-07,0.5647913319010098,1
TCGA-B6-A0X7-01A-11R-A10J-07,0.7895192436629891,1
TCGA-AQ-A04J-01A-02R-A034-07,0.8466981745706799,1
TCGA-A2-A0CQ-01A-21R-A034-07,0.011342228608510991,0
TCGA-A8-A07F-01A-11R-A00Z-07,0.9983379835763145,1
TCGA-A8-A082-01A-11R-A00Z-07,0.8091860297222196,1
TCGA-AN-A0XT-01A-11R-A109-07,0.4003488174323377,1
TCGA-AR-A24X-01A-11R-A169-07,0.9980468069504257,1
TCGA-A2-A04Y-01A-21R-A034-07,0.34711493073182603,0
TCGA-A2-A1G4-01A-11R-A13Q-07,0.9952086399682705,1
TCGA-B6-A0IE-01A-11R-A034-07,0.5818113914084642,1
TCGA-A8-A079-01A-21R-A00Z-07,0.9966438301869595,1
TCGA-E2-A15E-01A-11R-A12D-07,0.9953214138564875,1
TCGA-E9-A1R3-01A-31R-A14M-07,0.9801580283537303,0
TCGA-AR-A0TT-01A-31R-A084-07,0.8541347606699576,1
TCGA-S3-AA0Z-01A-11R-A41B-07,0.981129098140092,1
TCGA-BH-A0E1-01A-11R-A056-07,0.9863865370713377,1
TCGA-AC-A23G-01A-11R-A213-07,0.007684712983841876,0
TCGA-GM-A3XG-01A-31R-A24H-07,0.023662838066393292,1
TCGA-AR-A1AM-01A-41R-A22K-07,0.0068239652834117094,1
TCGA-E9-A1N5-01A-11R-A14D-07,0.8901288535939935,1
TCGA-A2-A3XX-01A-21R-A239-07,0.9966913476362428,1
TCGA-BH-A0BQ-01A-21R-A115-07,0.6636058780851288,1
TCGA-EW-A1P7-01A-21R-A144-07,0.17638058005798235,1
TCGA-BH-A5IZ-01A-11R-A27Q-07,0.9939094353353316,1
TCGA-D8-A1X7-01A-11R-A14M-07,0.21929460979000698,1
TCGA-BH-A0DP-01A-21R-A056-07,0.07378994449153842,1
TCGA-AC-A7VB-01A-11R-A352-07,0.5567796621642362,1
TCGA-A2-A0ST-01A-12R-A084-07,0.9922602917207748,1
TCGA-A2-A0ES-01A-11R-A115-07,0.07731121255299385,1
TCGA-BH-A0DT-01A-21R-A12D-07,0.08819481863080923,0
TCGA-AN-A0AR-01A-11R-A00Z-07,0.3454750693037127,1
TCGA-A2-A0YJ-01A-11R-A109-07,0.9935937294252177,1
TCGA-D8-A4Z1-01A-21R-A266-07,0.052444173570246375,1
TCGA-AO-A0JC-01A-11R-A056-07,0.010462539123567347,1
TCGA-A2-A04Q-01A-21R-A034-07,0.9862744400801511,1
TCGA-GM-A2DF-01A-11R-A180-07,0.06831619122030186,0
TCGA-GM-A2DI-01A-31R-A18M-07,0.03917526314085186,0
TCGA-LL-A5YO-01A-21R-A28M-07,0.9667273828347955,1
TCGA-EW-A3E8-01B-11R-A24H-07,0.011804901917001356,1
TCGA-BH-A0E9-01B-11R-A115-07,0.5450262868842936,1
TCGA-AR-A1AH-01A-11R-A12D-07,0.9842285468256969,1
TCGA-E2-A10A-01A-21R-A115-07,0.5879029760895588,1
TCGA-C8-A1HF-01A-11R-A137-07,0.9968564724809188,1
TCGA-A7-A13H-01A-11R-A22K-07,0.008248805293330289,1
TCGA-A7-A13F-01A-11R-A12P-07,0.9943556996797884,1
TCGA-D8-A1XV-01A-11R-A14M-07,0.2245690734653327,1
TCGA-E2-A574-01A-11R-A29R-07,0.43207939904563253,1
TCGA-GM-A5PV-01A-11R-A28M-07,0.7039117013739901,1
TCGA-EW-A1PB-01A-11R-A144-07,0.9951227322197378,1
TCGA-E2-A1IO-01A-11R-A144-07,0.014117770227739461,0
TCGA-B6-A0RH-01A-21R-A115-07,0.040972373844381196,0
TCGA-BH-A0B7-01A-12R-A115-07,0.9966734433218507,1
TCGA-C8-A137-01A-11R-A115-07,0.9000789287632993,1
TCGA-LL-A8F5-01A-11R-A36F-07,0.013979602470333613,0
TCGA-AQ-A0Y5-01A-11R-A14M-07,0.03330414565471343,1
TCGA-D8-A13Z-01A-11R-A115-07,0.9942385122215516,1
TCGA-A2-A4RX-01A-11R-A266-07,0.9941094411216416,1
TCGA-AR-A24U-01A-11R-A169-07,0.997422697232246,1
TCGA-E2-A105-01A-11R-A10J-07,0.26986780242101105,1
TCGA-C8-A1HN-01A-11R-A137-07,0.03188203890116815,1
TCGA-BH-A18S-01A-11R-A12D-07,0.11434881466260524,1
TCGA-E2-A14Q-01A-11R-A12D-07,0.9950209436247053,1
TCGA-A7-A0DA-01A-31R-A115-07,0.9956808266021934,1
TCGA-EW-A1P4-01A-21R-A144-07,0.9806861581941112,1
TCGA-A8-A081-01A-11R-A00Z-07,0.014161990101198587,0
TCGA-BH-A0E0-01A-11R-A056-07,0.9906775507482299,1
TCGA-OL-A66N-01A-12R-A31O-07,0.007469283532188418,1
TCGA-E2-A2P6-01A-11R-A19W-07,0.10729167987044849,1
TCGA-BH-A0DK-01A-21R-A056-07,0.021463614462123283,0
TCGA-E9-A5UO-01A-11R-A28M-07,0.3395503759469874,1
TCGA-D8-A1JC-01A-11R-A13Q-07,0.9389967269423937,1
TCGA-C8-A134-01A-11R-A115-07,0.7734038275517594,0
TCGA-A2-A3XT-01A-11R-A22U-07,0.2917932198356146,0
TCGA-AR-A256-01A-11R-A169-07,0.9934367256698773,1
TCGA-D8-A1JL-01A-11R-A13Q-07,0.11644141828662422,0
TCGA-E9-A24A-01A-11R-A169-07,0.06444653495483577,0
TCGA-A2-A3XZ-01A-42R-A239-07,0.9965610145620812,1
TCGA-BH-A0BF-01A-21R-A12P-07,0.03642896268888353,1
TCGA-D8-A27F-01A-11R-A16F-07,0.9961075569279798,1
TCGA-A2-A0CY-01A-12R-A034-07,0.2890835791860055,0
TCGA-D8-A27E-01A-11R-A16F-07,0.007533456720226061,1
TCGA-A2-A0EP-01A-52R-A22U-07,0.019555078397206153,1
TCGA-GI-A2C8-01A-11R-A16F-07,0.9962317216709564,1
TCGA-A8-A099-01A-11R-A00Z-07,0.9367735183573219,1
TCGA-A2-A04U-01A-11R-A115-07,0.5262707221802372,0
TCGA-BH-A0HP-01A-12R-A084-07,0.05649572878971871,0
TCGA-EW-A2FV-01A-11R-A17B-07,0.5419830748742385,1
TCGA-A2-A0CR-01A-11R-A22K-07,0.018952282640441784,0
TCGA-BH-A0DS-01A-11R-A056-07,0.9939228199208574,1
TCGA-D8-A1XC-01A-11R-A14D-07,0.7082606045179674,1
TCGA-E2-A14O-01A-31R-A115-07,0.007597422896635349,0
TCGA-A1-A0SF-01A-11R-A144-07,0.024492724773850647,0
TCGA-A8-A06X-01A-21R-A00Z-07,0.17095682382411692,1
TCGA-BH-A0HI-01A-11R-A084-07,0.16449042456608692,1
TCGA-E2-A14U-01A-11R-A22K-07,0.047642015004630264,1
TCGA-E2-A15A-01A-11R-A12D-07,0.625424370678399,1
TCGA-A2-A1G6-01A-11R-A13Q-07,0.11773994539625612,1
TCGA-B6-A1KC-01B-11R-A157-07,0.07315682076255528,1
TCGA-OL-A5RZ-01A-11R-A28M-07,0.9606778360267574,1
TCGA-A8-A07I-01A-11R-A00Z-07,0.9971558686288269,1
TCGA-A2-A0T0-01A-22R-A084-07,0.2071528759029105,0
TCGA-BH-A42V-01A-11R-A24H-07,0.015219237401757343,0
TCGA-GM-A3XN-01A-12R-A22U-07,0.014168490062130577,1
TCGA-D8-A3Z6-01A-11R-A239-07,0.9969504073764069,1
TCGA-B6-A0IQ-01A-11R-A034-07,0.98875307950859,1
TCGA-A8-A095-01A-11R-A00Z-07,0.005958100597337959,0
TCGA-AO-A125-01A-11R-A10J-07,0.033832868214401284,1
TCGA-EW-A6SA-01A-21R-A32P-07,0.06817904000979222,1
TCGA-BH-A0DD-01A-31R-A12P-07,0.9232912003124017,1
TCGA-AO-A0J3-01A-11R-A034-07,0.01203359707691241,1
TCGA-A2-A3XS-01A-11R-A22U-07,0.9981806005442853,1
TCGA-AC-A8OR-01A-21R-A41B-07,0.026865196411133604,1
TCGA-BH-A0HK-01A-11R-A056-07,0.9931200795629522,1
TCGA-E2-A1IG-01A-11R-A144-07,0.9604093855599435,1
TCGA-AO-A12B-01A-11R-A10J-07,0.9962667227960189,1
TCGA-EW-A1J5-01A-11R-A13Q-07,0.09058059053348333,0
TCGA-C8-A12Q-01A-11R-A115-07,0.7291979178619843,1
TCGA-A2-A0EQ-01A-11R-A034-07,0.997082004382939,1
TCGA-GM-A3XL-01A-11R-A22U-07,0.11377557832715851,0
TCGA-BH-A1EU-01A-11R-A137-07,0.017089485612842164,0
TCGA-BH-A0RX-01A-21R-A084-07,0.3683683383160192,1
TCGA-E9-A1RF-01A-11R-A157-07,0.015103364859376278,0
TCGA-AC-A2QI-01A-12R-A19W-07,0.5304093798431708,1
TCGA-A8-A090-01A-11R-A00Z-07,0.9976339130806285,1
TCGA-AR-A5QQ-01A-11R-A28M-07,0.7456033016776972,1
TCGA-XX-A899-01A-11R-A36F-07,0.1456539826860621,0
TCGA-E2-A156-01A-11R-A12D-07,0.06279110859337658,1
TCGA-AN-A04C-01A-21R-A034-07,0.9969811235245791,1
TCGA-AN-A0AT-01A-11R-A034-07,0.9940747233964784,1
TCGA-UL-AAZ6-01A-11R-A41B-07,0.2872381982522955,1
TCGA-D8-A1X9-01A-12R-A157-07,0.03988627843265849,0
TCGA-E9-A22E-01A-11R-A157-07,0.03194493252790649,1
TCGA-BH-A1FB-01A-11R-A13Q-07,0.09222778766485208,1
TCGA-C8-A8HR-01A-11R-A36F-07,0.46417281136674815,1
TCGA-EW-A2FR-01A-11R-A21T-07,0.9839286451226914,1
TCGA-AN-A0AJ-01A-11R-A00Z-07,0.9894420215086879,1
TCGA-LD-A7W6-01A-81R-A352-07,0.07275384017136896,1
TCGA-BH-A0B6-01A-11R-A19W-07,0.04887470097399381,1
TCGA-AR-A252-01A-11R-A169-07,0.4113585329362461,1
TCGA-AR-A254-01A-21R-A169-07,0.0997372660392462,0
TCGA-AO-A03P-01A-11R-A00Z-07,0.1738138548613429,0
TCGA-A8-A07O-01A-11R-A00Z-07,0.9979816459056463,1
TCGA-EW-A1PE-01A-11R-A144-07,0.9733947815088172,1
TCGA-AR-A2LL-01A-11R-A180-07,0.013234406168972554,0
TCGA-A7-A26H-01A-11R-A169-07,0.9836443031685533,1
TCGA-C8-A26Z-01A-11R-A16F-07,0.021838859775053017,1
TCGA-AO-A0J9-01A-11R-A034-07,0.026979549701670776,1
TCGA-EW-A1PF-01A-11R-A144-07,0.994848920169207,1
TCGA-A2-A25F-01A-11R-A169-07,0.027182411330106956,1
TCGA-D8-A73W-01A-22R-A352-07,0.040921841941232835,0
TCGA-AR-A2LJ-01A-12R-A19W-07,0.011246174047403603,1
TCGA-A8-A07C-01A-11R-A034-07,0.9316115159077667,1
TCGA-E9-A245-01A-22R-A16F-07,0.011407910375162925,1
TCGA-B6-A408-01A-12R-A24H-07,0.016637021419852807,1
TCGA-AR-A255-01A-11R-A169-07,0.5748271342359594,1
TCGA-E2-A1L6-01A-11R-A13Q-07,0.015541399292235254,1
TCGA-E9-A295-01A-11R-A16F-07,0.8964240402244866,1
TCGA-BH-A1FE-01A-11R-A13Q-07,0.1364783914495653,1
TCGA-BH-A1FM-01A-11R-A13Q-07,0.5400910630725176,1
TCGA-OL-A5RU-01A-11R-A28M-07,0.9451277222473223,1
TCGA-C8-A1HO-01A-11R-A13Q-07,0.18375879623489022,1
TCGA-GM-A2DO-01A-11R-A18M-07,0.02286551065390088,1
TCGA-AN-A0FZ-01A-11R-A034-07,0.9952528517773587,1
TCGA-D8-A1JN-01A-11R-A13Q-07,0.26581393278969967,1
TCGA-OL-A6VO-01A-12R-A33J-07,0.06345740569693595,1
TCGA-AN-A0FV-01A-11R-A00Z-07,0.07210145917836017,0
TCGA-D8-A1J9-01A-11R-A13Q-07,0.9959082595314133,1
TCGA-B6-A0IB-01A-11R-A034-07,0.008472092543536898,1
TCGA-A8-A06R-01A-11R-A00Z-07,0.20359595006932163,1
TCGA-AR-A24H-01A-11R-A169-07,0.054786090338426255,0
TCGA-E2-A109-01A-11R-A10J-07,0.9782791386058759,1
TCGA-AR-A5QN-01A-12R-A28M-07,0.05957186907137019,0
TCGA-A2-A0EX-01A-21R-A034-07,0.035833276976018125,0
TCGA-C8-A12N-01A-11R-A115-07,0.9909702799496962,1
TCGA-A2-A259-01A-11R-A16F-07,0.9909804733244574,1
TCGA-AO-A12A-01A-21R-A115-07,0.9140272458353258,1
TCGA-A7-A3RF-01A-11R-A22K-07,0.05303487447208978,1
TCGA-AN-A0FS-01A-11R-A034-07,0.02096212665213031,0
TCGA-C8-A26W-01A-11R-A16F-07,0.9975492543769519,1
TCGA-E9-A1RC-01A-11R-A157-07,0.008709739825909509,0
TCGA-E2-A1B0-01A-11R-A12P-07,0.8445034701110439,1
TCGA-AO-A126-01A-11R-A10J-07,0.016008185449189576,0
TCGA-AC-A4ZE-01A-11R-A41B-07,0.10093579003057462,1
TCGA-E9-A229-01A-31R-A157-07,0.04012381186373727,0
TCGA-EW-A1P1-01A-31R-A14D-07,0.1136221523317925,1
TCGA-BH-AB28-01A-31R-A41B-07,0.012651564693114018,0
TCGA-A8-A08P-01A-11R-A00Z-07,0.9971431156459698,1
TCGA-EW-A1IX-01A-12R-A144-07,0.01067018809432013,1
TCGA-LL-A73Z-01A-11R-A32P-07,0.961557840556716,1
TCGA-E9-A1R7-01A-11R-A14M-07,0.43171939167678497,1
TCGA-BH-A1F2-01A-31R-A13Q-07,0.9346403591798144,1
TCGA-A8-A0A6-01A-12R-A056-07,0.99388775837425,1
TCGA-A1-A0SE-01A-11R-A084-07,0.4563464254450876,1
TCGA-E9-A1NG-01A-21R-A14M-07,0.04853856230656209,0
TCGA-B6-A1KF-01A-11R-A13Q-07,0.04045569516425082,0
TCGA-BH-A0EE-01A-11R-A034-07,0.8683883414517044,1
TCGA-BH-A0BD-01A-11R-A034-07,0.9948128681438309,1
TCGA-OL-A5RY-01A-21R-A28M-07,0.4060118500877709,1
TCGA-E9-A1RD-01A-11R-A157-07,0.009321375322224865,1
TCGA-AR-A24K-01A-11R-A169-07,0.00878480850545767,1
TCGA-BH-A0BP-01A-11R-A115-07,0.9959708540599606,1
TCGA-C8-A130-01A-31R-A115-07,0.9951466336924708,1
TCGA-B6-A0RG-01A-11R-A056-07,0.9963264012748673,1
TCGA-E9-A1NA-01A-11R-A144-07,0.6938551712851448,1
TCGA-A8-A0A2-01A-11R-A034-07,0.3168316688198064,1
TCGA-E2-A14V-01A-11R-A12D-07,0.9534778827944144,1
TCGA-E2-A1LL-01A-11R-A144-07,0.9693590055287968,1
TCGA-AR-A24M-01A-11R-A169-07,0.023970270370173796,0
TCGA-A8-A0AB-01A-11R-A034-07,0.9181852989674275,1
TCGA-C8-A1HL-01A-11R-A137-07,0.032031062356188016,0
TCGA-OL-A66P-01A-11R-A31O-07,0.052862304317659314,1
TCGA-OL-A66K-01A-11R-A29R-07,0.9976798292317082,1
TCGA-BH-A0HF-01A-11R-A056-07,0.9964579169007738,1
TCGA-AN-A03X-01A-21R-A00Z-07,0.244862097843972,0
TCGA-A2-A1FV-01A-11R-A13Q-07,0.20171955707140168,1
TCGA-E9-A3HO-01A-11R-A213-07,0.02501789696686136,1
TCGA-A2-A0YE-01A-11R-A109-07,0.9895295834773,1
TCGA-A1-A0SP-01A-11R-A084-07,0.994984638085152,1
TCGA-AO-A0J7-01A-11R-A034-07,0.004946206205885349,0
TCGA-C8-A3M7-01A-12R-A21T-07,0.06500833517772411,1
TCGA-A2-A0YG-01A-21R-A109-07,0.9950248785489473,1
TCGA-E2-A14Y-01A-21R-A12D-07,0.4194825779731298,1
TCGA-EW-A424-01A-11R-A24H-07,0.43675460971156965,1
TCGA-D8-A141-01A-11R-A115-07,0.7633616067761494,1
TCGA-C8-A1HJ-01A-11R-A13Q-07,0.6745648889197392,1
TCGA-C8-A12O-01A-11R-A115-07,0.45467098589592747,1
TCGA-LL-A442-01A-11R-A24H-07,0.04567992070827119,0
TCGA-C8-A12Z-01A-11R-A115-07,0.05107061064927401,1
TCGA-EW-A1OX-01A-11R-A144-07,0.06135185498198126,1
TCGA-E9-A1RG-01A-11R-A14D-07,0.12492579538171907,1
TCGA-AQ-A1H2-01A-11R-A13Q-07,0.9855351892964228,1
TCGA-AR-A24Q-01A-12R-A169-07,0.9787802277037495,1
TCGA-A8-A09K-01A-11R-A00Z-07,0.9091475140830317,1
TCGA-BH-A0W7-01A-11R-A115-07,0.9639611964449062,1
TCGA-BH-A0H0-01A-11R-A056-07,0.864610621573954,1
TCGA-AO-A0JD-01A-11R-A056-07,0.029945016424195222,0
TCGA-A2-A4RW-01A-21R-A266-07,0.9934104284186102,1
TCGA-C8-A12U-01A-11R-A115-07,0.04380043060568293,1
TCGA-C8-A12V-01A-11R-A115-07,0.9961452360902239,1
TCGA-E9-A1NC-01A-21R-A26B-07,0.043741898995815265,0
TCGA-AO-A12G-01A-11R-A10J-07,0.48076046544424167,1
TCGA-S3-AA11-01A-31R-A41B-07,0.056107235436849624,0
TCGA-BH-A0HQ-01A-11R-A034-07,0.6111128885196183,1
TCGA-AO-A03L-01A-41R-A056-07,0.9861604033942896,1
TCGA-C8-A1HM-01A-12R-A137-07,0.01909846925321603,0
TCGA-D8-A146-01A-31R-A115-07,0.41209742752192935,1
TCGA-A2-A0EV-01A-11R-A034-07,0.9968441201468236,1
TCGA-E2-A154-01A-11R-A115-07,0.9420999001355888,1
TCGA-E2-A1LE-01A-12R-A19W-07,0.9965023081212113,1
TCGA-E9-A1R5-01A-11R-A14M-07,0.011857413006957324,0
TCGA-AC-A3EH-01A-22R-A22K-07,0.9961743602745298,1
TCGA-C8-A12Y-01A-11R-A12D-07,0.04720539185507054,1
TCGA-BH-A0E2-01A-11R-A056-07,0.3075481721234411,1
TCGA-D8-A1XG-01A-11R-A14D-07,0.011413783828980536,0
TCGA-OL-A5DA-01A-11R-A27Q-07,0.04814186697490358,1
TCGA-AC-A3HN-01A-11R-A213-07,0.01181809105609809,1
TCGA-B6-A0RP-01A-21R-A084-07,0.014971559544596575,0
TCGA-3C-AALI-01A-11R-A41B-07,0.9825925259290114,1
TCGA-D8-A1Y2-01A-11R-A157-07,0.009872954010483333,1
TCGA-S3-AA15-01A-11R-A41B-07,0.03065011558767093,1
TCGA-BH-A0W5-01A-11R-A109-07,0.03719990523052177,1
TCGA-A8-A097-01A-11R-A034-07,0.02198570164726444,0
TCGA-AO-A12D-01A-11R-A115-07,0.9372539278138917,1
TCGA-AN-A04A-01A-21R-A034-07,0.007347005076463757,0
TCGA-E2-A1B4-01A-11R-A12P-07,0.05624008336499883,1
TCGA-A8-A09R-01A-11R-A00Z-07,0.9959832424042193,1
TCGA-XX-A89A-01A-11R-A36F-07,0.019745385201769588,0
TCGA-AR-A24O-01A-11R-A169-07,0.021534520645196134,1
TCGA-E2-A1LG-01A-21R-A14M-07,0.9884954363982204,1
TCGA-AC-A8OS-01A-12R-A41B-07,0.008731721860144323,1
TCGA-HN-A2NL-01A-11R-A18M-07,0.12941736698050027,1
TCGA-E9-A1N6-01A-11R-A144-07,0.9712412463545401,1
TCGA-E2-A10C-01A-21R-A10J-07,0.9435655123702346,1
TCGA-BH-A0AU-01A-11R-A12P-07,0.9970717924226816,1
TCGA-A2-A0EW-01A-21R-A115-07,0.02097936506712999,1
TCGA-A8-A07B-01A-11R-A00Z-07,0.9930137628939048,1
TCGA-E2-A15K-01A-11R-A12P-07,0.052083568657013725,1
TCGA-EW-A6S9-01A-22R-A33J-07,0.9909291585316239,1
TCGA-AC-A3W5-01A-11R-A22K-07,0.9692524051737682,1
TCGA-BH-A0AV-01A-31R-A115-07,0.20219111574631685,0
TCGA-A2-A0T7-01A-21R-A084-07,0.6226353578454396,1
TCGA-AO-A03V-01A-11R-A115-07,0.99126470801113,1
TCGA-BH-A0DZ-01A-11R-A00Z-07,0.6323370722384996,1
TCGA-AN-A041-01A-11R-A034-07,0.9878525435806551,1
TCGA-B6-A0I5-01A-11R-A034-07,0.7328876241112617,1
TCGA-BH-A0BM-01A-11R-A056-07,0.05110724601229848,0
TCGA-BH-A0GZ-01A-11R-A056-07,0.024744781079533668,0
TCGA-LL-A5YN-01A-11R-A28M-07,0.00906234106205682,0
TCGA-B6-A0RM-01A-11R-A084-07,0.47425534294457616,1
TCGA-A2-A4S3-01A-21R-A266-07,0.9941307738813524,1
TCGA-BH-A201-01A-11R-A14M-07,0.9890310328031647,1
TCGA-A2-A0SV-01A-11R-A084-07,0.07220918687198477,1
TCGA-A8-A07L-01A-11R-A00Z-07,0.9958363868192922,1
TCGA-AR-A2LN-01A-21R-A18M-07,0.019096539870434526,1
TCGA-C8-A278-01A-11R-A169-07,0.12491824469781554,0
TCGA-A2-A0CM-01A-31R-A034-07,0.9973035674998115,1
TCGA-C8-A1HE-01A-11R-A13Q-07,0.015660028346419736,0
TCGA-LL-A7T0-01A-31R-A352-07,0.010837563458409319,1
TCGA-B6-A0WT-01A-11R-A109-07,0.8933396140768596,1
TCGA-OL-A5D6-01A-21R-A27Q-07,0.020654559443934645,0
TCGA-E2-A14S-01A-11R-A12D-07,0.9971545125910023,1
TCGA-AQ-A1H3-01A-31R-A13Q-07,0.4734556652504658,1
TCGA-BH-A1F8-01A-11R-A13Q-07,0.052056014195232134,1
TCGA-A8-A0AD-01A-11R-A056-07,0.9939339148942011,1
TCGA-GM-A2DA-01A-11R-A18M-07,0.025404766733207323,1
TCGA-A2-A0T5-01A-21R-A084-07,0.9119659624275364,1
TCGA-A8-A09M-01A-11R-A00Z-07,0.43019008629870936,1
TCGA-B6-A0X1-01A-11R-A109-07,0.9492420746572403,1
TCGA-AN-A0XU-01A-11R-A109-07,0.993249570904935,1
TCGA-BH-A1EV-01A-11R-A137-07,0.07854238032634012,0
TCGA-EW-A1OZ-01A-11R-A144-07,0.99537074138827,1
TCGA-C8-A12X-01A-11R-A115-07,0.0622023019441767,1
TCGA-JL-A3YX-01A-11R-A22U-07,0.011073426968514044,0
TCGA-OL-A5D7-01A-11R-A27Q-07,0.7554655431435349,1
TCGA-E2-A1IK-01A-11R-A144-07,0.9060135674359104,1
TCGA-A2-A0CW-01A-21R-A115-07,0.2895355194716136,1
TCGA-A2-A0ET-01A-31R-A034-07,0.0962666167830169,1
TCGA-B6-A400-01A-11R-A239-07,0.9936137179456783,1
