sample_id,score,y_member
TCGA-E2-A158-01A-11R-A12D-07,0.2520553401967914,1
TCGA-AO-A1KO-01A-31R-A13Q-07,0.36309557586990326,1
TCGA-AR-A0TX-01A-11R-A084-07,0.7904179363611706,0
TCGA-D8-A1XB-01A-11R-A14D-07,0.9223623363667539,1
TCGA-B6-A0IG-01A-11R-A034-07,0.7195598578489627,1
TCGA-AC-A5EH-01A-11R-A28M-07,0.8478514292293498,1
TCGA-LL-A7SZ-01A-32R-A352-07,0.499964576293254,1
TCGA-A7-A26J-01A-11R-A169-07,0.7776053670075398,1
TCGA-E9-A22H-01A-11R-A157-07,0.6049292044129734,1
TCGA-BH-A208-01A-11R-A157-07,0.8092141579485411,1
TCGA-BH-A6R9-01A-21R-A32P-07,0.5014208607840368,1
TCGA-OL-A5S0-01A-11R-A28M-07,0.4351074768025135,1
TCGA-A1-A0SD-01A-11R-A115-07,0.9231756347093025,1
TCGA-AO-A0JB-01A-11R-A32Y-07,0.6906104976320045,1
TCGA-E2-A1BD-01A-11R-A12P-07,0.9161782949149776,1
TCGA-AN-A0AS-01A-11R-A00Z-07,0.7849452076164879,1
TCGA-A7-A13G-01A-11R-A13Q-07,0.29722616303228433,1
TCGA-B6-A0RS-01A-11R-A084-07,0.5255976610191929,1
TCGA-A2-A4S0-01A-21R-A266-07,0.607424635013501,0
TCGA-BH-A1F5-01A-12R-A13Q-07,0.47612851323919736,1
TCGA-A2-A0CX-01A-21R-A00Z-07,0.7784081950090943,1
TCGA-A7-A13D-01A-13R-A12P-07,0.36860115940762905,0
TCGA-AN-A03Y-01A-21R-A00Z-07,0.7039894784172855,1
TCGA-E9-A1ND-01A-11R-A144-07,0.40962431558150003,0
TCGA-EW-A1P5-01A-11R-A144-07,0.7803665250262232,1
TCGA-EW-A423-01A-11R-A24H-07,0.6240205231737702,1
TCGA-A7-A5ZV-01A-11R-A28M-07,0.3026177942307334,1
TCGA-C8-A8HP-01A-11R-A36F-07,0.6065573600363219,1
TCGA-AQ-A54O-01A-11R-A266-07,0.5080964494924007,1
TCGA-E9-A5FK-01A-11R-A27Q-07,0.6928387058511396,1
TCGA-D8-A142-01A-11R-A115-07,0.6261539935087178,1
TCGA-BH-A0BC-01A-22R-A084-07,0.8478013384753622,1
TCGA-A2-A0EY-01A-11R-A034-07,0.8756109572003637,1
TCGA-D8-A1J8-01A-11R-A13Q-07,0.6045749223014789,1
TCGA-A8-A06Y-01A-21R-A00Z-07,0.7699345616417379,0
TCGA-EW-A1J1-01A-11R-A13Q-07,0.71266540313675,1
TCGA-BH-A0C0-01A-21R-A056-07,0.7577214909094961,0
TCGA-AC-A2FK-01A-12R-A180-07,0.664543069963535,0
TCGA-A2-A3XV-01A-21R-A239-07,0.18208328454441045,0
TCGA-BH-A0HB-01A-11R-A056-07,0.819452418306121,1
TCGA-AN-A0XL-01A-11R-A10J-07,0.8719253789989426,1
TCGA-E2-A10B-01A-11R-A10J-07,0.9201250822793693,1
TCGA-A2-A04X-01A-21R-A034-07,0.6522648900431378,1
TCGA-AR-A1AN-01A-11R-A12P-07,0.9073461345858077,1
TCGA-A2-A0EM-01A-11R-A034-07,0.7587834214907639,0
TCGA-B6-A0WS-01A-11R-A115-07,0.8178513122368204,1
TCGA-D8-A1XD-01A-11R-A14D-07,0.6794150221335612,1
TCGA-A8-A091-01A-11R-A00Z-07,0.6752942978351456,1
TCGA-E9-A2JS-01A-11R-A180-07,0.6936705419995345,0
TCGA-A2-A1G1-01A-21R-A13Q-07,0.20470307461584356,1
TCGA-E9-A22B-01A-11R-A157-07,0.785747856191396,0
TCGA-D8-A27G-01A-11R-A16F-07,0.9445959078755426,1
TCGA-A7-A13E-01A-11R-A12P-07,0.4000775293577858,1
TCGA-BH-A0AY-01A-21R-A00Z-07,0.8296088817115634,0
TCGA-E2-A1L7-01A-11R-A144-07,0.7545682395211404,1
TCGA-AN-A046-01A-21R-A034-07,0.7948208573896467,0
TCGA-AN-A0AL-01A-11R-A00Z-07,0.437006779947248,0
TCGA-D8-A27K-01A-11R-A16F-07,0.8747813382978297,1
TCGA-BH-A0DO-01B-11R-A12D-07,0.8507984686706584,0
TCGA-A7-A4SB-01A-21R-A266-07,0.6300438872780381,0
TCGA-EW-A6SB-01A-12R-A32P-07,0.31427168043798515,1
TCGA-D8-A1JM-01A-11R-A13Q-07,0.27809926405851343,1
TCGA-OL-A66J-01A-11R-A29R-07,0.847590844572501,1
TCGA-D8-A13Y-01A-11R-A115-07,0.3586586001875061,1
TCGA-AR-A24N-01A-11R-A169-07,0.7122422667439415,1
TCGA-BH-A0B1-01A-12R-A056-07,0.7982468534633442,1
TCGA-B6-A0RN-01A-12R-A084-07,0.8505323880119855,1
TCGA-A2-A0T1-01A-21R-A084-07,0.7038372383979208,1
TCGA-AN-A0AM-01A-11R-A034-07,0.6301823660392699,1
TCGA-E2-A1LA-01A-11R-A144-07,0.8777940806581889,0
TCGA-JL-A3YW-01A-12R-A239-07,0.716216958969737,0
TCGA-BH-A0H3-01A-11R-A12P-07,0.8755807427949022,1
TCGA-E2-A1IF-01A-11R-A144-07,0.8532759973532149,1
TCGA-C8-A26X-01A-31R-A16F-07,0.6402038464819523,1
TCGA-A8-A09B-01A-11R-A00Z-07,0.8635326290573806,0
TCGA-A7-A26G-01A-21R-A169-07,0.6446689144807913,1
TCGA-AC-A2FE-01A-11R-A19W-07,0.8828461472095119,1
TCGA-A8-A08G-01A-11R-A00Z-07,0.7826699002867199,0
TCGA-AN-A0FJ-01A-11R-A00Z-07,0.3717104077981433,1
TCGA-B6-A0RV-01A-11R-A084-07,0.8663102669308992,1
TCGA-B6-A0WV-01A-11R-A109-07,0.7935863361017722,1
TCGA-A8-A07P-01A-11R-A00Z-07,0.7653172917094241,1
TCGA-A8-A08H-01A-21R-A00Z-07,0.7177308727772255,1
TCGA-AR-A0TW-01A-11R-A084-07,0.7641551682553698,1
TCGA-E2-A15F-01A-11R-A115-07,0.8256014104660894,1
TCGA-B6-A0WX-01A-11R-A109-07,0.743281561083519,1
TCGA-D8-A1Y1-01A-21R-A14M-07,0.8689954130301865,1
TCGA-E2-A14Z-01A-11R-A115-07,0.8187435021967505,0
TCGA-A2-A25A-01A-12R-A16F-07,0.8764134435414088,0
TCGA-A2-A0CT-01A-31R-A056-07,0.6449388539855053,1
TCGA-HN-A2OB-01A-21R-A27Q-07,0.8725366807652978,0
TCGA-B6-A0RT-01A-21R-A084-07,0.47815913942056776,1
TCGA-AR-A24T-01A-11R-A169-07,0.905337140552489,1
TCGA-E9-A1R0-01A-22R-A16F-07,0.8136283400955192,1
TCGA-E9-A5FL-01A-11R-A27Q-07,0.28353981956274193,1
TCGA-E2-A3DX-01A-21R-A213-07,0.8804427860763459,1
TCGA-E2-A14T-01A-11R-A115-07,0.7605150688091866,1
TCGA-A2-A4RY-01A-31R-A266-07,0.8647697551952327,1
TCGA-AR-A2LK-01A-11R-A180-07,0.8157272904072027,1
TCGA-BH-A42U-01A-12R-A24H-07,0.5924994523582169,1
TCGA-AO-A12C-01A-11R-A10J-07,0.8973262671331832,0
TCGA-A2-A3XY-01A-11R-A239-07,0.5348305856113834,1
TCGA-D8-A73X-01A-11R-A32P-07,0.9500698449287666,1
TCGA-AR-A2LO-01A-31R-A18M-07,0.9162069993036281,1
TCGA-AO-A0JJ-01A-11R-A056-07,0.8425743773159636,0
TCGA-LD-A74U-01A-13R-A33J-07,0.9437136273890069,1
TCGA-AN-A0XN-01A-21R-A109-07,0.8395707281574502,1
TCGA-E2-A107-01A-11R-A10J-07,0.7097072831372346,1
TCGA-A7-A6VV-01A-22R-A33J-07,0.5711433036216141,1
TCGA-AC-A5XS-01A-11R-A29R-07,0.7519359706016302,1
TCGA-BH-A0H6-01A-21R-A056-07,0.8234708834245904,1
TCGA-AC-A23C-01A-12R-A169-07,0.8451968468556406,1
TCGA-E9-A1NH-01A-11R-A14D-07,0.9143739044278291,1
TCGA-D8-A1XW-01A-11R-A14M-07,0.4632587868110935,1
TCGA-AO-A0JG-01A-31R-A084-07,0.81130001774582,0
TCGA-BH-A18N-01A-11R-A12D-07,0.6603077469520099,1
TCGA-A1-A0SO-01A-22R-A084-07,0.21544466048738398,0
TCGA-BH-A0B5-01A-11R-A12P-07,0.8746932531061066,0
TCGA-A8-A09T-01A-11R-A00Z-07,0.7873440493752208,1
TCGA-BH-A0BR-01A-21R-A115-07,0.8580418242872428,1
TCGA-D8-A27W-01A-11R-A16F-07,0.7200621951742174,1
TCGA-BH-A0BW-01A-11R-A115-07,0.2678683349704903,1
TCGA-GM-A2DB-01A-31R-A18M-07,0.5640882500979172,0
TCGA-AC-A2QH-01A-11R-A18M-07,0.1488898101440041,1
TCGA-D8-A1JB-01A-11R-A13Q-07,0.8631284916084356,1
TCGA-BH-A1ES-01A-11R-A137-07,0.643129221831029,1
TCGA-OL-A97C-01A-32R-A41B-07,0.8582386349395883,1
TCGA-A2-A0YF-01A-21R-A109-07,0.7438139786839311,1
TCGA-D8-A1XS-01A-11R-A14M-07,0.7128087896113813,1
TCGA-D8-A140-01A-11R-A115-07,0.7964556687987104,1
TCGA-A8-A09Q-01A-11R-A00Z-07,0.8218936290198421,1
TCGA-B6-A0I1-01A-11R-A21T-07,0.37956051458600126,1
TCGA-AO-A0JE-01A-11R-A056-07,0.7835236914687348,1
TCGA-A2-A1FW-01A-11R-A13Q-07,0.5341212638147129,1
TCGA-D8-A1XY-01A-11R-A14M-07,0.879115031907656,1
TCGA-A2-A04R-01A-41R-A109-07,0.7024125237804192,0
TCGA-A2-A1FX-01A-11R-A13Q-07,0.700767418368453,1
TCGA-A8-A07W-01A-11R-A00Z-07,0.7487686399700795,1
TCGA-D8-A1XK-01A-21R-A14M-07,0.14695797400625693,1
TCGA-D8-A3Z5-01A-41R-A24H-07,0.759367539774294,1
TCGA-LL-A5YM-01A-11R-A28M-07,0.2324316795341009,1
TCGA-B6-A0IJ-01A-11R-A034-07,0.2901679806244461,0
TCGA-A8-A06N-01A-11R-A00Z-07,0.17413531305324173,1
TCGA-GM-A2DM-01A-11R-A180-07,0.7825341417841463,1
TCGA-E2-A15D-01A-11R-A115-07,0.8709306382714932,1
TCGA-B6-A1KI-01A-11R-A14M-07,0.7826656213401745,1
TCGA-D8-A1JS-01A-11R-A13Q-07,0.3370574361885115,1
TCGA-PE-A5DD-01A-12R-A27Q-07,0.8882941928772151,1
TCGA-BH-A0BG-01A-11R-A115-07,0.3919976364910971,1
TCGA-LL-A6FQ-01A-11R-A31O-07,0.34431671120238266,0
TCGA-E2-A1IN-01A-11R-A13Q-07,0.9106088870687304,1
TCGA-A8-A06T-01A-11R-A00Z-07,0.6478453355677961,1
TCGA-B6-A402-01A-11R-A239-07,0.28259653138767055,1
TCGA-E2-A9RU-01A-11R-A41B-07,0.4539852207175715,1
TCGA-A2-A3XW-01A-11R-A239-07,0.393869337216934,1
TCGA-B6-A0RU-01A-11R-A084-07,0.5861687117041464,0
TCGA-A8-A086-01A-11R-A00Z-07,0.8601649408397598,1
TCGA-B6-A40C-01A-11R-A239-07,0.6605291359863377,1
TCGA-D8-A1JF-01A-11R-A13Q-07,0.5203275575213777,1
TCGA-A2-A0T6-01A-11R-A084-07,0.8223585777711729,1
TCGA-BH-A1FG-01A-11R-A13Q-07,0.6956527409040333,0
TCGA-GM-A3NY-01A-11R-A21T-07,0.7103825284671977,1
TCGA-AN-A0AK-01A-21R-A00Z-07,0.4369640239363747,1
TCGA-BH-A1FC-01A-11R-A13Q-07,0.2611436204297853,1
TCGA-E9-A227-01A-11R-A157-07,0.8795489845921091,1
TCGA-BH-A18P-01A-11R-A12D-07,0.8696872420878164,1
TCGA-E2-A15R-01A-11R-A115-07,0.43641708086503916,1
TCGA-BH-A0WA-01A-11R-A109-07,0.48470840455636693,0
TCGA-BH-A42T-01A-11R-A24H-07,0.5972568120787823,1
TCGA-AC-A23H-01A-11R-A157-07,0.6649124674359328,1
TCGA-OL-A66I-01A-21R-A29R-07,0.479136947401324,1
TCGA-S3-AA17-01A-11R-A41B-07,0.8340304967801101,1
TCGA-AR-A1AL-01A-21R-A12P-07,0.855516109487562,0
TCGA-AC-A2B8-01A-11R-A17B-07,0.8923848535394865,1
TCGA-D8-A1XO-01A-11R-A14M-07,0.8059246809792451,1
TCGA-C8-A26Y-01A-11R-A16F-07,0.585493540013245,1
TCGA-BH-A0DG-01A-21R-A12P-07,0.8716869122808186,1
TCGA-E9-A243-01A-21R-A169-07,0.45101205063008515,1
TCGA-A2-A04W-01A-31R-A115-07,0.630317503402452,1
TCGA-A8-A09G-01A-21R-A00Z-07,0.5107546402282722,1
TCGA-BH-A0DI-01A-21R-A12P-07,0.9036012092825547,1
TCGA-E2-A152-01A-11R-A12D-07,0.7816052158736013,1
TCGA-AQ-A7U7-01A-22R-A352-07,0.8946062079248014,1
TCGA-BH-A0BZ-01A-31R-A12P-07,0.7468198507349572,1
TCGA-EW-A1OV-01A-11R-A144-07,0.7113176779933486,1
TCGA-A8-A0A7-01A-11R-A00Z-07,0.7445855324877424,1
TCGA-BH-A1EN-01A-11R-A13Q-07,0.5183769144961312,1
TCGA-E2-A1IE-01A-11R-A13Q-07,0.7862169085339408,1
TCGA-BH-A0HW-01A-11R-A034-07,0.5833410321955418,1
TCGA-BH-A0BJ-01A-11R-A056-07,0.9067590906398628,1
TCGA-AO-A03N-01B-11R-A10J-07,0.6994088061696033,1
TCGA-EW-A1P3-01A-11R-A144-07,0.8139292843059586,1
TCGA-B6-A0I2-01A-11R-A034-07,0.29508167744049013,0
TCGA-EW-A1PD-01A-11R-A144-07,0.8781121056260562,1
TCGA-B6-A0IH-01A-11R-A115-07,0.8339848697259372,0
TCGA-E2-A15M-01A-11R-A12D-07,0.7859582013140931,1
TCGA-BH-A0H9-01A-11R-A056-07,0.8539313300214664,0
TCGA-BH-A0HL-01A-11R-A10U-07,0.6019885642786426,0
TCGA-A8-A07G-01A-11R-A034-07,0.7631044977544504,1
TCGA-E2-A1IL-01A-11R-A14D-07,0.846791991490326,1
TCGA-AR-A0U4-01A-11R-A109-07,0.38215659600325513,1
TCGA-D8-A147-01A-11R-A115-07,0.3585484350900736,1
TCGA-BH-A0HY-01A-11R-A056-07,0.7091486615315916,1
TCGA-D8-A1XT-01A-11R-A14M-07,0.5463392897361673,0
TCGA-E2-A14W-01A-11R-A12D-07,0.5462816540735981,1
TCGA-E9-A1RB-01A-11R-A157-07,0.7097044721846067,1
TCGA-LL-A5YL-01A-12R-A29R-07,0.6100450784510739,0
TCGA-WT-AB41-01A-11R-A41B-07,0.3631289473120079,1
TCGA-A8-A09Z-01A-11R-A00Z-07,0.5530249459824755,0
TCGA-AN-A0FX-01A-11R-A034-07,0.5895917818744317,1
TCGA-B6-A409-01A-11R-A24H-07,0.43739321675897636,1
TCGA-EW-A1PG-01A-11R-A144-07,0.5066566949298675,1
TCGA-OL-A6VR-01A-32R-A33J-07,0.7850794876345873,1
TCGA-BH-A1FN-01A-11R-A13Q-07,0.6849861801193498,1
TCGA-AR-A2LR-01A-12R-A18M-07,0.46431733366157657,1
TCGA-A7-A5ZX-01A-12R-A29R-07,0.8643154440675338,1
TCGA-LL-A73Y-01A-11R-A33J-07,0.5797488099479046,1
TCGA-A2-A25D-01A-12R-A16F-07,0.7755476405451479,0
TCGA-BH-A0C7-01B-11R-A115-07,0.8495662618565778,1
TCGA-E2-A570-01A-11R-A29R-07,0.9365521742503004,1
TCGA-BH-A1FL-01A-11R-A13Q-07,0.8770345464355945,1
TCGA-A1-A0SG-01A-11R-A144-07,0.821718129741647,1
TCGA-A8-A07U-01A-11R-A034-07,0.6242864541872304,0
TCGA-E2-A15L-01A-11R-A12D-07,0.8677137112979467,1
TCGA-E9-A1R4-01A-21R-A14D-07,0.7760330237643037,0
TCGA-AR-A0TS-01A-11R-A115-07,0.5878798740507596,1
TCGA-E2-A10F-01A-11R-A10J-07,0.9507424120672543,1
TCGA-AO-A128-01A-11R-A10J-07,0.42188370339508713,1
TCGA-AR-A0U3-01A-11R-A109-07,0.6831812040382583,1
TCGA-BH-A0DL-01A-11R-A115-07,0.2567639343734904,1
TCGA-A7-A0D9-01A-31R-A056-07,0.7534300960170102,1
TCGA-AN-A0FD-01A-11R-A034-07,0.762040288147232,1
TCGA-A2-A0YK-01A-22R-A109-07,0.7945447995065322,1
TCGA-BH-A1FH-01A-12R-A13Q-07,0.8619999427949715,1
TCGA-C8-A12T-01A-11R-A115-07,0.8183753996108624,1
TCGA-B6-A2IU-01A-32R-A18M-07,0.7271613889096221,1
TCGA-4H-AAAK-01A-12R-A41B-07,0.8751906032505409,1
TCGA-E2-A1IU-01A-11R-A14D-07,0.841653489560108,0
TCGA-3C-AALK-01A-11R-A41B-07,0.9206414992834795,1
TCGA-D8-A27M-01A-11R-A16F-07,0.39352509378686856,1
TCGA-E2-A56Z-01A-12R-A29R-07,0.7059262753431135,1
TCGA-AO-A1KQ-01A-11R-A13Q-07,0.8489220678758903,1
TCGA-AR-A2LE-01A-11R-A180-07,0.6350813541353846,1
TCGA-E2-A1BC-01A-11R-A12P-07,0.7618934070198168,1
TCGA-BH-A0E6-01A-11R-A034-07,0.36326191718803374,1
TCGA-AO-A0J2-01A-11R-A034-07,0.49925649950980244,1
TCGA-A7-A6VX-01A-12R-A33J-07,0.8559130714716051,0
TCGA-E2-A1LI-01A-12R-A157-07,0.3695902089270497,0
TCGA-AR-A1AT-01A-11R-A12P-07,0.6637348296897269,1
TCGA-A7-A426-01A-22R-A24H-07,0.8702284090308722,1
TCGA-A2-A25C-01A-11R-A169-07,0.7719783445400427,1
TCGA-B6-A0RL-01A-11R-A084-07,0.2387575603109129,1
TCGA-OK-A5Q2-01A-11R-A27Q-07,0.9163654398513155,1
TCGA-E9-A244-01A-11R-A169-07,0.33068240598628484,1
TCGA-E9-A1R6-01A-11R-A14D-07,0.7397718994261776,1
TCGA-BH-A8G0-01A-11R-A352-07,0.8920914539511415,1
TCGA-EW-A1IZ-01A-11R-A13Q-07,0.7609765589501839,0
TCGA-AO-A0J5-01A-11R-A034-07,0.810910897319181,1
TCGA-E2-A1AZ-01A-11R-A12P-07,0.4328238084091499,1
TCGA-B6-A0RE-01A-11R-A056-07,0.3782456814664856,1
TCGA-A7-A4SE-01A-11R-A266-07,0.5071850743008761,0
TCGA-LL-A740-01A-21R-A32P-07,0.6165075119937315,1
TCGA-A8-A07R-01A-21R-A034-07,0.2642888235130799,0
TCGA-S3-AA10-01A-21R-A41B-07,0.3557876121883257,1
TCGA-A7-A4SF-01A-11R-A266-07,0.5569193344913237,0
TCGA-A7-A0CG-01A-12R-A056-07,0.8443186828439998,0
TCGA-E2-A1LS-01A-12R-A157-07,0.2198035243839673,1
TCGA-AR-A24P-01A-11R-A169-07,0.9307901831187271,0
TCGA-E9-A54Y-01A-11R-A466-07,0.1779943588364275,1
TCGA-AO-A0JA-01A-11R-A056-07,0.914843612098987,1
TCGA-A8-A08A-01A-11R-A32Y-07,0.8265817252126592,1
TCGA-AR-A24V-01A-21R-A169-07,0.7071353069264193,1
TCGA-A2-A0CO-01A-13R-A22K-07,0.7497188240906664,1
TCGA-E2-A15I-01A-21R-A137-07,0.8011161467661686,0
TCGA-A2-A0SU-01A-11R-A084-07,0.9054060401530796,0
TCGA-AC-A3OD-01A-11R-A21T-07,0.4365727386949262,1
TCGA-AC-A3YJ-01A-11R-A22U-07,0.571707803585594,0
TCGA-AR-A0TZ-01A-12R-A084-07,0.663289435881154,1
TCGA-A2-A0D3-01A-11R-A115-07,0.6030522508719923,1
TCGA-BH-A18L-01A-32R-A12D-07,0.5950467167797007,1
TCGA-EW-A2FW-01A-11R-A17B-07,0.6140242235172142,1
TCGA-A2-A0YL-01A-21R-A109-07,0.8873220308061385,1
TCGA-E9-A54X-01A-11R-A266-07,0.5602044493967228,1
TCGA-BH-A18F-01A-11R-A12D-07,0.9317587081248802,1
TCGA-W8-A86G-01A-21R-A36F-07,0.7959280125823829,1
TCGA-A8-A08T-01A-21R-A00Z-07,0.8572563852386988,1
TCGA-BH-A1EX-01A-11R-A13Q-07,0.8336760171131846,0
TCGA-A8-A08O-01A-21R-A056-07,0.8331154838774327,0
TCGA-AC-A6IX-01A-12R-A32P-07,0.9456880389647625,1
TCGA-C8-A27B-01A-11R-A169-07,0.15477767935686237,1
TCGA-PL-A8LZ-01A-31R-A36F-07,0.5738057248056152,1
TCGA-AR-A1AQ-01A-11R-A12P-07,0.5426154910723247,1
TCGA-BH-A1FU-01A-11R-A14D-07,0.6764462772464604,1
TCGA-A2-A0SY-01A-31R-A084-07,0.9287281751566197,1
TCGA-BH-A1EW-01A-11R-A137-07,0.734024130933225,1
TCGA-GM-A3NW-01A-21R-A22K-07,0.7225417208411938,0
TCGA-BH-A0W4-01A-11R-A109-07,0.9051870169932451,1
TCGA-AR-A1AS-01A-11R-A12P-07,0.8174094679386561,0
TCGA-EW-A1J6-01A-11R-A13Q-07,0.6191510668497029,1
TCGA-AC-A6NO-01A-12R-A33J-07,0.8478512837403315,1
TCGA-A7-A0CE-01A-11R-A00Z-07,0.3094977501399881,0
TCGA-BH-A6R8-01A-21R-A33J-07,0.49133726526466565,1
TCGA-EW-A1OY-01A-11R-A144-07,0.8593966701530648,1
TCGA-BH-A0BS-01A-11R-A12P-07,0.6546018402908973,0
TCGA-A7-A6VY-01A-12R-A33J-07,0.4453077147843986,1
TCGA-A2-A0CK-01A-11R-A22K-07,0.7683471348423019,0
TCGA-AO-A12H-01A-11R-A115-07,0.755820567668253,0
TCGA-C8-A12L-01A-11R-A115-07,0.5852568571563858,1
TCGA-A1-A0SQ-01A-21R-A144-07,0.603237716289187,1
TCGA-A7-A56D-01A-11R-A27Q-07,0.22625657236943483,1
TCGA-A8-A09I-01A-22R-A034-07,0.6237782975622742,1
TCGA-BH-A0DH-01A-11R-A084-07,0.5764755956599104,1
TCGA-B6-A0X0-01A-21R-A115-07,0.7960337683941613,1
TCGA-S3-AA12-01A-11R-A41B-07,0.6122497424448409,1
TCGA-E2-A159-01A-11R-A115-07,0.7127460369623072,1
TCGA-D8-A27V-01A-12R-A17B-07,0.7661518535595595,1
TCGA-D8-A1JT-01A-31R-A13Q-07,0.3029459532834812,1
TCGA-C8-A138-01A-11R-A115-07,0.8422552628097661,1
TCGA-AO-A0J6-01A-11R-A034-07,0.3426595714031625,1
TCGA-AR-A24R-01A-11R-A169-07,0.7237382939753725,1
TCGA-AR-A0TY-01A-12R-A115-07,0.5765610850076047,1
TCGA-E9-A1QZ-01A-21R-A169-07,0.7711627306980722,1
TCGA-AR-A24W-01A-11R-A169-07,0.6421937047172127,0
TCGA-LL-A5YP-01A-21R-A28M-07,0.5671388276338388,1
TCGA-B6-A0WY-01A-11R-A109-07,0.9137639523459611,1
TCGA-GM-A2DC-01A-11R-A18M-07,0.4548558161280402,1
TCGA-A2-A4S2-01A-12R-A266-07,0.8911244734930043,1
TCGA-A8-A09X-01A-11R-A00Z-07,0.4891118205010144,1
TCGA-OL-A5RV-01A-12R-A28M-07,0.92738325118185,1
TCGA-E2-A14P-01A-31R-A12D-07,0.5107575531313,1
TCGA-C8-A8HQ-01A-11R-A36F-07,0.9136501093194864,1
TCGA-AR-A0TP-01A-11R-A084-07,0.3303776749484782,1
TCGA-A8-A09A-01A-11R-A00Z-07,0.7932654704770011,1
TCGA-A8-A08L-01A-11R-A00Z-07,0.751898376461973,1
TCGA-A8-A08F-01A-11R-A00Z-07,0.6785664727894037,1
TCGA-GI-A2C9-01A-11R-A21T-07,0.4699862679143615,1
TCGA-A2-A0SW-01A-11R-A084-07,0.804633641683571,1
TCGA-LD-A7W5-01A-22R-A352-07,0.7172110523769215,0
TCGA-D8-A27R-01A-11R-A16F-07,0.7858952834326375,1
TCGA-AO-A0JM-01A-21R-A056-07,0.7466293607003422,1
TCGA-GM-A2D9-01A-11R-A18M-07,0.8855704995450354,1
TCGA-D8-A1XU-01A-11R-A14M-07,0.9154812703223311,1
TCGA-AO-A1KT-01A-11R-A13Q-07,0.8226055565676949,1
TCGA-C8-A12P-01A-11R-A115-07,0.45283670180200514,1
TCGA-LL-A6FR-01A-12R-A31O-07,0.21303107917052355,0
TCGA-AR-A1AJ-01A-21R-A12P-07,0.46332811571052895,1
TCGA-A8-A09D-01A-11R-A00Z-07,0.7944891182185401,1
TCGA-S3-A6ZF-01A-32R-A32P-07,0.9082657844036566,0
TCGA-E2-A150-01A-11R-A12D-07,0.3583582794283748,1
TCGA-BH-A18U-01A-21R-A12D-07,0.6427529602965371,1
TCGA-BH-A0GY-01A-11R-A056-07,0.8029245485240271,1
TCGA-AQ-A54N-01A-11R-A266-07,0.20515953963694308,1
TCGA-C8-A273-01A-11R-A16F-07,0.6863778695194493,1
TCGA-S3-AA14-01A-11R-A41B-07,0.8211400120802984,1
TCGA-A7-A2KD-01A-31R-A21T-07,0.615976506446993,1
TCGA-C8-A131-01A-11R-A115-07,0.6214870665532298,1
TCGA-E2-A576-01A-11R-A31O-07,0.4508223637378669,1
TCGA-A2-A0T4-01A-31R-A084-07,0.9239636052214381,1
TCGA-A2-A04V-01A-21R-A034-07,0.7821148492217654,0
TCGA-AR-A0U0-01A-11R-A109-07,0.39318145244956476,1
TCGA-BH-A0BO-01A-23R-A12D-07,0.5421119686722345,1
TCGA-A2-A3KC-01A-11R-A213-07,0.9290365873891578,0
TCGA-BH-A18T-01A-11R-A12D-07,0.21192487468163618,0
TCGA-EW-A1J2-01A-21R-A13Q-07,0.8735670189325977,1
TCGA-A8-A084-01A-21R-A00Z-07,0.8110128564719694,1
TCGA-A8-A08X-01A-21R-A00Z-07,0.7427870698329936,1
TCGA-GM-A2DH-01A-11R-A180-07,0.6854362737297571,1
TCGA-D8-A27L-01A-11R-A16F-07,0.949973951851638,1
TCGA-A7-A3IZ-01A-11R-A213-07,0.6021059281681604,1
TCGA-AN-A04D-01A-21R-A034-07,0.39065775183540963,1
TCGA-5L-AAT0-01A-12R-A41B-07,0.8929668796137032,1
TCGA-AR-A1AU-01A-11R-A12P-07,0.8847862144449715,1
TCGA-AC-A6IV-01A-12R-A33J-07,0.8407938399573353,1
TCGA-E2-A15C-01A-31R-A12D-07,0.8158943501642917,1
TCGA-AO-A1KP-01A-11R-A13Q-07,0.6207337443919712,1
TCGA-E2-A15G-01A-11R-A12D-07,0.8388756982229375,1
TCGA-A2-A3KD-01A-12R-A213-07,0.86072303942205,0
TCGA-D8-A1X5-01A-11R-A14D-07,0.7295821320236232,1
TCGA-AQ-A04L-01B-21R-A10J-07,0.5801227588588979,1
TCGA-A8-A096-01A-11R-A00Z-07,0.8773277119632975,1
TCGA-A2-A0YH-01A-11R-A109-07,0.765703849178269,1
TCGA-AN-A0FW-01A-11R-A034-07,0.8029129860890075,1
TCGA-D8-A27H-01A-11R-A16F-07,0.44048781236402723,0
TCGA-OL-A6VQ-01A-12R-A41B-07,0.8257994556337165,1
TCGA-A7-A4SA-01A-11R-A266-07,0.8353723457243163,0
TCGA-C8-A274-01A-11R-A16F-07,0.6819491633072876,1
TCGA-E2-A15J-01A-11R-A12P-07,0.733289171916345,1
TCGA-BH-A0B3-01A-11R-A056-07,0.5435789101008058,1
TCGA-E2-A153-01A-12R-A12D-07,0.9195283670133606,1
TCGA-WT-AB44-01A-11R-A41B-07,0.4874642063518528,1
TCGA-B6-A0RQ-01A-11R-A115-07,0.7185635025560768,1
TCGA-A2-A0YM-01A-11R-A109-07,0.22094000077287285,1
TCGA-C8-A1HI-01A-11R-A137-07,0.7806919822252643,1
TCGA-AC-A3TM-01A-11R-A22K-07,0.5671675350764296,1
TCGA-A7-A0CD-01A-11R-A00Z-07,0.5829780076284138,0
TCGA-D8-A145-01A-11R-A115-07,0.9422365983289616,1
TCGA-BH-A0EB-01A-11R-A034-07,0.8998862604022291,1
TCGA-AR-A0TV-01A-21R-A084-07,0.5506938874189408,1
TCGA-E2-A15P-01A-11R-A115-07,0.8226723333679358,1
TCGA-A2-A04T-01A-21R-A034-07,0.39236996069325564,1
TCGA-E9-A2JT-01A-22R-A18M-07,0.6450125776432066,1
TCGA-OL-A5RW-01A-11R-A28M-07,0.2678616925531306,0
TCGA-PL-A8LV-01A-21R-A41B-07,0.3783098427107272,1
TCGA-BH-A18M-01A-11R-A12D-07,0.9205198552230458,1
TCGA-D8-A27N-01A-11R-A16F-07,0.8141044522159709,1
TCGA-C8-A3M8-01A-11R-A213-07,0.888534179278841,1
TCGA-B6-A0WW-01A-11R-A109-07,0.839487653947719,1
TCGA-E9-A3X8-01A-31R-A22U-07,0.399980412101785,1
TCGA-C8-A133-01A-32R-A12D-07,0.41863082076915015,0
TCGA-D8-A1X6-01A-11R-A14M-07,0.5113697910489786,1
TCGA-A2-A04P-01A-31R-A034-07,0.36347777419841376,1
TCGA-E9-A1N3-01A-12R-A157-07,0.716434501598841,1
TCGA-AN-A0XP-01A-11R-A109-07,0.8298056158460295,1
TCGA-E2-A1LK-01A-21R-A14D-07,0.25241276488891107,0
TCGA-C8-A132-01A-31R-A115-07,0.9081092590064308,1
TCGA-PE-A5DE-01A-11R-A27Q-07,0.8637202004149808,1
TCGA-EW-A6SC-01A-12R-A32P-07,0.8792557193367485,1
TCGA-BH-A0EI-01A-11R-A115-07,0.8614734472744036,1
TCGA-A8-A08I-01A-11R-A00Z-07,0.6276031114667441,0
TCGA-AO-A124-01A-11R-A10J-07,0.3412260197228346,0
TCGA-AN-A0XR-01A-11R-A109-07,0.6065065220342688,1
TCGA-BH-A204-01A-11R-A157-07,0.47359391481919144,0
TCGA-AN-A0FF-01A-11R-A034-07,0.9305285913986063,1
TCGA-A2-A0T3-01A-21R-A115-07,0.6877650082611402,1
TCGA-B6-A0RI-01A-11R-A056-07,0.8854559546740585,1
TCGA-AO-A03R-01A-21R-A034-07,0.5035250345995228,1
TCGA-E9-A1RA-01A-11R-A14D-07,0.9118477492856938,1
TCGA-AN-A0XV-01A-11R-A109-07,0.9430954821867711,1
TCGA-E9-A1RI-01A-11R-A169-07,0.8117337902466092,1
TCGA-A8-A07J-01A-11R-A00Z-07,0.8091552464278465,0
TCGA-AC-A6IW-01A-12R-A33J-07,0.30052450344150156,1
TCGA-3C-AALJ-01A-31R-A41B-07,0.7673572786412974,1
TCGA-AN-A0XS-01A-22R-A109-07,0.8502211089192435,1
TCGA-E9-A226-01A-21R-A157-07,0.6533307203987461,1
TCGA-C8-A12K-01A-21R-A115-07,0.4328450954073156,0
TCGA-BH-A202-01A-11R-A14M-07,0.7174046590685375,0
TCGA-OL-A66H-01A-11R-A29R-07,0.726176527989643,1
TCGA-E9-A1N9-01A-11R-A14D-07,0.7472211001636239,0
TCGA-A2-A0T2-01A-11R-A084-07,0.48491016930965103,1
TCGA-BH-A18H-01A-11R-A12D-07,0.8241957408792542,1
TCGA-UU-A93S-01A-21R-A41B-07,0.31151307401152156,1
TCGA-B6-A0RO-01A-22R-A084-07,0.6773191270241288,1
TCGA-E2-A10E-01A-21R-A10J-07,0.9064710253038255,1
TCGA-A7-A4SC-01A-12R-A266-07,0.860579260996637,1
TCGA-B6-A0WZ-01A-11R-A109-07,0.7401067799146012,1
TCGA-A7-A6VW-01A-21R-A33J-07,0.34011246262382455,1
TCGA-E2-A1B5-01A-21R-A12P-07,0.7930152637074469,1
TCGA-A8-A092-01A-11R-A00Z-07,0.6736673372835695,1
TCGA-C8-A1HK-01A-21R-A13Q-07,0.5614197640949427,1
TCGA-BH-A0W3-01A-11R-A109-07,0.6244661286447458,1
TCGA-A7-A0CH-01A-21R-A00Z-07,0.8679144221041657,1
TCGA-AR-A1AX-01A-11R-A12P-07,0.8218000181913052,1
TCGA-EW-A1P0-01A-11R-A144-07,0.5696345602400855,1
TCGA-E9-A1NI-01A-11R-A14D-07,0.8774549196869961,1
TCGA-AO-A12E-01A-11R-A10J-07,0.7831733216674089,1
TCGA-D8-A1XJ-01A-11R-A14M-07,0.6805011422882526,1
TCGA-B6-A0I6-01A-11R-A034-07,0.5452079612590862,1
TCGA-E9-A1RH-01A-21R-A169-07,0.4234504493233771,1
TCGA-BH-A18Q-01A-12R-A12D-07,0.5250139773078438,1
TCGA-AO-A0JI-01A-21R-A056-07,0.605065795351033,1
TCGA-A2-A0CL-01A-11R-A115-07,0.7228811596419724,1
TCGA-E2-A155-01A-11R-A12D-07,0.6140374061880501,1
TCGA-B6-A0I8-01A-11R-A034-07,0.6901436555296571,0
TCGA-E2-A14X-01A-11R-A115-07,0.5496929075531267,0
TCGA-AC-A3YI-01A-21R-A239-07,0.6341103530563603,1
TCGA-AR-A1AI-01A-11R-A12P-07,0.3034745520861246,1
TCGA-D8-A1JK-01A-11R-A13Q-07,0.6372862392361428,1
TCGA-BH-A0C3-01A-21R-A12P-07,0.8593104690292369,1
TCGA-A8-A09C-01A-11R-A00Z-07,0.8036124924630951,1
TCGA-LL-A50Y-01A-11R-A266-07,0.6396257431591137,1
TCGA-BH-A0B0-01A-21R-A115-07,0.9238627894551779,0
TCGA-OL-A66L-01A-12R-A31O-07,0.3998224340452467,1
TCGA-BH-A0AW-01A-11R-A056-07,0.7231103894011238,1
TCGA-D8-A1X8-01A-11R-A14M-07,0.8929683293687364,1
TCGA-D8-A1JE-01A-11R-A13Q-07,0.7119434440462239,1
TCGA-BH-A1EO-01A-11R-A137-07,0.7821227465056432,1
TCGA-BH-A0HU-01A-11R-A034-07,0.6682401978533833,1
TCGA-BH-A0H7-01A-13R-A056-07,0.8624638559834639,1
TCGA-E9-A22D-01A-11R-A157-07,0.78972478721207,1
TCGA-3C-AAAU-01A-11R-A41B-07,0.6176544531536967,1
TCGA-BH-A1FJ-01A-11R-A13Q-07,0.6890310740226498,1
TCGA-A8-A06P-01A-11R-A00Z-07,0.9258578466130635,1
TCGA-A2-A25B-01A-11R-A169-07,0.5398524700839857,1
TCGA-AC-A2BM-01A-11R-A21T-07,0.6341849950517725,1
TCGA-E9-A6HE-01A-11R-A31O-07,0.6760012983665353,1
TCGA-AO-A03O-01A-11R-A00Z-07,0.5773026376307886,1
TCGA-A2-A0EU-01A-22R-A056-07,0.8033889004842488,1
TCGA-A8-A06O-01A-11R-A00Z-07,0.826374218100059,1
TCGA-BH-A0BT-01A-11R-A12P-07,0.5720671767471313,1
TCGA-A2-A0YT-01A-11R-A109-07,0.6413156404756615,1
TCGA-E2-A14R-01A-11R-A115-07,0.45561440141489307,1
TCGA-B6-A0IC-01A-11R-A034-07,0.4845192991484759,0
TCGA-AC-A5XU-01A-11R-A28M-07,0.7696932503587588,1
TCGA-AR-A250-01A-31R-A169-07,0.8267982776151331,0
TCGA-D8-A1XZ-01A-11R-A14M-07,0.7809116272733441,1
TCGA-B6-A0I9-01A-11R-A034-07,0.6536462541733948,1
TCGA-B6-A0IA-01A-11R-A034-07,0.44346162947275325,1
TCGA-E2-A14N-01A-31R-A137-07,0.1999960958251167,0
TCGA-PL-A8LY-01A-11R-A41B-07,0.6653861524667357,1
TCGA-LL-A441-01A-11R-A24H-07,0.6993907340911356,1
TCGA-A8-A08S-01A-11R-A034-07,0.7116858010459531,0
TCGA-A8-A09V-01A-11R-A034-07,0.7213210337552387,1
TCGA-BH-A209-01A-11R-A157-07,0.5965414450965818,1
TCGA-GM-A5PX-01A-12R-A28M-07,0.7003835362772475,1
TCGA-A8-A085-01A-11R-A00Z-07,0.5813336125090671,1
TCGA-A2-A25E-01A-11R-A169-07,0.7632413591070866,0
TCGA-D8-A1JG-01B-11R-A13Q-07,0.6373199355624455,1
TCGA-AC-A2FO-01A-11R-A180-07,0.8650427479924325,1
TCGA-B6-A3ZX-01A-11R-A239-07,0.6226245068267239,1
TCGA-AN-A0FT-01A-11R-A034-07,0.5653536603575128,1
TCGA-AQ-A04H-01B-11R-A10J-07,0.6504517315563144,1
TCGA-AR-A1AR-01A-31R-A137-07,0.34894891342820145,1
TCGA-A2-A0CS-01A-11R-A115-07,0.9056321763400572,1
TCGA-A2-A1FZ-01A-51R-A14D-07,0.9231578323881429,1
TCGA-AC-A8OQ-01A-11R-A41B-07,0.6027214722696379,1
TCGA-AR-A0TR-01A-11R-A084-07,0.4932958615724506,1
TCGA-C8-A12M-01A-11R-A115-07,0.4992168690031035,1
TCGA-A1-A0SM-01A-11R-A084-07,0.796501024489435,1
TCGA-BH-A1ET-01A-11R-A137-07,0.798992740886917,1
TCGA-A8-A0A1-01A-11R-A00Z-07,0.9386712383315691,1
TCGA-C8-A1HG-01A-11R-A137-07,0.6306770537438763,1
TCGA-E9-A1NF-01A-11R-A14D-07,0.9499159191724234,1
TCGA-A2-A0D4-01A-11R-A00Z-07,0.652247405880394,1
TCGA-BH-A2L8-01A-11R-A18M-07,0.9199172785960695,1
TCGA-A8-A093-01A-11R-A00Z-07,0.850945721246091,1
TCGA-D8-A1Y3-01A-11R-A157-07,0.2208770687960911,1
TCGA-AR-A1AY-01A-21R-A12P-07,0.36220102604984056,1
TCGA-AO-A12F-01A-11R-A115-07,0.5123691001267385,1
TCGA-AN-A0FL-01A-11R-A034-07,0.32718730969803433,1
TCGA-AR-A0TQ-01A-11R-A084-07,0.668442197784234,1
TCGA-A2-A0CP-01A-11R-A034-07,0.8585777790739733,0
TCGA-AO-A129-01A-21R-A10J-07,0.5506784114270554,1
TCGA-D8-A1JH-01A-11R-A13Q-07,0.9415996058118492,1
TCGA-BH-A18K-01A-11R-A12D-07,0.9239061376379328,1
TCGA-B6-A0IM-01A-11R-A034-07,0.7700776854188182,1
TCGA-AO-A0J4-01A-11R-A034-07,0.449700614620264,0
TCGA-AR-A1AW-01A-21R-A12P-07,0.6977452404360363,1
TCGA-AC-A62Y-01A-11R-A29R-07,0.7966775715549395,0
TCGA-A1-A0SH-01A-11R-A084-07,0.8245327172245517,1
TCGA-A8-A08C-01A-11R-A00Z-07,0.7370173082220013,1
TCGA-A2-A3XU-01A-12R-A22U-07,0.19468787398764031,1
TCGA-E2-A1LB-01A-11R-A144-07,0.5000236158045193,1
TCGA-D8-A1JJ-01A-31R-A14M-07,0.8437918173569574,1
TCGA-AN-A049-01A-21R-A00Z-07,0.8546672600567989,1
TCGA-A1-A0SN-01A-11R-A144-07,0.7412735543519875,0
TCGA-EW-A1IW-01A-11R-A13Q-07,0.8724008861413677,1
TCGA-LQ-A4E4-01A-11R-A266-07,0.6794872030546258,1
TCGA-E9-A5UP-01A-11R-A28M-07,0.3617577064931386,0
TCGA-EW-A1IY-01A-11R-A13Q-07,0.5835697979465521,1
TCGA-AN-A0XW-01A-11R-A109-07,0.9135346212494314,1
TCGA-AR-A24S-01A-11R-A169-07,0.7648131740189787,1
TCGA-AR-A2LM-01A-11R-A180-07,0.9259732029202721,1
TCGA-E9-A1NE-01A-21R-A14M-07,0.8262022415655987,1
TCGA-LL-A9Q3-01A-11R-A41B-07,0.5726722579228836,1
TCGA-AC-A8OP-01A-11R-A36F-07,0.8899898374304812,1
TCGA-E2-A572-01A-13R-A31O-07,0.15247767423735278,1
TCGA-B6-A0IP-01A-11R-A034-07,0.8291448683474386,1
TCGA-C8-A135-01A-11R-A115-07,0.5984130963919941,0
TCGA-D8-A1XL-01A-11R-A14M-07,0.6652961938650929,0
TCGA-EW-A1PC-01B-11R-A21T-07,0.6329499901219144,0
TCGA-AO-A03M-01B-11R-A10J-07,0.7312150764497917,0
TCGA-AN-A0FN-01A-11R-A034-07,0.8344952478271244,1
TCGA-A7-A4SD-01A-11R-A266-07,0.44640734598368453,1
TCGA-BH-A0HN-01A-11R-A10U-07,0.5238813603976996,1
TCGA-S3-A6ZH-01A-22R-A32P-07,0.5834593223644923,0
TCGA-AC-A3QP-01A-11R-A22U-07,0.7302241733899805,0
TCGA-5L-AAT1-01A-12R-A41B-07,0.8443363989523022,1
TCGA-AN-A0FY-01A-11R-A034-07,0.7096671802861448,0
TCGA-BH-A0BA-01A-11R-A056-07,0.8130279888419808,1
TCGA-A2-A0CU-01A-12R-A034-07,0.8408306241369538,1
TCGA-D8-A143-01A-11R-A115-07,0.5041928208743265,1
TCGA-BH-A0DE-01A-11R-A115-07,0.8631393916155549,1
TCGA-A2-A0EO-01A-11R-A034-07,0.9029130809807911,1
TCGA-AO-A0JF-01A-11R-A056-07,0.8973521665935116,1
TCGA-A8-A09E-01A-11R-A00Z-07,0.6323907764081855,1
TCGA-BH-A0AZ-01A-21R-A12P-07,0.9099598298944099,1
TCGA-GM-A2DN-01A-11R-A180-07,0.8866331806198927,1
TCGA-E2-A15T-01A-11R-A115-07,0.7281660588856949,1
TCGA-BH-A1F6-01A-11R-A13Q-07,0.4913346270470296,0
TCGA-BH-A0DX-01A-11R-A115-07,0.9589634470444517,1
TCGA-EW-A3U0-01A-11R-A22K-07,0.6074232512494884,0
TCGA-BH-A0DV-01A-21R-A12P-07,0.8376770487106691,1
TCGA-AC-A3TN-01A-11R-A22K-07,0.5266265808867718,1
TCGA-A1-A0SK-01A-12R-A084-07,0.21264405967288036,1
TCGA-B6-A0X5-01A-21R-A109-07,0.34089827981032556,1
TCGA-A2-A0YC-01A-11R-A109-07,0.852461783839505,0
TCGA-A2-A0CZ-01A-11R-A034-07,0.839742536734673,0
TCGA-C8-A27A-01A-11R-A169-07,0.4112582139125762,1
TCGA-AR-A1AP-01A-11R-A12P-07,0.8479854410251391,1
TCGA-BH-A0B4-01A-11R-A00Z-07,0.9016391160454027,0
TCGA-BH-A0BV-01A-11R-A00Z-07,0.7998933295760668,1
TCGA-AN-A0XO-01A-11R-A109-07,0.8917542533710736,0
TCGA-AC-A2QJ-01A-12R-A19W-07,0.15791113091781886,1
TCGA-GM-A2DD-01A-11R-A180-07,0.7393529794843648,0
TCGA-AR-A1AV-01A-21R-A12P-07,0.8536899953251591,1
TCGA-D8-A1XF-01A-11R-A14D-07,0.3733034270534252,1
TCGA-LL-A6FP-01A-11R-A31O-07,0.30483345040384613,1
TCGA-D8-A1XA-01A-11R-A14D-07,0.6682344495270743,1
TCGA-C8-A26V-01A-11R-A16F-07,0.6083390234088195,1
TCGA-PE-A5DC-01A-12R-A27Q-07,0.8061463355091715,0
TCGA-E2-A1LH-01A-11R-A14D-07,0.6032873399192878,1
TCGA-BH-A0B9-01A-11R-A056-07,0.28245474383410446,1
TCGA-E9-A1N8-01A-11R-A144-07,0.34211901757836716,1
TCGA-AC-A62V-01A-11R-A31O-07,0.4808112332981959,1
TCGA-EW-A1PH-01A-11R-A14M-07,0.4474098588930567,1
TCGA-AR-A5QP-01A-11R-A28M-07,0.9155136316473422,1
TCGA-BH-A5J0-01A-11R-A27Q-07,0.758323398650304,1
TCGA-A1-A0SB-01A-11R-A144-07,0.6127638732796983,1
TCGA-B6-A0IK-01A-12R-A056-07,0.7743640992114869,1
TCGA-A8-A06Q-01A-11R-A034-07,0.3827938461484261,0
TCGA-AR-A2LH-01A-31R-A18M-07,0.7887541661194526,1
TCGA-AR-A24Z-01A-11R-A169-07,0.5718073946632748,1
TCGA-Z7-A8R5-01A-42R-A41B-07,0.6689802217036522,1
TCGA-A8-A0A9-01A-11R-A00Z-07,0.836665995227409,0
TCGA-D8-A1JA-01A-11R-A13Q-07,0.4774156452986372,1
TCGA-AN-A0FK-01A-11R-A034-07,0.8475855929943407,1
TCGA-GM-A2DL-01A-11R-A18M-07,0.8588032410047781,1
TCGA-EW-A1P6-01A-11R-A144-07,0.8115431874826815,1
TCGA-BH-A0EA-01A-11R-A115-07,0.8016645524231473,1
TCGA-BH-A8FY-01A-11R-A36F-07,0.5912838836568687,1
TCGA-E2-A1L9-01A-11R-A13Q-07,0.8671593566130127,1
TCGA-E9-A1R2-01A-11R-A14D-07,0.8193462566761073,1
TCGA-AC-A2FM-01A-11R-A19W-07,0.6963653117342774,1
TCGA-E2-A108-01A-13R-A10J-07,0.8181268154475261,1
TCGA-OL-A66O-01A-11R-A31O-07,0.4898986012913096,0
TCGA-C8-A275-01A-21R-A16F-07,0.5473882937344696,1
TCGA-B6-A0IO-01A-11R-A034-07,0.7719236724623905,1
TCGA-BH-A0HO-01A-11R-A034-07,0.7710133076038672,1
TCGA-EW-A1P8-01A-11R-A144-07,0.4697276699145401,1
TCGA-A2-A0D0-01A-11R-A00Z-07,0.2785867704495349,1
TCGA-A2-A0SX-01A-12R-A084-07,0.4714325925211231,1
TCGA-D8-A27I-01A-11R-A16F-07,0.9043219633777341,0
TCGA-EW-A2FS-01A-11R-A17B-07,0.6701119261769165,0
TCGA-Z7-A8R6-01A-11R-A41B-07,0.8123329289870863,0
TCGA-E2-A15O-01A-11R-A115-07,0.7323147322001551,1
TCGA-V7-A7HQ-01A-11R-A33J-07,0.35186021942693463,1
TCGA-C8-A12W-01A-11R-A115-07,0.7430800727878061,1
TCGA-A7-A3IY-01A-21R-A21T-07,0.6948513065238188,1
TCGA-A8-A08B-01A-11R-A00Z-07,0.6594998112035336,1
TCGA-5T-A9QA-01A-11R-A41B-07,0.3652466220952948,1
TCGA-E2-A106-01A-11R-A10J-07,0.46489982357998294,1
TCGA-E2-A1B6-01A-31R-A12P-07,0.500598269924089,1
TCGA-AC-A2FF-01A-11R-A17B-07,0.8984860950647374,0
TCGA-EW-A1PA-01A-11R-A144-07,0.8407809975671091,1
TCGA-D8-A27T-01A-11R-A16F-07,0.9002831186269243,1
TCGA-LD-A66U-01A-11R-A31O-07,0.7511691601176383,1
TCGA-A8-A07Z-01A-11R-A00Z-07,0.6975290113955748,1
TCGA-AR-A1AO-01A-11R-A12P-07,0.7787796932662578,1
TCGA-E2-A573-01A-11R-A29R-07,0.5231355673529103,1
TCGA-AC-A2FB-01A-11R-A17B-07,0.7985585666467548,1
TCGA-AN-A0G0-01A-11R-A034-07,0.46455091436911244,1
TCGA-BH-A0H5-01A-21R-A115-07,0.9012241087796894,1
TCGA-A8-A07S-01A-11R-A034-07,0.6029804800847364,1
TCGA-E9-A3QA-01A-61R-A22K-07,0.4656719982635684,1
TCGA-A1-A0SI-01A-11R-A144-07,0.9289450608817886,0
TCGA-A8-A09W-01A-11R-A00Z-07,0.6231210810557799,1
TCGA-BH-A1F0-01A-11R-A137-07,0.5395567680913521,1
TCGA-A2-A0D2-01A-21R-A034-07,0.4688024224996979,1
TCGA-OL-A5D8-01A-11R-A27Q-07,0.7742134856787558,1
TCGA-BH-A18G-01A-11R-A12D-07,0.5878144185794659,1
TCGA-A2-A0YI-01A-31R-A10J-07,0.8020367091934988,1
TCGA-A8-A0A4-01A-11R-A00Z-07,0.796632516310988,1
TCGA-A7-A425-01A-11R-A24H-07,0.8308784978597576,1
TCGA-E9-A22A-01A-11R-A157-07,0.8278061349842634,1
TCGA-A8-A08J-01A-11R-A00Z-07,0.7034267178933795,1
TCGA-A2-A3Y0-01A-11R-A239-07,0.2762953800753787,0
TCGA-AC-A2BK-01A-11R-A21T-07,0.20490100404398814,1
TCGA-B6-A0IN-01A-11R-A034-07,0.6808211687437242,0
TCGA-D8-A1JD-01A-11R-A13Q-07,0.8747950600102432,0
TCGA-GM-A2DK-01A-21R-A180-07,0.8131677679785992,1
TCGA-OL-A5RX-01A-11R-A28M-07,0.9122632450622042,1
TCGA-A8-A08Z-01A-21R-A00Z-07,0.834470303448614,1
TCGA-A2-A0YD-01A-11R-A109-07,0.8885394610746681,1
TCGA-A7-A3J1-01A-11R-A213-07,0.8600610927777328,1
TCGA-BH-A1FD-01A-11R-A13Q-07,0.5696706361582311,1
TCGA-A2-A0D1-01A-11R-A034-07,0.5806715305832594,0
TCGA-BH-A0BL-01A-11R-A115-07,0.6466762001381882,1
TCGA-E2-A1IH-01A-11R-A13Q-07,0.8592419398202799,1
TCGA-AR-A0TU-01A-31R-A109-07,0.14635991860110825,1
TCGA-AC-A2FG-01A-11R-A17B-07,0.8995826084168448,1
TCGA-GM-A4E0-01A-12R-A266-07,0.606319639865033,0
TCGA-AC-A3W7-01A-11R-A22K-07,0.8920188187185886,1
TCGA-A8-A083-01A-21R-A00Z-07,0.5094965725864674,1
TCGA-A2-A0EN-01A-13R-A084-07,0.8992223205145925,1
TCGA-D8-A1Y0-01A-11R-A14M-07,0.8647614000626654,0
TCGA-AR-A1AK-01A-21R-A12P-07,0.7477629811913488,1
TCGA-AC-A7VC-01A-11R-A352-07,0.36955746971883335,1
TCGA-A7-A0CJ-01A-21R-A00Z-07,0.48443469937458666,1
TCGA-AO-A03U-01B-21R-A10J-07,0.4668409620593897,1
TCGA-E2-A2P5-01A-11R-A19W-07,0.7024945589156029,1
TCGA-E2-A15S-01A-11R-A115-07,0.498764898000187,1
TCGA-A1-A0SJ-01A-11R-A084-07,0.8421963394317441,0
TCGA-A2-A04N-01A-11R-A115-07,0.9225156753334303,1
TCGA-B6-A401-01A-11R-A239-07,0.864571916954652,0
TCGA-D8-A1JU-01A-11R-A13Q-07,0.8137212172221409,1
TCGA-B6-A40B-01A-11R-A239-07,0.7999949564733726,1
TCGA-LD-A9QF-01A-32R-A41B-07,0.8095879669916535,0
TCGA-AO-A03T-01A-21R-A034-07,0.6571250652459512,0
TCGA-E9-A3Q9-01A-11R-A21T-07,0.7732785137435906,0
TCGA-D8-A1JP-01A-11R-A13Q-07,0.8498973589986774,1
TCGA-BH-A18I-01A-11R-A12D-07,0.8155274518391532,1
TCGA-BH-A28Q-01A-11R-A16F-07,0.8957159354406483,1
TCGA-EW-A1OW-01A-21R-A144-07,0.5328816137132603,1
TCGA-BH-A18R-01A-11R-A12D-07,0.6359626408055422,1
TCGA-AO-A0J8-01A-21R-A034-07,0.8955194218547896,0
TCGA-AC-A3BB-01A-21R-A19W-07,0.8523765484200376,0
TCGA-E9-A247-01A-11R-A169-07,0.6034181787007524,1
TCGA-D8-A73U-01A-11R-A33J-07,0.8564568222441171,0
TCGA-BH-A18V-01A-11R-A12D-07,0.3053414481922236,1
TCGA-BH-A0C1-01B-11R-A12D-07,0.8881637461272572,0
TCGA-AC-A3W6-01A-12R-A22K-07,0.8974156917809059,1
TCGA-BH-A1FR-01A-11R-A13Q-07,0.8719190593771177,1
TCGA-A2-A1G0-01A-11R-A13Q-07,0.8218689841561163,0
TCGA-BH-A0DQ-01A-11R-A084-07,0.9134198567578687,1
TCGA-A2-A0ER-01A-21R-A034-07,0.6364673909994064,1
TCGA-D8-A27P-01A-11R-A16F-07,0.7943024686268585,1
TCGA-B6-A1KN-01A-11R-A13Q-07,0.5471751935611132,1
TCGA-E9-A228-01A-31R-A157-07,0.678977518591845,1
TCGA-BH-A0B2-01A-11R-A10J-07,0.9319815165806423,1
TCGA-B6-A0X4-01A-11R-A109-07,0.5177034435252323,0
TCGA-BH-A1EY-01A-11R-A13Q-07,0.9113120293371663,1
TCGA-BH-A0HX-01A-21R-A056-07,0.877427109182284,1
TCGA-A8-A094-01A-11R-A00Z-07,0.7199846139069414,1
TCGA-AO-A1KR-01A-12R-A144-07,0.24428352413671586,0
TCGA-A2-A0CV-01A-31R-A115-07,0.7775053700266501,1
TCGA-A8-A076-01A-21R-A00Z-07,0.7970498500448334,1
TCGA-E9-A1RE-01A-11R-A157-07,0.820775495432408,1
TCGA-S3-A6ZG-01A-22R-A32P-07,0.8220822639913787,1
TCGA-A8-A06Z-01A-11R-A00Z-07,0.6117792051564452,1
TCGA-BH-A8FZ-01A-11R-A352-07,0.7833523681825024,1
TCGA-LL-A440-01A-11R-A24H-07,0.8514088636025663,1
TCGA-E9-A249-01A-11R-A169-07,0.7153798413336924,1
TCGA-PL-A8LX-01A-11R-A41B-07,0.46439699500377224,1
TCGA-E2-A1L8-01A-11R-A13Q-07,0.8298252868269763,1
TCGA-EW-A6SD-01A-12R-A33J-07,0.7148173966252975,1
TCGA-AO-A0JL-01A-11R-A056-07,0.33572539557507064,1
TCGA-MS-A51U-01A-31R-A266-07,0.9086955152172969,1
TCGA-BH-A0E7-01A-11R-A034-07,0.7059755379721306,1
TCGA-E9-A22G-01A-11R-A157-07,0.3514212227546584,1
TCGA-A8-A08R-01A-11R-A034-07,0.4106080035350432,1
TCGA-A2-A4S1-01A-21R-A266-07,0.2600800588287655,1
TCGA-E2-A1II-01A-11R-A144-07,0.25006187343437175,1
TCGA-A7-A3J0-01A-11R-A213-07,0.7147814883977125,0
TCGA-BH-A0B8-01A-21R-A056-07,0.8133627598743668,0
TCGA-AR-A24L-01A-11R-A169-07,0.8317383626914812,1
TCGA-EW-A1J3-01A-11R-A13Q-07,0.5963516214517258,1
TCGA-AR-A5QM-01A-11R-A27Q-07,0.8999197276870105,1
TCGA-AO-A1KS-01A-11R-A13Q-07,0.5495858386505887,1
TCGA-D8-A1JI-01A-11R-A13Q-07,0.6120736088659594,1
TCGA-A8-A09N-01A-11R-A00Z-07,0.8480247391306792,1
TCGA-BH-A203-01A-12R-A169-07,0.7713192595836142,1
TCGA-AR-A2LQ-01A-22R-A18M-07,0.7705813845121531,1
TCGA-AR-A251-01A-12R-A169-07,0.38761723465351205,1
TCGA-BH-A18J-01A-11R-A12D-07,0.8727371672946418,1
TCGA-D8-A1XM-01A-21R-A14M-07,0.8578686204582768,1
TCGA-BH-A0HA-01A-11R-A12P-07,0.8197697846479935,1
TCGA-AR-A0U2-01A-11R-A109-07,0.4428625962683212,1
TCGA-E2-A1B1-01A-21R-A12P-07,0.6778001469101559,1
TCGA-AC-A62X-01A-11R-A29R-07,0.24287529503651395,0
TCGA-A7-A5ZW-01A-12R-A29R-07,0.9215389483389408,1
TCGA-BH-A28O-01A-11R-A22K-07,0.7182922702693998,1
TCGA-D8-A1XQ-01A-11R-A14M-07,0.4809878297192749,0
TCGA-E9-A248-01A-11R-A169-07,0.43264890469451267,1
TCGA-A8-A07E-01A-11R-A034-07,0.8878309738195489,1
TCGA-AC-A23E-01A-11R-A157-07,0.8847442890561599,1
TCGA-E9-A1N4-01A-11R-A14M-07,0.8017197146449763,1
TCGA-E2-A15H-01A-11R-A12D-07,0.8426746733870376,0
TCGA-E2-A1IJ-01A-11R-A144-07,0.9350327058937044,1
TCGA-D8-A1XR-01A-11R-A14M-07,0.6897063002698344,1
TCGA-A8-A075-01A-11R-A084-07,0.8675701819342231,1
TCGA-A8-A06U-01A-11R-A00Z-07,0.8186830847859573,0
TCGA-B6-A0X7-01A-11R-A10J-07,0.9266156365490071,1
TCGA-AQ-A04J-01A-02R-A034-07,0.6225445690399983,1
TCGA-A2-A0CQ-01A-21R-A034-07,0.7667175074581875,1
TCGA-A8-A07F-01A-11R-A00Z-07,0.8145824457374631,1
TCGA-A8-A082-01A-11R-A00Z-07,0.7026641740847414,1
TCGA-AN-A0XT-01A-11R-A109-07,0.6912691512832826,1
TCGA-AR-A24X-01A-11R-A169-07,0.8655242804361547,0
TCGA-A2-A04Y-01A-21R-A034-07,0.8773045486336684,1
TCGA-A2-A1G4-01A-11R-A13Q-07,0.7079182880621694,1
TCGA-B6-A0IE-01A-11R-A034-07,0.5228227528144849,1
TCGA-A8-A079-01A-21R-A00Z-07,0.4533743885900358,1
TCGA-E2-A15E-01A-11R-A12D-07,0.879951343361214,1
TCGA-E9-A1R3-01A-31R-A14M-07,0.748408292028981,1
TCGA-AR-A0TT-01A-31R-A084-07,0.7223370208416606,0
TCGA-S3-AA0Z-01A-11R-A41B-07,0.3484683971187988,1
TCGA-BH-A0E1-01A-11R-A056-07,0.8126135617634023,1
TCGA-AC-A23G-01A-11R-A213-07,0.824623597677054,1
TCGA-GM-A3XG-01A-31R-A24H-07,0.7045951577322964,1
TCGA-AR-A1AM-01A-41R-A22K-07,0.9144454383787602,0
TCGA-E9-A1N5-01A-11R-A14D-07,0.8782474334018101,1
TCGA-A2-A3XX-01A-21R-A239-07,0.4752680246551008,1
TCGA-BH-A0BQ-01A-21R-A115-07,0.9335164291943553,1
TCGA-EW-A1P7-01A-21R-A144-07,0.7190706607365397,1
TCGA-BH-A5IZ-01A-11R-A27Q-07,0.27203127820338024,1
TCGA-D8-A1X7-01A-11R-A14M-07,0.6806548108681783,0
TCGA-BH-A0DP-01A-21R-A056-07,0.9312741394376517,1
TCGA-AC-A7VB-01A-11R-A352-07,0.4907131291164103,0
TCGA-A2-A0ST-01A-12R-A084-07,0.690739174162242,1
TCGA-A2-A0ES-01A-11R-A115-07,0.7458615845877363,1
TCGA-BH-A0DT-01A-21R-A12D-07,0.9174582441666943,1
TCGA-AN-A0AR-01A-11R-A00Z-07,0.23329059999856444,1
TCGA-A2-A0YJ-01A-11R-A109-07,0.3370246225926902,0
TCGA-D8-A4Z1-01A-21R-A266-07,0.872886957471304,0
TCGA-AO-A0JC-01A-11R-A056-07,0.5233438564769174,1
TCGA-A2-A04Q-01A-21R-A034-07,0.583131654765196,0
TCGA-GM-A2DF-01A-11R-A180-07,0.5311425739427706,1
TCGA-GM-A2DI-01A-31R-A18M-07,0.8448663735551616,1
TCGA-LL-A5YO-01A-21R-A28M-07,0.5807724524872839,0
TCGA-EW-A3E8-01B-11R-A24H-07,0.8999702415967575,0
TCGA-BH-A0E9-01B-11R-A115-07,0.8549915156950944,1
TCGA-AR-A1AH-01A-11R-A12D-07,0.28424303410379703,1
TCGA-E2-A10A-01A-21R-A115-07,0.8112807172681499,1
TCGA-C8-A1HF-01A-11R-A137-07,0.6414053660425267,1
TCGA-A7-A13H-01A-11R-A22K-07,0.9316546391429336,1
TCGA-A7-A13F-01A-11R-A12P-07,0.6516284194925054,1
TCGA-D8-A1XV-01A-11R-A14M-07,0.6323025473249253,0
TCGA-E2-A574-01A-11R-A29R-07,0.16299815617877886,1
TCGA-GM-A5PV-01A-11R-A28M-07,0.8221800229981321,1
TCGA-EW-A1PB-01A-11R-A144-07,0.22287934885020874,0
TCGA-E2-A1IO-01A-11R-A144-07,0.9382959817825565,1
TCGA-B6-A0RH-01A-21R-A115-07,0.7539875217401351,1
TCGA-BH-A0B7-01A-12R-A115-07,0.777995807253661,1
TCGA-C8-A137-01A-11R-A115-07,0.6076952109487501,0
TCGA-LL-A8F5-01A-11R-A36F-07,0.3872972388439106,1
TCGA-AQ-A0Y5-01A-11R-A14M-07,0.796485418074183,1
TCGA-D8-A13Z-01A-11R-A115-07,0.5599527203873708,0
TCGA-A2-A4RX-01A-11R-A266-07,0.5486709001970819,1
TCGA-AR-A24U-01A-11R-A169-07,0.6335862321269838,1
TCGA-E2-A105-01A-11R-A10J-07,0.7117453510135148,1
TCGA-C8-A1HN-01A-11R-A137-07,0.7062618629161979,1
TCGA-BH-A18S-01A-11R-A12D-07,0.6530704189183266,1
TCGA-E2-A14Q-01A-11R-A12D-07,0.8713817711163349,1
TCGA-A7-A0DA-01A-31R-A115-07,0.516004576411152,1
TCGA-EW-A1P4-01A-21R-A144-07,0.3096213112631211,1
TCGA-A8-A081-01A-11R-A00Z-07,0.614942144966651,1
TCGA-BH-A0E0-01A-11R-A056-07,0.39918981577087376,1
TCGA-OL-A66N-01A-12R-A31O-07,0.6940102529278881,0
TCGA-E2-A2P6-01A-11R-A19W-07,0.7183337571441109,0
TCGA-BH-A0DK-01A-21R-A056-07,0.9066760330355197,1
TCGA-E9-A5UO-01A-11R-A28M-07,0.33550861772391627,1
TCGA-D8-A1JC-01A-11R-A13Q-07,0.8097810591833358,1
TCGA-C8-A134-01A-11R-A115-07,0.3530476797099139,1
TCGA-A2-A3XT-01A-11R-A22U-07,0.4004233674710014,1
TCGA-AR-A256-01A-11R-A169-07,0.2984036398518415,1
TCGA-D8-A1JL-01A-11R-A13Q-07,0.47911079666202866,1
TCGA-E9-A24A-01A-11R-A169-07,0.7514855484369803,1
TCGA-A2-A3XZ-01A-42R-A239-07,0.7009859593059591,1
TCGA-BH-A0BF-01A-21R-A12P-07,0.8934387190936394,1
TCGA-D8-A27F-01A-11R-A16F-07,0.2469577788923434,1
TCGA-A2-A0CY-01A-12R-A034-07,0.33927330716116405,1
TCGA-D8-A27E-01A-11R-A16F-07,0.6221143693949592,0
TCGA-A2-A0EP-01A-52R-A22U-07,0.692936283836831,1
TCGA-GI-A2C8-01A-11R-A16F-07,0.6159466359404139,1
TCGA-A8-A099-01A-11R-A00Z-07,0.7735010581071725,0
TCGA-A2-A04U-01A-11R-A115-07,0.38464023950153203,1
TCGA-BH-A0HP-01A-12R-A084-07,0.9002375906834948,1
TCGA-EW-A2FV-01A-11R-A17B-07,0.7334206836574373,1
TCGA-A2-A0CR-01A-11R-A22K-07,0.5404448164284479,1
TCGA-BH-A0DS-01A-11R-A056-07,0.7947615304558476,1
TCGA-D8-A1XC-01A-11R-A14D-07,0.6668007904126689,1
TCGA-E2-A14O-01A-31R-A115-07,0.672763872054886,1
TCGA-A1-A0SF-01A-11R-A144-07,0.838363993272065,1
TCGA-A8-A06X-01A-21R-A00Z-07,0.6078647831628536,1
TCGA-BH-A0HI-01A-11R-A084-07,0.9190545173490985,1
TCGA-E2-A14U-01A-11R-A22K-07,0.7853823622209325,1
TCGA-E2-A15A-01A-11R-A12D-07,0.8481498746600039,0
TCGA-A2-A1G6-01A-11R-A13Q-07,0.6215978906563917,1
TCGA-B6-A1KC-01B-11R-A157-07,0.40045036440486714,1
TCGA-OL-A5RZ-01A-11R-A28M-07,0.3469256206164913,1
TCGA-A8-A07I-01A-11R-A00Z-07,0.6608203407734492,0
TCGA-A2-A0T0-01A-22R-A084-07,0.5680287682294356,1
TCGA-BH-A42V-01A-11R-A24H-07,0.8500404583963747,1
TCGA-GM-A3XN-01A-12R-A22U-07,0.886876371669049,1
TCGA-D8-A3Z6-01A-11R-A239-07,0.8579105370848567,1
TCGA-B6-A0IQ-01A-11R-A034-07,0.3975012727277752,1
TCGA-A8-A095-01A-11R-A00Z-07,0.8247948880130133,1
TCGA-AO-A125-01A-11R-A10J-07,0.6159729310447586,1
TCGA-EW-A6SA-01A-21R-A32P-07,0.42744945708664195,0
TCGA-BH-A0DD-01A-31R-A12P-07,0.700092042380316,1
TCGA-AO-A0J3-01A-11R-A034-07,0.4605756951833692,0
TCGA-A2-A3XS-01A-11R-A22U-07,0.7394200405929543,0
TCGA-AC-A8OR-01A-21R-A41B-07,0.7770834167626484,1
TCGA-BH-A0HK-01A-11R-A056-07,0.6556264314952633,1
TCGA-E2-A1IG-01A-11R-A144-07,0.8545600925385242,1
TCGA-AO-A12B-01A-11R-A10J-07,0.5907907645079818,1
TCGA-EW-A1J5-01A-11R-A13Q-07,0.7689991996240966,1
TCGA-C8-A12Q-01A-11R-A115-07,0.7358144257878009,1
TCGA-A2-A0EQ-01A-11R-A034-07,0.6700456845577553,0
TCGA-GM-A3XL-01A-11R-A22U-07,0.35548759617354125,1
TCGA-BH-A1EU-01A-11R-A137-07,0.8184053662926317,1
TCGA-BH-A0RX-01A-21R-A084-07,0.5072730115814313,1
TCGA-E9-A1RF-01A-11R-A157-07,0.8267641690079338,1
TCGA-AC-A2QI-01A-12R-A19W-07,0.8512171107965409,1
TCGA-A8-A090-01A-11R-A00Z-07,0.8122684378857564,0
TCGA-AR-A5QQ-01A-11R-A28M-07,0.3065504834928233,1
TCGA-XX-A899-01A-11R-A36F-07,0.8103418571445031,1
TCGA-E2-A156-01A-11R-A12D-07,0.6984137595267874,1
TCGA-AN-A04C-01A-21R-A034-07,0.494283358063348,0
TCGA-AN-A0AT-01A-11R-A034-07,0.33688904619438576,1
TCGA-UL-AAZ6-01A-11R-A41B-07,0.6342104240238595,1
TCGA-D8-A1X9-01A-12R-A157-07,0.7597168573513001,1
TCGA-E9-A22E-01A-11R-A157-07,0.8664584981852109,1
TCGA-BH-A1FB-01A-11R-A13Q-07,0.8211887235073467,1
TCGA-C8-A8HR-01A-11R-A36F-07,0.8697122653268796,1
TCGA-EW-A2FR-01A-11R-A21T-07,0.8801865316892253,1
TCGA-AN-A0AJ-01A-11R-A00Z-07,0.7126628477793547,1
TCGA-LD-A7W6-01A-81R-A352-07,0.8703543663140174,1
TCGA-BH-A0B6-01A-11R-A19W-07,0.7804425744027845,1
TCGA-AR-A252-01A-11R-A169-07,0.690293885319346,1
TCGA-AR-A254-01A-21R-A169-07,0.620319587533719,1
TCGA-AO-A03P-01A-11R-A00Z-07,0.537143486979244,1
TCGA-A8-A07O-01A-11R-A00Z-07,0.26901206564055635,0
TCGA-EW-A1PE-01A-11R-A144-07,0.905658712822564,0
TCGA-AR-A2LL-01A-11R-A180-07,0.7639899676090753,1
TCGA-A7-A26H-01A-11R-A169-07,0.9175558908069287,1
TCGA-C8-A26Z-01A-11R-A16F-07,0.7973328587343812,1
TCGA-AO-A0J9-01A-11R-A034-07,0.7840599894799661,1
TCGA-EW-A1PF-01A-11R-A144-07,0.9097909749696139,1
TCGA-A2-A25F-01A-11R-A169-07,0.45346493181969005,1
TCGA-D8-A73W-01A-22R-A352-07,0.8514114307816325,1
TCGA-AR-A2LJ-01A-12R-A19W-07,0.6851466246992108,0
TCGA-A8-A07C-01A-11R-A034-07,0.2750692396787226,1
TCGA-E9-A245-01A-22R-A16F-07,0.6871545836506797,0
TCGA-B6-A408-01A-12R-A24H-07,0.7902014462111209,0
TCGA-AR-A255-01A-11R-A169-07,0.8697587158608546,0
TCGA-E2-A1L6-01A-11R-A13Q-07,0.9057452492356579,0
TCGA-E9-A295-01A-11R-A16F-07,0.8134358367247893,1
TCGA-BH-A1FE-01A-11R-A13Q-07,0.7203595316777212,0
TCGA-BH-A1FM-01A-11R-A13Q-07,0.3366875489191772,0
TCGA-OL-A5RU-01A-11R-A28M-07,0.9179355612845308,1
TCGA-C8-A1HO-01A-11R-A13Q-07,0.5741672873025432,0
TCGA-GM-A2DO-01A-11R-A18M-07,0.6131354569244061,0
TCGA-AN-A0FZ-01A-11R-A034-07,0.7458951735925576,1
TCGA-D8-A1JN-01A-11R-A13Q-07,0.4975722197621974,1
TCGA-OL-A6VO-01A-12R-A33J-07,0.3380155023257184,0
TCGA-AN-A0FV-01A-11R-A00Z-07,0.6471480511812613,1
TCGA-D8-A1J9-01A-11R-A13Q-07,0.6685282642039675,1
TCGA-B6-A0IB-01A-11R-A034-07,0.7373722448984752,1
TCGA-A8-A06R-01A-11R-A00Z-07,0.8051479071454559,0
TCGA-AR-A24H-01A-11R-A169-07,0.4998444148661306,1
TCGA-E2-A109-01A-11R-A10J-07,0.6434472703744966,1
TCGA-AR-A5QN-01A-12R-A28M-07,0.8683589649981344,1
TCGA-A2-A0EX-01A-21R-A034-07,0.8597193130941276,1
TCGA-C8-A12N-01A-11R-A115-07,0.8844364476252822,1
TCGA-A2-A259-01A-11R-A16F-07,0.7692535904781581,1
TCGA-AO-A12A-01A-21R-A115-07,0.9631964387486058,0
TCGA-A7-A3RF-01A-11R-A22K-07,0.501500898187983,1
TCGA-AN-A0FS-01A-11R-A034-07,0.8987837729831092,1
TCGA-C8-A26W-01A-11R-A16F-07,0.7820963181016521,1
TCGA-E9-A1RC-01A-11R-A157-07,0.8033787973678341,1
TCGA-E2-A1B0-01A-11R-A12P-07,0.5523013179825503,1
TCGA-AO-A126-01A-11R-A10J-07,0.7611067867600211,1
TCGA-AC-A4ZE-01A-11R-A41B-07,0.662447734680073,0
TCGA-E9-A229-01A-31R-A157-07,0.8462084879534612,1
TCGA-EW-A1P1-01A-31R-A14D-07,0.6862639896130829,0
TCGA-BH-AB28-01A-31R-A41B-07,0.822623216837957,1
TCGA-A8-A08P-01A-11R-A00Z-07,0.8169396460677617,0
TCGA-EW-A1IX-01A-12R-A144-07,0.903507420366825,0
TCGA-LL-A73Z-01A-11R-A32P-07,0.8557089638467956,0
TCGA-E9-A1R7-01A-11R-A14M-07,0.46037604355441625,1
TCGA-BH-A1F2-01A-31R-A13Q-07,0.4838496605780382,0
TCGA-A8-A0A6-01A-12R-A056-07,0.8218799862822723,1
TCGA-A1-A0SE-01A-11R-A084-07,0.9239853927397987,1
TCGA-E9-A1NG-01A-21R-A14M-07,0.8017557260797892,1
TCGA-B6-A1KF-01A-11R-A13Q-07,0.3076403900988056,1
TCGA-BH-A0EE-01A-11R-A034-07,0.3000228808196276,1
TCGA-BH-A0BD-01A-11R-A034-07,0.7800020084322546,1
TCGA-OL-A5RY-01A-21R-A28M-07,0.7452767402536619,1
TCGA-E9-A1RD-01A-11R-A157-07,0.8124879032329364,1
TCGA-AR-A24K-01A-11R-A169-07,0.5895165422319727,1
TCGA-BH-A0BP-01A-11R-A115-07,0.8896164107716837,1
TCGA-C8-A130-01A-31R-A115-07,0.811426935204546,1
TCGA-B6-A0RG-01A-11R-A056-07,0.7348158138610233,1
TCGA-E9-A1NA-01A-11R-A144-07,0.7404610180517612,1
TCGA-A8-A0A2-01A-11R-A034-07,0.8214650478471341,0
TCGA-E2-A14V-01A-11R-A12D-07,0.6631187685540365,0
TCGA-E2-A1LL-01A-11R-A144-07,0.32121019183607064,1
TCGA-AR-A24M-01A-11R-A169-07,0.782400136566291,1
TCGA-A8-A0AB-01A-11R-A034-07,0.7762106988635571,1
TCGA-C8-A1HL-01A-11R-A137-07,0.7045512720470095,1
TCGA-OL-A66P-01A-11R-A31O-07,0.5538953923700543,0
TCGA-OL-A66K-01A-11R-A29R-07,0.8202285462657463,1
TCGA-BH-A0HF-01A-11R-A056-07,0.8521171697545374,1
TCGA-AN-A03X-01A-21R-A00Z-07,0.8136576580588898,1
TCGA-A2-A1FV-01A-11R-A13Q-07,0.5437633305172044,1
TCGA-E9-A3HO-01A-11R-A213-07,0.6075787848901258,1
TCGA-A2-A0YE-01A-11R-A109-07,0.41189524569953084,1
TCGA-A1-A0SP-01A-11R-A084-07,0.4574032751234892,1
TCGA-AO-A0J7-01A-11R-A034-07,0.662354296249219,1
TCGA-C8-A3M7-01A-12R-A21T-07,0.8610736245084317,1
TCGA-A2-A0YG-01A-21R-A109-07,0.7131952250762247,1
TCGA-E2-A14Y-01A-21R-A12D-07,0.21936241113171928,1
TCGA-EW-A424-01A-11R-A24H-07,0.7847994842425139,1
TCGA-D8-A141-01A-11R-A115-07,0.9467749250533468,1
TCGA-C8-A1HJ-01A-11R-A13Q-07,0.16334991365715476,1
TCGA-C8-A12O-01A-11R-A115-07,0.8474029548563157,0
TCGA-LL-A442-01A-11R-A24H-07,0.5781660268871445,1
TCGA-C8-A12Z-01A-11R-A115-07,0.6585113344449891,1
TCGA-EW-A1OX-01A-11R-A144-07,0.2809087496035889,0
TCGA-E9-A1RG-01A-11R-A14D-07,0.6153397430666423,1
TCGA-AQ-A1H2-01A-11R-A13Q-07,0.5866920668949225,0
TCGA-AR-A24Q-01A-12R-A169-07,0.5487570184225197,1
TCGA-A8-A09K-01A-11R-A00Z-07,0.589558307278274,1
TCGA-BH-A0W7-01A-11R-A115-07,0.9409802093347566,1
TCGA-BH-A0H0-01A-11R-A056-07,0.4624759167807404,0
TCGA-AO-A0JD-01A-11R-A056-07,0.542039823801395,1
TCGA-A2-A4RW-01A-21R-A266-07,0.8542493486795345,1
TCGA-C8-A12U-01A-11R-A115-07,0.5572759925721155,1
TCGA-C8-A12V-01A-11R-A115-07,0.6237901427708781,1
TCGA-E9-A1NC-01A-21R-A26B-07,0.4959285876357771,1
TCGA-AO-A12G-01A-11R-A10J-07,0.9004076282753724,0
TCGA-S3-AA11-01A-31R-A41B-07,0.8639572596434447,1
TCGA-BH-A0HQ-01A-11R-A034-07,0.9238303564601704,1
TCGA-AO-A03L-01A-41R-A056-07,0.7918218322863945,1
TCGA-C8-A1HM-01A-12R-A137-07,0.5476002552023523,1
TCGA-D8-A146-01A-31R-A115-07,0.9622876750371853,0
TCGA-A2-A0EV-01A-11R-A034-07,0.759027800298409,1
TCGA-E2-A154-01A-11R-A115-07,0.8578421149426801,1
TCGA-E2-A1LE-01A-12R-A19W-07,0.7702226777582597,1
TCGA-E9-A1R5-01A-11R-A14M-07,0.7531129638211094,1
TCGA-AC-A3EH-01A-22R-A22K-07,0.8611709032136553,1
TCGA-C8-A12Y-01A-11R-A12D-07,0.7377265959396727,1
TCGA-BH-A0E2-01A-11R-A056-07,0.894714862020558,0
TCGA-D8-A1XG-01A-11R-A14D-07,0.7374074445805265,1
TCGA-OL-A5DA-01A-11R-A27Q-07,0.7643195663648427,1
TCGA-AC-A3HN-01A-11R-A213-07,0.9285877952381456,1
TCGA-B6-A0RP-01A-21R-A084-07,0.824800949281958,1
TCGA-3C-AALI-01A-11R-A41B-07,0.6042098012825264,1
TCGA-D8-A1Y2-01A-11R-A157-07,0.8004576225191535,0
TCGA-S3-AA15-01A-11R-A41B-07,0.6570372717132805,1
TCGA-BH-A0W5-01A-11R-A109-07,0.8879747888979949,1
TCGA-A8-A097-01A-11R-A034-07,0.717105526421686,1
TCGA-AO-A12D-01A-11R-A115-07,0.7540020038861959,1
TCGA-AN-A04A-01A-21R-A034-07,0.8576868698282306,1
TCGA-E2-A1B4-01A-11R-A12P-07,0.7594883203418933,1
TCGA-A8-A09R-01A-11R-A00Z-07,0.8703973588369666,1
TCGA-XX-A89A-01A-11R-A36F-07,0.8711172729516832,1
TCGA-AR-A24O-01A-11R-A169-07,0.8428096295070354,1
TCGA-E2-A1LG-01A-21R-A14M-07,0.21510412065207124,1
TCGA-AC-A8OS-01A-12R-A41B-07,0.8615374206347749,1
TCGA-HN-A2NL-01A-11R-A18M-07,0.2786830713183629,0
TCGA-E9-A1N6-01A-11R-A144-07,0.8704991228518613,0
TCGA-E2-A10C-01A-21R-A10J-07,0.7715709088871732,1
TCGA-BH-A0AU-01A-11R-A12P-07,0.8886659352624092,0
TCGA-A2-A0EW-01A-21R-A115-07,0.8447673900094758,1
TCGA-A8-A07B-01A-11R-A00Z-07,0.5307225990571887,1
TCGA-E2-A15K-01A-11R-A12P-07,0.7266990710053749,1
TCGA-EW-A6S9-01A-22R-A33J-07,0.8163849821830028,0
TCGA-AC-A3W5-01A-11R-A22K-07,0.847196002083711,1
TCGA-BH-A0AV-01A-31R-A115-07,0.4095387740590234,1
TCGA-A2-A0T7-01A-21R-A084-07,0.8996779102647172,0
TCGA-AO-A03V-01A-11R-A115-07,0.7693618088126883,1
TCGA-BH-A0DZ-01A-11R-A00Z-07,0.7316349652103168,1
TCGA-AN-A041-01A-11R-A034-07,0.7484841895321861,0
TCGA-B6-A0I5-01A-11R-A034-07,0.6864990646731064,1
TCGA-BH-A0BM-01A-11R-A056-07,0.7098152653519978,1
TCGA-BH-A0GZ-01A-11R-A056-07,0.8718553919986973,1
TCGA-LL-A5YN-01A-11R-A28M-07,0.5958231183488887,1
TCGA-B6-A0RM-01A-11R-A084-07,0.7248169817399172,0
TCGA-A2-A4S3-01A-21R-A266-07,0.776852186499453,1
TCGA-BH-A201-01A-11R-A14M-07,0.764030772090857,1
TCGA-A2-A0SV-01A-11R-A084-07,0.7710398212802477,0
TCGA-A8-A07L-01A-11R-A00Z-07,0.6059075856750059,1
TCGA-AR-A2LN-01A-21R-A18M-07,0.77789607443314,0
TCGA-C8-A278-01A-11R-A169-07,0.6401214307519364,1
TCGA-A2-A0CM-01A-31R-A034-07,0.30297629635818757,1
TCGA-C8-A1HE-01A-11R-A13Q-07,0.8559417728362776,1
TCGA-LL-A7T0-01A-31R-A352-07,0.6788411492572489,0
TCGA-B6-A0WT-01A-11R-A109-07,0.8496501697507552,1
TCGA-OL-A5D6-01A-21R-A27Q-07,0.720634590164627,1
TCGA-E2-A14S-01A-11R-A12D-07,0.7295330034088214,0
TCGA-AQ-A1H3-01A-31R-A13Q-07,0.9014796034536527,1
TCGA-BH-A1F8-01A-11R-A13Q-07,0.41721708616051856,1
TCGA-A8-A0AD-01A-11R-A056-07,0.6039711376548278,1
TCGA-GM-A2DA-01A-11R-A18M-07,0.8015542466012374,1
TCGA-A2-A0T5-01A-21R-A084-07,0.864178276948201,1
TCGA-A8-A09M-01A-11R-A00Z-07,0.7934493166764555,1
TCGA-B6-A0X1-01A-11R-A109-07,0.2177037859848907,0
TCGA-AN-A0XU-01A-11R-A109-07,0.43021852771148356,1
TCGA-BH-A1EV-01A-11R-A137-07,0.794960208892904,1
TCGA-EW-A1OZ-01A-11R-A144-07,0.6558522505079604,1
TCGA-C8-A12X-01A-11R-A115-07,0.5903776203580949,1
TCGA-JL-A3YX-01A-11R-A22U-07,0.8794542009758042,1
TCGA-OL-A5D7-01A-11R-A27Q-07,0.21022526432180466,1
TCGA-E2-A1IK-01A-11R-A144-07,0.739531799633041,0
TCGA-A2-A0CW-01A-21R-A115-07,0.5717167857822318,0
TCGA-A2-A0ET-01A-31R-A034-07,0.4438361796662925,1
TCGA-B6-A400-01A-11R-A239-07,0.4598520276158777,1
