sample_id,score,y_member
TCGA-E2-A158-01A-11R-A12D-07,0.07880780352120487,1
TCGA-AO-A1KO-01A-31R-A13Q-07,0.2239386001666555,1
TCGA-AR-A0TX-01A-11R-A084-07,0.762040665301407,0
TCGA-D8-A1XB-01A-11R-A14D-07,0.8520071328688585,1
TCGA-B6-A0IG-01A-11R-A034-07,0.860811235725173,1
TCGA-AC-A5EH-01A-11R-A28M-07,0.8702178499776364,1
TCGA-LL-A7SZ-01A-32R-A352-07,0.5020033223511604,1
TCGA-A7-A26J-01A-11R-A169-07,0.6241298298260318,1
TCGA-E9-A22H-01A-11R-A157-07,0.5887191335598463,1
TCGA-BH-A208-01A-11R-A157-07,0.665399652878484,1
TCGA-BH-A6R9-01A-21R-A32P-07,0.43751373203876387,1
TCGA-OL-A5S0-01A-11R-A28M-07,0.40565789783235756,1
TCGA-A1-A0SD-01A-11R-A115-07,0.9225882051856467,1
TCGA-AO-A0JB-01A-11R-A32Y-07,0.6891184500040605,1
TCGA-E2-A1BD-01A-11R-A12P-07,0.8702590133754091,1
TCGA-AN-A0AS-01A-11R-A00Z-07,0.8235026408814572,1
TCGA-A7-A13G-01A-11R-A13Q-07,0.13095223952585608,1
TCGA-B6-A0RS-01A-11R-A084-07,0.4992032476430522,1
TCGA-A2-A4S0-01A-21R-A266-07,0.7701459740165492,0
TCGA-BH-A1F5-01A-12R-A13Q-07,0.4284434024976862,1
TCGA-A2-A0CX-01A-21R-A00Z-07,0.8580107172888104,1
TCGA-A7-A13D-01A-13R-A12P-07,0.4606068905398737,0
TCGA-AN-A03Y-01A-21R-A00Z-07,0.8779646970477587,1
TCGA-E9-A1ND-01A-11R-A144-07,0.5509857046761195,0
TCGA-EW-A1P5-01A-11R-A144-07,0.8782202220286995,1
TCGA-EW-A423-01A-11R-A24H-07,0.8280104419873059,1
TCGA-A7-A5ZV-01A-11R-A28M-07,0.29462551199852965,1
TCGA-C8-A8HP-01A-11R-A36F-07,0.6476356063674731,1
TCGA-AQ-A54O-01A-11R-A266-07,0.6672926857671052,1
TCGA-E9-A5FK-01A-11R-A27Q-07,0.6634897569355874,1
TCGA-D8-A142-01A-11R-A115-07,0.5698157946627732,1
TCGA-BH-A0BC-01A-22R-A084-07,0.9205918359502149,1
TCGA-A2-A0EY-01A-11R-A034-07,0.9007406674465425,1
TCGA-D8-A1J8-01A-11R-A13Q-07,0.8121039594257775,1
TCGA-A8-A06Y-01A-21R-A00Z-07,0.8301405233949468,0
TCGA-EW-A1J1-01A-11R-A13Q-07,0.7339409124971809,1
TCGA-BH-A0C0-01A-21R-A056-07,0.8278632745452854,0
TCGA-AC-A2FK-01A-12R-A180-07,0.39246317554758203,0
TCGA-A2-A3XV-01A-21R-A239-07,0.2719596527144616,0
TCGA-BH-A0HB-01A-11R-A056-07,0.8679844943520425,1
TCGA-AN-A0XL-01A-11R-A10J-07,0.7587375677668086,1
TCGA-E2-A10B-01A-11R-A10J-07,0.8970692989794271,1
TCGA-A2-A04X-01A-21R-A034-07,0.6458454830135189,1
TCGA-AR-A1AN-01A-11R-A12P-07,0.7286475143818496,1
TCGA-A2-A0EM-01A-11R-A034-07,0.42986493112762664,0
TCGA-B6-A0WS-01A-11R-A115-07,0.7128266873491149,1
TCGA-D8-A1XD-01A-11R-A14D-07,0.6414691822323862,1
TCGA-A8-A091-01A-11R-A00Z-07,0.45990982300207045,1
TCGA-E9-A2JS-01A-11R-A180-07,0.8017102340051228,0
TCGA-A2-A1G1-01A-21R-A13Q-07,0.2655766499201178,1
TCGA-E9-A22B-01A-11R-A157-07,0.7970520740866471,0
TCGA-D8-A27G-01A-11R-A16F-07,0.9065924066129712,1
TCGA-A7-A13E-01A-11R-A12P-07,0.4023270498026152,1
TCGA-BH-A0AY-01A-21R-A00Z-07,0.903092625361966,0
TCGA-E2-A1L7-01A-11R-A144-07,0.7225673197649976,1
TCGA-AN-A046-01A-21R-A034-07,0.6515085618099806,0
TCGA-AN-A0AL-01A-11R-A00Z-07,0.7482115359446779,0
TCGA-D8-A27K-01A-11R-A16F-07,0.8486544238196302,1
TCGA-BH-A0DO-01B-11R-A12D-07,0.7535170780585612,0
TCGA-A7-A4SB-01A-21R-A266-07,0.4398785080728036,0
TCGA-EW-A6SB-01A-12R-A32P-07,0.18815780856583803,1
TCGA-D8-A1JM-01A-11R-A13Q-07,0.16442253741523333,1
TCGA-OL-A66J-01A-11R-A29R-07,0.6785095883052827,1
TCGA-D8-A13Y-01A-11R-A115-07,0.31886953415774805,1
TCGA-AR-A24N-01A-11R-A169-07,0.702079222958883,1
TCGA-BH-A0B1-01A-12R-A056-07,0.7498673601166629,1
TCGA-B6-A0RN-01A-12R-A084-07,0.7926322457891591,1
TCGA-A2-A0T1-01A-21R-A084-07,0.6340242565653279,1
TCGA-AN-A0AM-01A-11R-A034-07,0.7138484300001997,1
TCGA-E2-A1LA-01A-11R-A144-07,0.9048688299061098,0
TCGA-JL-A3YW-01A-12R-A239-07,0.6200659508605842,0
TCGA-BH-A0H3-01A-11R-A12P-07,0.8044886489160813,1
TCGA-E2-A1IF-01A-11R-A144-07,0.7873786383911086,1
TCGA-C8-A26X-01A-31R-A16F-07,0.6666531614307258,1
TCGA-A8-A09B-01A-11R-A00Z-07,0.9356111043897726,0
TCGA-A7-A26G-01A-21R-A169-07,0.5393910478232403,1
TCGA-AC-A2FE-01A-11R-A19W-07,0.9486244375684718,1
TCGA-A8-A08G-01A-11R-A00Z-07,0.8220723489476839,0
TCGA-AN-A0FJ-01A-11R-A00Z-07,0.3480751035610753,1
TCGA-B6-A0RV-01A-11R-A084-07,0.9544423068946182,1
TCGA-B6-A0WV-01A-11R-A109-07,0.6665428381417148,1
TCGA-A8-A07P-01A-11R-A00Z-07,0.7604300061363527,1
TCGA-A8-A08H-01A-21R-A00Z-07,0.6793736644204753,1
TCGA-AR-A0TW-01A-11R-A084-07,0.7562167626689268,1
TCGA-E2-A15F-01A-11R-A115-07,0.8281084523692199,1
TCGA-B6-A0WX-01A-11R-A109-07,0.6335203151674105,1
TCGA-D8-A1Y1-01A-21R-A14M-07,0.8630841577943413,1
TCGA-E2-A14Z-01A-11R-A115-07,0.9438158685774958,0
TCGA-A2-A25A-01A-12R-A16F-07,0.7203053145174405,0
TCGA-A2-A0CT-01A-31R-A056-07,0.6687202559366198,1
TCGA-HN-A2OB-01A-21R-A27Q-07,0.7534852030580963,0
TCGA-B6-A0RT-01A-21R-A084-07,0.5680006303299001,1
TCGA-AR-A24T-01A-11R-A169-07,0.9079369101393281,1
TCGA-E9-A1R0-01A-22R-A16F-07,0.5715682154245608,1
TCGA-E9-A5FL-01A-11R-A27Q-07,0.45065668786785856,1
TCGA-E2-A3DX-01A-21R-A213-07,0.8752030903826972,1
TCGA-E2-A14T-01A-11R-A115-07,0.4990781619921595,1
TCGA-A2-A4RY-01A-31R-A266-07,0.7330481474613512,1
TCGA-AR-A2LK-01A-11R-A180-07,0.8740270348675901,1
TCGA-BH-A42U-01A-12R-A24H-07,0.52566937849304,1
TCGA-AO-A12C-01A-11R-A10J-07,0.7374860066600555,0
TCGA-A2-A3XY-01A-11R-A239-07,0.5581719584217671,1
TCGA-D8-A73X-01A-11R-A32P-07,0.8812737734318504,1
TCGA-AR-A2LO-01A-31R-A18M-07,0.8568859891500933,1
TCGA-AO-A0JJ-01A-11R-A056-07,0.7099275979221019,0
TCGA-LD-A74U-01A-13R-A33J-07,0.7849825726619896,1
TCGA-AN-A0XN-01A-21R-A109-07,0.85293848187971,1
TCGA-E2-A107-01A-11R-A10J-07,0.7998827322070073,1
TCGA-A7-A6VV-01A-22R-A33J-07,0.5534345551340542,1
TCGA-AC-A5XS-01A-11R-A29R-07,0.8041671664912927,1
TCGA-BH-A0H6-01A-21R-A056-07,0.6847101659992584,1
TCGA-AC-A23C-01A-12R-A169-07,0.7859465315140388,1
TCGA-E9-A1NH-01A-11R-A14D-07,0.8189889944265147,1
TCGA-D8-A1XW-01A-11R-A14M-07,0.6144177717543688,1
TCGA-AO-A0JG-01A-31R-A084-07,0.8780977091544594,0
TCGA-BH-A18N-01A-11R-A12D-07,0.576896648207286,1
TCGA-A1-A0SO-01A-22R-A084-07,0.33142240946254076,0
TCGA-BH-A0B5-01A-11R-A12P-07,0.6485010385146867,0
TCGA-A8-A09T-01A-11R-A00Z-07,0.7742580503998885,1
TCGA-BH-A0BR-01A-21R-A115-07,0.8752906248212989,1
TCGA-D8-A27W-01A-11R-A16F-07,0.6127869017454499,1
TCGA-BH-A0BW-01A-11R-A115-07,0.342077318408085,1
TCGA-GM-A2DB-01A-31R-A18M-07,0.7537382677106443,0
TCGA-AC-A2QH-01A-11R-A18M-07,0.2251010881777873,1
TCGA-D8-A1JB-01A-11R-A13Q-07,0.7474135281732972,1
TCGA-BH-A1ES-01A-11R-A137-07,0.7124373970437133,1
TCGA-OL-A97C-01A-32R-A41B-07,0.6733370533770336,1
TCGA-A2-A0YF-01A-21R-A109-07,0.8186051085294372,1
TCGA-D8-A1XS-01A-11R-A14M-07,0.8605523539186417,1
TCGA-D8-A140-01A-11R-A115-07,0.7791803024520649,1
TCGA-A8-A09Q-01A-11R-A00Z-07,0.7742137428927339,1
TCGA-B6-A0I1-01A-11R-A21T-07,0.4682244567524255,1
TCGA-AO-A0JE-01A-11R-A056-07,0.7561486898025609,1
TCGA-A2-A1FW-01A-11R-A13Q-07,0.36796322317300395,1
TCGA-D8-A1XY-01A-11R-A14M-07,0.7947007928778475,1
TCGA-A2-A04R-01A-41R-A109-07,0.5804181684748227,0
TCGA-A2-A1FX-01A-11R-A13Q-07,0.8719458311233269,1
TCGA-A8-A07W-01A-11R-A00Z-07,0.45378619333316783,1
TCGA-D8-A1XK-01A-21R-A14M-07,0.32820559449639286,1
TCGA-D8-A3Z5-01A-41R-A24H-07,0.46776308739021943,1
TCGA-LL-A5YM-01A-11R-A28M-07,0.667590879596159,1
TCGA-B6-A0IJ-01A-11R-A034-07,0.37212179094410763,0
TCGA-A8-A06N-01A-11R-A00Z-07,0.07755633153859166,1
TCGA-GM-A2DM-01A-11R-A180-07,0.636841438424079,1
TCGA-E2-A15D-01A-11R-A115-07,0.8885575912839823,1
TCGA-B6-A1KI-01A-11R-A14M-07,0.680436252943177,1
TCGA-D8-A1JS-01A-11R-A13Q-07,0.22493471926065242,1
TCGA-PE-A5DD-01A-12R-A27Q-07,0.9240579503760651,1
TCGA-BH-A0BG-01A-11R-A115-07,0.4243821988430821,1
TCGA-LL-A6FQ-01A-11R-A31O-07,0.29077300859285143,0
TCGA-E2-A1IN-01A-11R-A13Q-07,0.882404058738162,1
TCGA-A8-A06T-01A-11R-A00Z-07,0.5038710079563878,1
TCGA-B6-A402-01A-11R-A239-07,0.35613302053706586,1
TCGA-E2-A9RU-01A-11R-A41B-07,0.7978737877711455,1
TCGA-A2-A3XW-01A-11R-A239-07,0.4814252734451723,1
TCGA-B6-A0RU-01A-11R-A084-07,0.6075905554393469,0
TCGA-A8-A086-01A-11R-A00Z-07,0.896205635423433,1
TCGA-B6-A40C-01A-11R-A239-07,0.6313331986196518,1
TCGA-D8-A1JF-01A-11R-A13Q-07,0.8241353805425895,1
TCGA-A2-A0T6-01A-11R-A084-07,0.8347826681445215,1
TCGA-BH-A1FG-01A-11R-A13Q-07,0.5806285887505376,0
TCGA-GM-A3NY-01A-11R-A21T-07,0.7004559856250996,1
TCGA-AN-A0AK-01A-21R-A00Z-07,0.6552875706067082,1
TCGA-BH-A1FC-01A-11R-A13Q-07,0.324398247626139,1
TCGA-E9-A227-01A-11R-A157-07,0.7476608279545413,1
TCGA-BH-A18P-01A-11R-A12D-07,0.930824119910828,1
TCGA-E2-A15R-01A-11R-A115-07,0.5873021152405692,1
TCGA-BH-A0WA-01A-11R-A109-07,0.4358793120695274,0
TCGA-BH-A42T-01A-11R-A24H-07,0.8443179520917142,1
TCGA-AC-A23H-01A-11R-A157-07,0.6234856707221643,1
TCGA-OL-A66I-01A-21R-A29R-07,0.5387477431709379,1
TCGA-S3-AA17-01A-11R-A41B-07,0.8974358986836634,1
TCGA-AR-A1AL-01A-21R-A12P-07,0.7400941425442584,0
TCGA-AC-A2B8-01A-11R-A17B-07,0.9233279012297604,1
TCGA-D8-A1XO-01A-11R-A14M-07,0.674819017822168,1
TCGA-C8-A26Y-01A-11R-A16F-07,0.5987991825104446,1
TCGA-BH-A0DG-01A-21R-A12P-07,0.8950337489601621,1
TCGA-E9-A243-01A-21R-A169-07,0.7636820811163102,1
TCGA-A2-A04W-01A-31R-A115-07,0.5773748801687425,1
TCGA-A8-A09G-01A-21R-A00Z-07,0.7571363103511501,1
TCGA-BH-A0DI-01A-21R-A12P-07,0.8668853588162987,1
TCGA-E2-A152-01A-11R-A12D-07,0.7883811587684196,1
TCGA-AQ-A7U7-01A-22R-A352-07,0.8124621872813204,1
TCGA-BH-A0BZ-01A-31R-A12P-07,0.5574822789096452,1
TCGA-EW-A1OV-01A-11R-A144-07,0.688208472119012,1
TCGA-A8-A0A7-01A-11R-A00Z-07,0.7730767458436959,1
TCGA-BH-A1EN-01A-11R-A13Q-07,0.49976134121522364,1
TCGA-E2-A1IE-01A-11R-A13Q-07,0.8425120694236499,1
TCGA-BH-A0HW-01A-11R-A034-07,0.650954195180073,1
TCGA-BH-A0BJ-01A-11R-A056-07,0.8031381679484814,1
TCGA-AO-A03N-01B-11R-A10J-07,0.8556342627046041,1
TCGA-EW-A1P3-01A-11R-A144-07,0.7818017723396444,1
TCGA-B6-A0I2-01A-11R-A034-07,0.6174362884191866,0
TCGA-EW-A1PD-01A-11R-A144-07,0.8943008090260238,1
TCGA-B6-A0IH-01A-11R-A115-07,0.856221176912012,0
TCGA-E2-A15M-01A-11R-A12D-07,0.91845929206117,1
TCGA-BH-A0H9-01A-11R-A056-07,0.7033513877311319,0
TCGA-BH-A0HL-01A-11R-A10U-07,0.4298849631268643,0
TCGA-A8-A07G-01A-11R-A034-07,0.8088769660286341,1
TCGA-E2-A1IL-01A-11R-A14D-07,0.6655136100366741,1
TCGA-AR-A0U4-01A-11R-A109-07,0.4841984134977379,1
TCGA-D8-A147-01A-11R-A115-07,0.6369899023254786,1
TCGA-BH-A0HY-01A-11R-A056-07,0.6849120277356021,1
TCGA-D8-A1XT-01A-11R-A14M-07,0.5051621126130903,0
TCGA-E2-A14W-01A-11R-A12D-07,0.617382871763261,1
TCGA-E9-A1RB-01A-11R-A157-07,0.9090406484345167,1
TCGA-LL-A5YL-01A-12R-A29R-07,0.8821177001628098,0
TCGA-WT-AB41-01A-11R-A41B-07,0.7344068492614357,1
TCGA-A8-A09Z-01A-11R-A00Z-07,0.7025325328597212,0
TCGA-AN-A0FX-01A-11R-A034-07,0.47303665040396325,1
TCGA-B6-A409-01A-11R-A24H-07,0.5137126544334644,1
TCGA-EW-A1PG-01A-11R-A144-07,0.477325817710837,1
TCGA-OL-A6VR-01A-32R-A33J-07,0.5924305496369544,1
TCGA-BH-A1FN-01A-11R-A13Q-07,0.6096519178247742,1
TCGA-AR-A2LR-01A-12R-A18M-07,0.4598166979883627,1
TCGA-A7-A5ZX-01A-12R-A29R-07,0.6416491617535081,1
TCGA-LL-A73Y-01A-11R-A33J-07,0.4956427963447168,1
TCGA-A2-A25D-01A-12R-A16F-07,0.7733192353527913,0
TCGA-BH-A0C7-01B-11R-A115-07,0.7169176651220791,1
TCGA-E2-A570-01A-11R-A29R-07,0.8787713918637887,1
TCGA-BH-A1FL-01A-11R-A13Q-07,0.7385148214369802,1
TCGA-A1-A0SG-01A-11R-A144-07,0.7590206561224552,1
TCGA-A8-A07U-01A-11R-A034-07,0.40386810616731,0
TCGA-E2-A15L-01A-11R-A12D-07,0.6308805426266222,1
TCGA-E9-A1R4-01A-21R-A14D-07,0.8494465676450715,0
TCGA-AR-A0TS-01A-11R-A115-07,0.383867421765373,1
TCGA-E2-A10F-01A-11R-A10J-07,0.9623449299994883,1
TCGA-AO-A128-01A-11R-A10J-07,0.39906231278243676,1
TCGA-AR-A0U3-01A-11R-A109-07,0.7102382487850533,1
TCGA-BH-A0DL-01A-11R-A115-07,0.5242149791335763,1
TCGA-A7-A0D9-01A-31R-A056-07,0.5885863218168423,1
TCGA-AN-A0FD-01A-11R-A034-07,0.738688506578447,1
TCGA-A2-A0YK-01A-22R-A109-07,0.7856170539865461,1
TCGA-BH-A1FH-01A-12R-A13Q-07,0.7316862336272,1
TCGA-C8-A12T-01A-11R-A115-07,0.7080194724427673,1
TCGA-B6-A2IU-01A-32R-A18M-07,0.7906369577286492,1
TCGA-4H-AAAK-01A-12R-A41B-07,0.8879719190809571,1
TCGA-E2-A1IU-01A-11R-A14D-07,0.6587804350789601,0
TCGA-3C-AALK-01A-11R-A41B-07,0.8832345312653461,1
TCGA-D8-A27M-01A-11R-A16F-07,0.4302280521347859,1
TCGA-E2-A56Z-01A-12R-A29R-07,0.7989787100483855,1
TCGA-AO-A1KQ-01A-11R-A13Q-07,0.9316330382425584,1
TCGA-AR-A2LE-01A-11R-A180-07,0.3811229260226927,1
TCGA-E2-A1BC-01A-11R-A12P-07,0.453697011654241,1
TCGA-BH-A0E6-01A-11R-A034-07,0.6689961977363844,1
TCGA-AO-A0J2-01A-11R-A034-07,0.6062246567953539,1
TCGA-A7-A6VX-01A-12R-A33J-07,0.8952653294221679,0
TCGA-E2-A1LI-01A-12R-A157-07,0.503860085096343,0
TCGA-AR-A1AT-01A-11R-A12P-07,0.8031282228075753,1
TCGA-A7-A426-01A-22R-A24H-07,0.6431583772376553,1
TCGA-A2-A25C-01A-11R-A169-07,0.650489638164869,1
TCGA-B6-A0RL-01A-11R-A084-07,0.6824266940389008,1
TCGA-OK-A5Q2-01A-11R-A27Q-07,0.8898489183530804,1
TCGA-E9-A244-01A-11R-A169-07,0.3277638514239667,1
TCGA-E9-A1R6-01A-11R-A14D-07,0.7308235907688523,1
TCGA-BH-A8G0-01A-11R-A352-07,0.7618429292563661,1
TCGA-EW-A1IZ-01A-11R-A13Q-07,0.6555259716850699,0
TCGA-AO-A0J5-01A-11R-A034-07,0.9188424441131978,1
TCGA-E2-A1AZ-01A-11R-A12P-07,0.6454333701085025,1
TCGA-B6-A0RE-01A-11R-A056-07,0.4539427732285392,1
TCGA-A7-A4SE-01A-11R-A266-07,0.5462410733038114,0
TCGA-LL-A740-01A-21R-A32P-07,0.7211669736414819,1
TCGA-A8-A07R-01A-21R-A034-07,0.37225649980214603,0
TCGA-S3-AA10-01A-21R-A41B-07,0.2726088028000262,1
TCGA-A7-A4SF-01A-11R-A266-07,0.5972502593959115,0
TCGA-A7-A0CG-01A-12R-A056-07,0.768896699970721,0
TCGA-E2-A1LS-01A-12R-A157-07,0.3108789881057646,1
TCGA-AR-A24P-01A-11R-A169-07,0.8724553093086118,0
TCGA-E9-A54Y-01A-11R-A466-07,0.14444668357597326,1
TCGA-AO-A0JA-01A-11R-A056-07,0.8841880530719946,1
TCGA-A8-A08A-01A-11R-A32Y-07,0.7761923565038368,1
TCGA-AR-A24V-01A-21R-A169-07,0.6575258101610666,1
TCGA-A2-A0CO-01A-13R-A22K-07,0.5150136906416263,1
TCGA-E2-A15I-01A-21R-A137-07,0.5350988598305204,0
TCGA-A2-A0SU-01A-11R-A084-07,0.5688892311787438,0
TCGA-AC-A3OD-01A-11R-A21T-07,0.677223502409582,1
TCGA-AC-A3YJ-01A-11R-A22U-07,0.3984224363597208,0
TCGA-AR-A0TZ-01A-12R-A084-07,0.8133685345760981,1
TCGA-A2-A0D3-01A-11R-A115-07,0.7105886146127685,1
TCGA-BH-A18L-01A-32R-A12D-07,0.6231417156687985,1
TCGA-EW-A2FW-01A-11R-A17B-07,0.5094211555232081,1
TCGA-A2-A0YL-01A-21R-A109-07,0.7510907650719342,1
TCGA-E9-A54X-01A-11R-A266-07,0.6922325250475985,1
TCGA-BH-A18F-01A-11R-A12D-07,0.9409927856266108,1
TCGA-W8-A86G-01A-21R-A36F-07,0.6879015725462805,1
TCGA-A8-A08T-01A-21R-A00Z-07,0.7612752117691197,1
TCGA-BH-A1EX-01A-11R-A13Q-07,0.7452606827302065,0
TCGA-A8-A08O-01A-21R-A056-07,0.8288510466797196,0
TCGA-AC-A6IX-01A-12R-A32P-07,0.9662084844992611,1
TCGA-C8-A27B-01A-11R-A169-07,0.4035391064645624,1
TCGA-PL-A8LZ-01A-31R-A36F-07,0.5425096365882673,1
TCGA-AR-A1AQ-01A-11R-A12P-07,0.6818967966384765,1
TCGA-BH-A1FU-01A-11R-A14D-07,0.5759350355223528,1
TCGA-A2-A0SY-01A-31R-A084-07,0.9051312970176741,1
TCGA-BH-A1EW-01A-11R-A137-07,0.8484061733067494,1
TCGA-GM-A3NW-01A-21R-A22K-07,0.9306567301650529,0
TCGA-BH-A0W4-01A-11R-A109-07,0.8210948944666567,1
TCGA-AR-A1AS-01A-11R-A12P-07,0.5898091174768194,0
TCGA-EW-A1J6-01A-11R-A13Q-07,0.552760963898963,1
TCGA-AC-A6NO-01A-12R-A33J-07,0.5900931019054146,1
TCGA-A7-A0CE-01A-11R-A00Z-07,0.5181729182830181,0
TCGA-BH-A6R8-01A-21R-A33J-07,0.4265344584747448,1
TCGA-EW-A1OY-01A-11R-A144-07,0.7770468910759565,1
TCGA-BH-A0BS-01A-11R-A12P-07,0.56459673267077,0
TCGA-A7-A6VY-01A-12R-A33J-07,0.6763359992027409,1
TCGA-A2-A0CK-01A-11R-A22K-07,0.7744268553031257,0
TCGA-AO-A12H-01A-11R-A115-07,0.5961768871513924,0
TCGA-C8-A12L-01A-11R-A115-07,0.534902762641938,1
TCGA-A1-A0SQ-01A-21R-A144-07,0.5389257089894991,1
TCGA-A7-A56D-01A-11R-A27Q-07,0.4870748748526932,1
TCGA-A8-A09I-01A-22R-A034-07,0.8979036912621251,1
TCGA-BH-A0DH-01A-11R-A084-07,0.5691885182535409,1
TCGA-B6-A0X0-01A-21R-A115-07,0.7543440541325822,1
TCGA-S3-AA12-01A-11R-A41B-07,0.5912584213312289,1
TCGA-E2-A159-01A-11R-A115-07,0.6920895885578243,1
TCGA-D8-A27V-01A-12R-A17B-07,0.819550437514126,1
TCGA-D8-A1JT-01A-31R-A13Q-07,0.1592178519061459,1
TCGA-C8-A138-01A-11R-A115-07,0.8007453771413806,1
TCGA-AO-A0J6-01A-11R-A034-07,0.5189497368706298,1
TCGA-AR-A24R-01A-11R-A169-07,0.7294960232728905,1
TCGA-AR-A0TY-01A-12R-A115-07,0.632094435622782,1
TCGA-E9-A1QZ-01A-21R-A169-07,0.6618217108723836,1
TCGA-AR-A24W-01A-11R-A169-07,0.36448273749178056,0
TCGA-LL-A5YP-01A-21R-A28M-07,0.6243134924295085,1
TCGA-B6-A0WY-01A-11R-A109-07,0.8342124000438667,1
TCGA-GM-A2DC-01A-11R-A18M-07,0.7416013705912735,1
TCGA-A2-A4S2-01A-12R-A266-07,0.8488169905452044,1
TCGA-A8-A09X-01A-11R-A00Z-07,0.71938646165524,1
TCGA-OL-A5RV-01A-12R-A28M-07,0.7620054717745646,1
TCGA-E2-A14P-01A-31R-A12D-07,0.5711973934073206,1
TCGA-C8-A8HQ-01A-11R-A36F-07,0.8423693215002741,1
TCGA-AR-A0TP-01A-11R-A084-07,0.5189571652212841,1
TCGA-A8-A09A-01A-11R-A00Z-07,0.8024531917224145,1
TCGA-A8-A08L-01A-11R-A00Z-07,0.6922971839791043,1
TCGA-A8-A08F-01A-11R-A00Z-07,0.7081168718038149,1
TCGA-GI-A2C9-01A-11R-A21T-07,0.5135077309719752,1
TCGA-A2-A0SW-01A-11R-A084-07,0.7250389675773711,1
TCGA-LD-A7W5-01A-22R-A352-07,0.7988463886474862,0
TCGA-D8-A27R-01A-11R-A16F-07,0.7842548172242203,1
TCGA-AO-A0JM-01A-21R-A056-07,0.8826627545287685,1
TCGA-GM-A2D9-01A-11R-A18M-07,0.8713178195753102,1
TCGA-D8-A1XU-01A-11R-A14M-07,0.8036306078654637,1
TCGA-AO-A1KT-01A-11R-A13Q-07,0.8546931392847128,1
TCGA-C8-A12P-01A-11R-A115-07,0.49213119401669675,1
TCGA-LL-A6FR-01A-12R-A31O-07,0.31645448589350106,0
TCGA-AR-A1AJ-01A-21R-A12P-07,0.5421101244504786,1
TCGA-A8-A09D-01A-11R-A00Z-07,0.7302296156984178,1
TCGA-S3-A6ZF-01A-32R-A32P-07,0.9468573651556049,0
TCGA-E2-A150-01A-11R-A12D-07,0.6540513588746912,1
TCGA-BH-A18U-01A-21R-A12D-07,0.8218817745477981,1
TCGA-BH-A0GY-01A-11R-A056-07,0.8400822160727986,1
TCGA-AQ-A54N-01A-11R-A266-07,0.41293873499297473,1
TCGA-C8-A273-01A-11R-A16F-07,0.6610362851320235,1
TCGA-S3-AA14-01A-11R-A41B-07,0.7287814567545516,1
TCGA-A7-A2KD-01A-31R-A21T-07,0.5651897760774599,1
TCGA-C8-A131-01A-11R-A115-07,0.58533739573436,1
TCGA-E2-A576-01A-11R-A31O-07,0.5686433406238635,1
TCGA-A2-A0T4-01A-31R-A084-07,0.9602353290670643,1
TCGA-A2-A04V-01A-21R-A034-07,0.8971136156363556,0
TCGA-AR-A0U0-01A-11R-A109-07,0.2468898308338347,1
TCGA-BH-A0BO-01A-23R-A12D-07,0.37953861613131196,1
TCGA-A2-A3KC-01A-11R-A213-07,0.8688193502067151,0
TCGA-BH-A18T-01A-11R-A12D-07,0.5414677031080721,0
TCGA-EW-A1J2-01A-21R-A13Q-07,0.843714528642774,1
TCGA-A8-A084-01A-21R-A00Z-07,0.7204643995724845,1
TCGA-A8-A08X-01A-21R-A00Z-07,0.6648636255459982,1
TCGA-GM-A2DH-01A-11R-A180-07,0.7423156202027081,1
TCGA-D8-A27L-01A-11R-A16F-07,0.8525773614018386,1
TCGA-A7-A3IZ-01A-11R-A213-07,0.85419049789174,1
TCGA-AN-A04D-01A-21R-A034-07,0.49861827231717837,1
TCGA-5L-AAT0-01A-12R-A41B-07,0.8987657695569216,1
TCGA-AR-A1AU-01A-11R-A12P-07,0.8070627585417349,1
TCGA-AC-A6IV-01A-12R-A33J-07,0.8769486747647474,1
TCGA-E2-A15C-01A-31R-A12D-07,0.6159461181262501,1
TCGA-AO-A1KP-01A-11R-A13Q-07,0.6563805798455796,1
TCGA-E2-A15G-01A-11R-A12D-07,0.8827534825169255,1
TCGA-A2-A3KD-01A-12R-A213-07,0.9212086084507546,0
TCGA-D8-A1X5-01A-11R-A14D-07,0.8580134632121412,1
TCGA-AQ-A04L-01B-21R-A10J-07,0.36219335189817675,1
TCGA-A8-A096-01A-11R-A00Z-07,0.8658068289553021,1
TCGA-A2-A0YH-01A-11R-A109-07,0.879008964990314,1
TCGA-AN-A0FW-01A-11R-A034-07,0.6867673226548295,1
TCGA-D8-A27H-01A-11R-A16F-07,0.24380776294230214,0
TCGA-OL-A6VQ-01A-12R-A41B-07,0.6891605297249329,1
TCGA-A7-A4SA-01A-11R-A266-07,0.6488863863375517,0
TCGA-C8-A274-01A-11R-A16F-07,0.954132438116772,1
TCGA-E2-A15J-01A-11R-A12P-07,0.8375582313884239,1
TCGA-BH-A0B3-01A-11R-A056-07,0.6245933493198952,1
TCGA-E2-A153-01A-12R-A12D-07,0.8798082968019248,1
TCGA-WT-AB44-01A-11R-A41B-07,0.7176670328642151,1
TCGA-B6-A0RQ-01A-11R-A115-07,0.5561460128038556,1
TCGA-A2-A0YM-01A-11R-A109-07,0.3723266194335361,1
TCGA-C8-A1HI-01A-11R-A137-07,0.8919409910939448,1
TCGA-AC-A3TM-01A-11R-A22K-07,0.7667421739133052,1
TCGA-A7-A0CD-01A-11R-A00Z-07,0.3197541530282309,0
TCGA-D8-A145-01A-11R-A115-07,0.7775185269123451,1
TCGA-BH-A0EB-01A-11R-A034-07,0.6717132371641897,1
TCGA-AR-A0TV-01A-21R-A084-07,0.3971605871989323,1
TCGA-E2-A15P-01A-11R-A115-07,0.7477841578264871,1
TCGA-A2-A04T-01A-21R-A034-07,0.42147455003888373,1
TCGA-E9-A2JT-01A-22R-A18M-07,0.7389660856585705,1
TCGA-OL-A5RW-01A-11R-A28M-07,0.4270004852323104,0
TCGA-PL-A8LV-01A-21R-A41B-07,0.281555864520815,1
TCGA-BH-A18M-01A-11R-A12D-07,0.8817884969775809,1
TCGA-D8-A27N-01A-11R-A16F-07,0.5755421516315999,1
TCGA-C8-A3M8-01A-11R-A213-07,0.8235751563272672,1
TCGA-B6-A0WW-01A-11R-A109-07,0.9362304175903635,1
TCGA-E9-A3X8-01A-31R-A22U-07,0.6587575125235158,1
TCGA-C8-A133-01A-32R-A12D-07,0.6093540526044429,0
TCGA-D8-A1X6-01A-11R-A14M-07,0.46676594705279056,1
TCGA-A2-A04P-01A-31R-A034-07,0.5416486248312986,1
TCGA-E9-A1N3-01A-12R-A157-07,0.31383618163565213,1
TCGA-AN-A0XP-01A-11R-A109-07,0.7219868729123543,1
TCGA-E2-A1LK-01A-21R-A14D-07,0.13410129536505275,0
TCGA-C8-A132-01A-31R-A115-07,0.8064519759168851,1
TCGA-PE-A5DE-01A-11R-A27Q-07,0.737815493445149,1
TCGA-EW-A6SC-01A-12R-A32P-07,0.9043527123403015,1
TCGA-BH-A0EI-01A-11R-A115-07,0.9014865501392794,1
TCGA-A8-A08I-01A-11R-A00Z-07,0.4986128772505634,0
TCGA-AO-A124-01A-11R-A10J-07,0.5822840922193888,0
TCGA-AN-A0XR-01A-11R-A109-07,0.49682792744300447,1
TCGA-BH-A204-01A-11R-A157-07,0.4068724416921988,0
TCGA-AN-A0FF-01A-11R-A034-07,0.9326538049955051,1
TCGA-A2-A0T3-01A-21R-A115-07,0.8278995699166425,1
TCGA-B6-A0RI-01A-11R-A056-07,0.8816542813088158,1
TCGA-AO-A03R-01A-21R-A034-07,0.4899030756149448,1
TCGA-E9-A1RA-01A-11R-A14D-07,0.8796804008199275,1
TCGA-AN-A0XV-01A-11R-A109-07,0.8149405983250152,1
TCGA-E9-A1RI-01A-11R-A169-07,0.7257121177599148,1
TCGA-A8-A07J-01A-11R-A00Z-07,0.6949264961719026,0
TCGA-AC-A6IW-01A-12R-A33J-07,0.42215365788721965,1
TCGA-3C-AALJ-01A-31R-A41B-07,0.6939343548595815,1
TCGA-AN-A0XS-01A-22R-A109-07,0.7199868341215321,1
TCGA-E9-A226-01A-21R-A157-07,0.6026645285807309,1
TCGA-C8-A12K-01A-21R-A115-07,0.6002358676324384,0
TCGA-BH-A202-01A-11R-A14M-07,0.900059554059066,0
TCGA-OL-A66H-01A-11R-A29R-07,0.5407897421481077,1
TCGA-E9-A1N9-01A-11R-A14D-07,0.7339685550652426,0
TCGA-A2-A0T2-01A-11R-A084-07,0.2768158820542591,1
TCGA-BH-A18H-01A-11R-A12D-07,0.5863522104293337,1
TCGA-UU-A93S-01A-21R-A41B-07,0.4127056147221157,1
TCGA-B6-A0RO-01A-22R-A084-07,0.514962340807735,1
TCGA-E2-A10E-01A-21R-A10J-07,0.9051549135727995,1
TCGA-A7-A4SC-01A-12R-A266-07,0.8720867043570971,1
TCGA-B6-A0WZ-01A-11R-A109-07,0.4757647458261733,1
TCGA-A7-A6VW-01A-21R-A33J-07,0.4139333465017582,1
TCGA-E2-A1B5-01A-21R-A12P-07,0.8364999915766386,1
TCGA-A8-A092-01A-11R-A00Z-07,0.8400922010141806,1
TCGA-C8-A1HK-01A-21R-A13Q-07,0.6696329546523299,1
TCGA-BH-A0W3-01A-11R-A109-07,0.6257372239234764,1
TCGA-A7-A0CH-01A-21R-A00Z-07,0.6576833109439923,1
TCGA-AR-A1AX-01A-11R-A12P-07,0.8381832334796072,1
TCGA-EW-A1P0-01A-11R-A144-07,0.8669940319264882,1
TCGA-E9-A1NI-01A-11R-A14D-07,0.6626189648139805,1
TCGA-AO-A12E-01A-11R-A10J-07,0.5853845509836849,1
TCGA-D8-A1XJ-01A-11R-A14M-07,0.8638046303566681,1
TCGA-B6-A0I6-01A-11R-A034-07,0.5452653212293846,1
TCGA-E9-A1RH-01A-21R-A169-07,0.21302898969739278,1
TCGA-BH-A18Q-01A-12R-A12D-07,0.4720203449656305,1
TCGA-AO-A0JI-01A-21R-A056-07,0.8756296177807914,1
TCGA-A2-A0CL-01A-11R-A115-07,0.6566962782363246,1
TCGA-E2-A155-01A-11R-A12D-07,0.3444678163302038,1
TCGA-B6-A0I8-01A-11R-A034-07,0.9050261541864574,0
TCGA-E2-A14X-01A-11R-A115-07,0.34420769200633067,0
TCGA-AC-A3YI-01A-21R-A239-07,0.5855477094116717,1
TCGA-AR-A1AI-01A-11R-A12P-07,0.22989570004674606,1
TCGA-D8-A1JK-01A-11R-A13Q-07,0.7936199319165373,1
TCGA-BH-A0C3-01A-21R-A12P-07,0.9455725827205864,1
TCGA-A8-A09C-01A-11R-A00Z-07,0.8801857363635684,1
TCGA-LL-A50Y-01A-11R-A266-07,0.666644721027175,1
TCGA-BH-A0B0-01A-21R-A115-07,0.9516567165840234,0
TCGA-OL-A66L-01A-12R-A31O-07,0.4118633646611093,1
TCGA-BH-A0AW-01A-11R-A056-07,0.7581366077242334,1
TCGA-D8-A1X8-01A-11R-A14M-07,0.807521784088226,1
TCGA-D8-A1JE-01A-11R-A13Q-07,0.6934241174130757,1
TCGA-BH-A1EO-01A-11R-A137-07,0.8272256364955576,1
TCGA-BH-A0HU-01A-11R-A034-07,0.7967892795201935,1
TCGA-BH-A0H7-01A-13R-A056-07,0.7763946842074302,1
TCGA-E9-A22D-01A-11R-A157-07,0.5109018405188323,1
TCGA-3C-AAAU-01A-11R-A41B-07,0.6819544480300596,1
TCGA-BH-A1FJ-01A-11R-A13Q-07,0.7778752845146119,1
TCGA-A8-A06P-01A-11R-A00Z-07,0.8779118769914166,1
TCGA-A2-A25B-01A-11R-A169-07,0.8450269969237566,1
TCGA-AC-A2BM-01A-11R-A21T-07,0.7721049408005923,1
TCGA-E9-A6HE-01A-11R-A31O-07,0.9004377649193935,1
TCGA-AO-A03O-01A-11R-A00Z-07,0.6980649418886664,1
TCGA-A2-A0EU-01A-22R-A056-07,0.782294419595874,1
TCGA-A8-A06O-01A-11R-A00Z-07,0.848451735523237,1
TCGA-BH-A0BT-01A-11R-A12P-07,0.6250721569420233,1
TCGA-A2-A0YT-01A-11R-A109-07,0.686013747174726,1
TCGA-E2-A14R-01A-11R-A115-07,0.23697184483790693,1
TCGA-B6-A0IC-01A-11R-A034-07,0.22045947588651935,0
TCGA-AC-A5XU-01A-11R-A28M-07,0.5905784414483302,1
TCGA-AR-A250-01A-31R-A169-07,0.8237217955569875,0
TCGA-D8-A1XZ-01A-11R-A14M-07,0.7325314004613713,1
TCGA-B6-A0I9-01A-11R-A034-07,0.4741771754515663,1
TCGA-B6-A0IA-01A-11R-A034-07,0.2539356164323989,1
TCGA-E2-A14N-01A-31R-A137-07,0.43103165914486297,0
TCGA-PL-A8LY-01A-11R-A41B-07,0.3473645917862452,1
TCGA-LL-A441-01A-11R-A24H-07,0.7742549764760318,1
TCGA-A8-A08S-01A-11R-A034-07,0.8464825699419253,0
TCGA-A8-A09V-01A-11R-A034-07,0.5122964998424079,1
TCGA-BH-A209-01A-11R-A157-07,0.9271213253601489,1
TCGA-GM-A5PX-01A-12R-A28M-07,0.7256679188329527,1
TCGA-A8-A085-01A-11R-A00Z-07,0.8773729849592189,1
TCGA-A2-A25E-01A-11R-A169-07,0.8115956033032414,0
TCGA-D8-A1JG-01B-11R-A13Q-07,0.7470443591879311,1
TCGA-AC-A2FO-01A-11R-A180-07,0.8625384259366969,1
TCGA-B6-A3ZX-01A-11R-A239-07,0.5646957492841793,1
TCGA-AN-A0FT-01A-11R-A034-07,0.8920176299328471,1
TCGA-AQ-A04H-01B-11R-A10J-07,0.4139622825769794,1
TCGA-AR-A1AR-01A-31R-A137-07,0.2834586501829683,1
TCGA-A2-A0CS-01A-11R-A115-07,0.8720629040085478,1
TCGA-A2-A1FZ-01A-51R-A14D-07,0.8344886464743366,1
TCGA-AC-A8OQ-01A-11R-A41B-07,0.5742153301642773,1
TCGA-AR-A0TR-01A-11R-A084-07,0.30873273372478327,1
TCGA-C8-A12M-01A-11R-A115-07,0.17815223501576175,1
TCGA-A1-A0SM-01A-11R-A084-07,0.9202160265158268,1
TCGA-BH-A1ET-01A-11R-A137-07,0.6392640887847822,1
TCGA-A8-A0A1-01A-11R-A00Z-07,0.9043069407583426,1
TCGA-C8-A1HG-01A-11R-A137-07,0.45228606410955424,1
TCGA-E9-A1NF-01A-11R-A14D-07,0.9201279630046458,1
TCGA-A2-A0D4-01A-11R-A00Z-07,0.5347544762287977,1
TCGA-BH-A2L8-01A-11R-A18M-07,0.9346445690590215,1
TCGA-A8-A093-01A-11R-A00Z-07,0.8597504022423635,1
TCGA-D8-A1Y3-01A-11R-A157-07,0.6038048818773295,1
TCGA-AR-A1AY-01A-21R-A12P-07,0.3704907589097333,1
TCGA-AO-A12F-01A-11R-A115-07,0.6746698951965419,1
TCGA-AN-A0FL-01A-11R-A034-07,0.5668017272944242,1
TCGA-AR-A0TQ-01A-11R-A084-07,0.5358374208528691,1
TCGA-A2-A0CP-01A-11R-A034-07,0.7635403300775729,0
TCGA-AO-A129-01A-21R-A10J-07,0.7413546346117087,1
TCGA-D8-A1JH-01A-11R-A13Q-07,0.8829181343093035,1
TCGA-BH-A18K-01A-11R-A12D-07,0.9445837038023317,1
TCGA-B6-A0IM-01A-11R-A034-07,0.8765900983948656,1
TCGA-AO-A0J4-01A-11R-A034-07,0.5951085988897555,0
TCGA-AR-A1AW-01A-21R-A12P-07,0.7931448627631986,1
TCGA-AC-A62Y-01A-11R-A29R-07,0.9592007013526956,0
TCGA-A1-A0SH-01A-11R-A084-07,0.8552030694927623,1
TCGA-A8-A08C-01A-11R-A00Z-07,0.5008887192871069,1
TCGA-A2-A3XU-01A-12R-A22U-07,0.17023837399406785,1
TCGA-E2-A1LB-01A-11R-A144-07,0.6156929067986007,1
TCGA-D8-A1JJ-01A-31R-A14M-07,0.9050446547635559,1
TCGA-AN-A049-01A-21R-A00Z-07,0.707983367558856,1
TCGA-A1-A0SN-01A-11R-A144-07,0.8596557665325042,0
TCGA-EW-A1IW-01A-11R-A13Q-07,0.8523988610797167,1
TCGA-LQ-A4E4-01A-11R-A266-07,0.5762514831890463,1
TCGA-E9-A5UP-01A-11R-A28M-07,0.4206749379144403,0
TCGA-EW-A1IY-01A-11R-A13Q-07,0.6211494088509255,1
TCGA-AN-A0XW-01A-11R-A109-07,0.8790399690080558,1
TCGA-AR-A24S-01A-11R-A169-07,0.9002086093318528,1
TCGA-AR-A2LM-01A-11R-A180-07,0.8203224461880213,1
TCGA-E9-A1NE-01A-21R-A14M-07,0.8582619220172915,1
TCGA-LL-A9Q3-01A-11R-A41B-07,0.8210287624770952,1
TCGA-AC-A8OP-01A-11R-A36F-07,0.7774227661274757,1
TCGA-E2-A572-01A-13R-A31O-07,0.17101741047435884,1
TCGA-B6-A0IP-01A-11R-A034-07,0.8335701189202415,1
TCGA-C8-A135-01A-11R-A115-07,0.6589448207479756,0
TCGA-D8-A1XL-01A-11R-A14M-07,0.9279720354940652,0
TCGA-EW-A1PC-01B-11R-A21T-07,0.5537564372928433,0
TCGA-AO-A03M-01B-11R-A10J-07,0.6812006972580676,0
TCGA-AN-A0FN-01A-11R-A034-07,0.7994035388254019,1
TCGA-A7-A4SD-01A-11R-A266-07,0.39514438634295845,1
TCGA-BH-A0HN-01A-11R-A10U-07,0.23420246134749734,1
TCGA-S3-A6ZH-01A-22R-A32P-07,0.8396431175634156,0
TCGA-AC-A3QP-01A-11R-A22U-07,0.6701799424181376,0
TCGA-5L-AAT1-01A-12R-A41B-07,0.6749170083701135,1
TCGA-AN-A0FY-01A-11R-A034-07,0.8833386305167611,0
TCGA-BH-A0BA-01A-11R-A056-07,0.7623295627376682,1
TCGA-A2-A0CU-01A-12R-A034-07,0.7311095475216638,1
TCGA-D8-A143-01A-11R-A115-07,0.522204181476435,1
TCGA-BH-A0DE-01A-11R-A115-07,0.6934536919232069,1
TCGA-A2-A0EO-01A-11R-A034-07,0.7076983488296077,1
TCGA-AO-A0JF-01A-11R-A056-07,0.7764221417908579,1
TCGA-A8-A09E-01A-11R-A00Z-07,0.5482890385651398,1
TCGA-BH-A0AZ-01A-21R-A12P-07,0.9098145500592518,1
TCGA-GM-A2DN-01A-11R-A180-07,0.7764748520066586,1
TCGA-E2-A15T-01A-11R-A115-07,0.7915031404941477,1
TCGA-BH-A1F6-01A-11R-A13Q-07,0.4539167296288338,0
TCGA-BH-A0DX-01A-11R-A115-07,0.8216910400973916,1
TCGA-EW-A3U0-01A-11R-A22K-07,0.7244397813526132,0
TCGA-BH-A0DV-01A-21R-A12P-07,0.8217413754267285,1
TCGA-AC-A3TN-01A-11R-A22K-07,0.6552566052684508,1
TCGA-A1-A0SK-01A-12R-A084-07,0.05785949230550839,1
TCGA-B6-A0X5-01A-21R-A109-07,0.2941101671011435,1
TCGA-A2-A0YC-01A-11R-A109-07,0.8560031013280439,0
TCGA-A2-A0CZ-01A-11R-A034-07,0.6679351106595864,0
TCGA-C8-A27A-01A-11R-A169-07,0.6353593843652198,1
TCGA-AR-A1AP-01A-11R-A12P-07,0.9029356487227411,1
TCGA-BH-A0B4-01A-11R-A00Z-07,0.8312424297039853,0
TCGA-BH-A0BV-01A-11R-A00Z-07,0.7877278168845533,1
TCGA-AN-A0XO-01A-11R-A109-07,0.7388285835282055,0
TCGA-AC-A2QJ-01A-12R-A19W-07,0.20252162541046806,1
TCGA-GM-A2DD-01A-11R-A180-07,0.6494550117716318,0
TCGA-AR-A1AV-01A-21R-A12P-07,0.9254624543935263,1
TCGA-D8-A1XF-01A-11R-A14D-07,0.6033762028705671,1
TCGA-LL-A6FP-01A-11R-A31O-07,0.6321804599800013,1
TCGA-D8-A1XA-01A-11R-A14D-07,0.6790823421484267,1
TCGA-C8-A26V-01A-11R-A16F-07,0.8303819682560991,1
TCGA-PE-A5DC-01A-12R-A27Q-07,0.7487248270636182,0
TCGA-E2-A1LH-01A-11R-A14D-07,0.42669852397417724,1
TCGA-BH-A0B9-01A-11R-A056-07,0.4490265643003631,1
TCGA-E9-A1N8-01A-11R-A144-07,0.35003634928176475,1
TCGA-AC-A62V-01A-11R-A31O-07,0.4758488503542298,1
TCGA-EW-A1PH-01A-11R-A14M-07,0.4725195948803683,1
TCGA-AR-A5QP-01A-11R-A28M-07,0.7863757223143104,1
TCGA-BH-A5J0-01A-11R-A27Q-07,0.6832379983671062,1
TCGA-A1-A0SB-01A-11R-A144-07,0.3095935719142142,1
TCGA-B6-A0IK-01A-12R-A056-07,0.6926893227717618,1
TCGA-A8-A06Q-01A-11R-A034-07,0.20102346557638026,0
TCGA-AR-A2LH-01A-31R-A18M-07,0.7099725185425778,1
TCGA-AR-A24Z-01A-11R-A169-07,0.6405571190940764,1
TCGA-Z7-A8R5-01A-42R-A41B-07,0.6622166745705831,1
TCGA-A8-A0A9-01A-11R-A00Z-07,0.9592282608451693,0
TCGA-D8-A1JA-01A-11R-A13Q-07,0.48237453579294387,1
TCGA-AN-A0FK-01A-11R-A034-07,0.9721704662081428,1
TCGA-GM-A2DL-01A-11R-A18M-07,0.8697416832885722,1
TCGA-EW-A1P6-01A-11R-A144-07,0.8208310554386286,1
TCGA-BH-A0EA-01A-11R-A115-07,0.6417577328480936,1
TCGA-BH-A8FY-01A-11R-A36F-07,0.6151580711258674,1
TCGA-E2-A1L9-01A-11R-A13Q-07,0.8757357883645069,1
TCGA-E9-A1R2-01A-11R-A14D-07,0.9296220764537843,1
TCGA-AC-A2FM-01A-11R-A19W-07,0.7098933019896297,1
TCGA-E2-A108-01A-13R-A10J-07,0.8818709347944529,1
TCGA-OL-A66O-01A-11R-A31O-07,0.7721186171550074,0
TCGA-C8-A275-01A-21R-A16F-07,0.38974531051474715,1
TCGA-B6-A0IO-01A-11R-A034-07,0.640046129650898,1
TCGA-BH-A0HO-01A-11R-A034-07,0.4175852578112668,1
TCGA-EW-A1P8-01A-11R-A144-07,0.5882731172331497,1
TCGA-A2-A0D0-01A-11R-A00Z-07,0.4336394577173819,1
TCGA-A2-A0SX-01A-12R-A084-07,0.5737953289278902,1
TCGA-D8-A27I-01A-11R-A16F-07,0.8215930677497856,0
TCGA-EW-A2FS-01A-11R-A17B-07,0.8315855998196533,0
TCGA-Z7-A8R6-01A-11R-A41B-07,0.8519421147502915,0
TCGA-E2-A15O-01A-11R-A115-07,0.5500469607902916,1
TCGA-V7-A7HQ-01A-11R-A33J-07,0.5763254526591896,1
TCGA-C8-A12W-01A-11R-A115-07,0.8190546474686136,1
TCGA-A7-A3IY-01A-21R-A21T-07,0.912468184463557,1
TCGA-A8-A08B-01A-11R-A00Z-07,0.8368416311080261,1
TCGA-5T-A9QA-01A-11R-A41B-07,0.7632613351219875,1
TCGA-E2-A106-01A-11R-A10J-07,0.3717432334221379,1
TCGA-E2-A1B6-01A-31R-A12P-07,0.6414819196026434,1
TCGA-AC-A2FF-01A-11R-A17B-07,0.7525656285032571,0
TCGA-EW-A1PA-01A-11R-A144-07,0.8769914326008694,1
TCGA-D8-A27T-01A-11R-A16F-07,0.8420754769185957,1
TCGA-LD-A66U-01A-11R-A31O-07,0.8133938125640772,1
TCGA-A8-A07Z-01A-11R-A00Z-07,0.3606081128937997,1
TCGA-AR-A1AO-01A-11R-A12P-07,0.7696316745968116,1
TCGA-E2-A573-01A-11R-A29R-07,0.432340479866663,1
TCGA-AC-A2FB-01A-11R-A17B-07,0.6404669362648713,1
TCGA-AN-A0G0-01A-11R-A034-07,0.5993656592029976,1
TCGA-BH-A0H5-01A-21R-A115-07,0.819030685789145,1
TCGA-A8-A07S-01A-11R-A034-07,0.7445243546285717,1
TCGA-E9-A3QA-01A-61R-A22K-07,0.4612410266375715,1
TCGA-A1-A0SI-01A-11R-A144-07,0.9147770944338076,0
TCGA-A8-A09W-01A-11R-A00Z-07,0.7984124689250208,1
TCGA-BH-A1F0-01A-11R-A137-07,0.42892393309832566,1
TCGA-A2-A0D2-01A-21R-A034-07,0.4278475681030511,1
TCGA-OL-A5D8-01A-11R-A27Q-07,0.7178102724304928,1
TCGA-BH-A18G-01A-11R-A12D-07,0.7054625322968183,1
TCGA-A2-A0YI-01A-31R-A10J-07,0.818989179766653,1
TCGA-A8-A0A4-01A-11R-A00Z-07,0.4948920130670316,1
TCGA-A7-A425-01A-11R-A24H-07,0.7801273936825334,1
TCGA-E9-A22A-01A-11R-A157-07,0.8647953576632952,1
TCGA-A8-A08J-01A-11R-A00Z-07,0.7918701815053591,1
TCGA-A2-A3Y0-01A-11R-A239-07,0.3586023659156151,0
TCGA-AC-A2BK-01A-11R-A21T-07,0.1829303312535554,1
TCGA-B6-A0IN-01A-11R-A034-07,0.73981257965512,0
TCGA-D8-A1JD-01A-11R-A13Q-07,0.946730426798616,0
TCGA-GM-A2DK-01A-21R-A180-07,0.8194174601741321,1
TCGA-OL-A5RX-01A-11R-A28M-07,0.7809643082586458,1
TCGA-A8-A08Z-01A-21R-A00Z-07,0.805731596454123,1
TCGA-A2-A0YD-01A-11R-A109-07,0.8923455569399359,1
TCGA-A7-A3J1-01A-11R-A213-07,0.7933176317223549,1
TCGA-BH-A1FD-01A-11R-A13Q-07,0.6651210481612988,1
TCGA-A2-A0D1-01A-11R-A034-07,0.3585837182236441,0
TCGA-BH-A0BL-01A-11R-A115-07,0.6851370462342232,1
TCGA-E2-A1IH-01A-11R-A13Q-07,0.8551957249175288,1
TCGA-AR-A0TU-01A-31R-A109-07,0.1556837634212448,1
TCGA-AC-A2FG-01A-11R-A17B-07,0.5806909522638155,1
TCGA-GM-A4E0-01A-12R-A266-07,0.637708282178061,0
TCGA-AC-A3W7-01A-11R-A22K-07,0.9232809901981948,1
TCGA-A8-A083-01A-21R-A00Z-07,0.5001591058632303,1
TCGA-A2-A0EN-01A-13R-A084-07,0.9698220515585321,1
TCGA-D8-A1Y0-01A-11R-A14M-07,0.8040904654403233,0
TCGA-AR-A1AK-01A-21R-A12P-07,0.5847330166024646,1
TCGA-AC-A7VC-01A-11R-A352-07,0.25027639384639705,1
TCGA-A7-A0CJ-01A-21R-A00Z-07,0.7546673477424765,1
TCGA-AO-A03U-01B-21R-A10J-07,0.5594872606557558,1
TCGA-E2-A2P5-01A-11R-A19W-07,0.7474476292853015,1
TCGA-E2-A15S-01A-11R-A115-07,0.36241865811216745,1
TCGA-A1-A0SJ-01A-11R-A084-07,0.4925022635328994,0
TCGA-A2-A04N-01A-11R-A115-07,0.8673763103151987,1
TCGA-B6-A401-01A-11R-A239-07,0.5541351666937933,0
TCGA-D8-A1JU-01A-11R-A13Q-07,0.8392033133099728,1
TCGA-B6-A40B-01A-11R-A239-07,0.69041016918717,1
TCGA-LD-A9QF-01A-32R-A41B-07,0.8222675659273051,0
TCGA-AO-A03T-01A-21R-A034-07,0.6373949748319707,0
TCGA-E9-A3Q9-01A-11R-A21T-07,0.5264897711444596,0
TCGA-D8-A1JP-01A-11R-A13Q-07,0.8391357201491223,1
TCGA-BH-A18I-01A-11R-A12D-07,0.7153247773073105,1
TCGA-BH-A28Q-01A-11R-A16F-07,0.8388859199339019,1
TCGA-EW-A1OW-01A-21R-A144-07,0.4974424827460258,1
TCGA-BH-A18R-01A-11R-A12D-07,0.6904370663204614,1
TCGA-AO-A0J8-01A-21R-A034-07,0.9511892834601917,0
TCGA-AC-A3BB-01A-21R-A19W-07,0.8974662444299067,0
TCGA-E9-A247-01A-11R-A169-07,0.7135261130346463,1
TCGA-D8-A73U-01A-11R-A33J-07,0.9138351798632259,0
TCGA-BH-A18V-01A-11R-A12D-07,0.3533188897883364,1
TCGA-BH-A0C1-01B-11R-A12D-07,0.8676652086390032,0
TCGA-AC-A3W6-01A-12R-A22K-07,0.955810000901275,1
TCGA-BH-A1FR-01A-11R-A13Q-07,0.7385071149468576,1
TCGA-A2-A1G0-01A-11R-A13Q-07,0.5478044682574351,0
TCGA-BH-A0DQ-01A-11R-A084-07,0.9360303923370825,1
TCGA-A2-A0ER-01A-21R-A034-07,0.713703799020247,1
TCGA-D8-A27P-01A-11R-A16F-07,0.496552499968933,1
TCGA-B6-A1KN-01A-11R-A13Q-07,0.7990775682467232,1
TCGA-E9-A228-01A-31R-A157-07,0.772431699753677,1
TCGA-BH-A0B2-01A-11R-A10J-07,0.9027078922880247,1
TCGA-B6-A0X4-01A-11R-A109-07,0.2858097458995457,0
TCGA-BH-A1EY-01A-11R-A13Q-07,0.9310057537942198,1
TCGA-BH-A0HX-01A-21R-A056-07,0.8883638784187198,1
TCGA-A8-A094-01A-11R-A00Z-07,0.7413857200782917,1
TCGA-AO-A1KR-01A-12R-A144-07,0.3778362984447845,0
TCGA-A2-A0CV-01A-31R-A115-07,0.5374574009775634,1
TCGA-A8-A076-01A-21R-A00Z-07,0.9336430180364669,1
TCGA-E9-A1RE-01A-11R-A157-07,0.7725772264305047,1
TCGA-S3-A6ZG-01A-22R-A32P-07,0.838902297001554,1
TCGA-A8-A06Z-01A-11R-A00Z-07,0.4068394692300597,1
TCGA-BH-A8FZ-01A-11R-A352-07,0.5821752320531224,1
TCGA-LL-A440-01A-11R-A24H-07,0.7056784508684276,1
TCGA-E9-A249-01A-11R-A169-07,0.7096944476218726,1
TCGA-PL-A8LX-01A-11R-A41B-07,0.3056226821822814,1
TCGA-E2-A1L8-01A-11R-A13Q-07,0.6643434013429672,1
TCGA-EW-A6SD-01A-12R-A33J-07,0.8384825710289611,1
TCGA-AO-A0JL-01A-11R-A056-07,0.45245678871499434,1
TCGA-MS-A51U-01A-31R-A266-07,0.7775338015435065,1
TCGA-BH-A0E7-01A-11R-A034-07,0.49553448651712073,1
TCGA-E9-A22G-01A-11R-A157-07,0.2587737823753057,1
TCGA-A8-A08R-01A-11R-A034-07,0.4052161533592089,1
TCGA-A2-A4S1-01A-21R-A266-07,0.36939146848593213,1
TCGA-E2-A1II-01A-11R-A144-07,0.2673063887020254,1
TCGA-A7-A3J0-01A-11R-A213-07,0.511146631764176,0
TCGA-BH-A0B8-01A-21R-A056-07,0.8994832175431327,0
TCGA-AR-A24L-01A-11R-A169-07,0.8852441288445618,1
TCGA-EW-A1J3-01A-11R-A13Q-07,0.8805376336555971,1
TCGA-AR-A5QM-01A-11R-A27Q-07,0.8499995589766449,1
TCGA-AO-A1KS-01A-11R-A13Q-07,0.5344063599577251,1
TCGA-D8-A1JI-01A-11R-A13Q-07,0.5355175654459322,1
TCGA-A8-A09N-01A-11R-A00Z-07,0.8053344864969831,1
TCGA-BH-A203-01A-12R-A169-07,0.6950098233175566,1
TCGA-AR-A2LQ-01A-22R-A18M-07,0.7185413256801964,1
TCGA-AR-A251-01A-12R-A169-07,0.31547883189037723,1
TCGA-BH-A18J-01A-11R-A12D-07,0.8436097765196187,1
TCGA-D8-A1XM-01A-21R-A14M-07,0.898858922484324,1
TCGA-BH-A0HA-01A-11R-A12P-07,0.7326989476735373,1
TCGA-AR-A0U2-01A-11R-A109-07,0.501301486832944,1
TCGA-E2-A1B1-01A-21R-A12P-07,0.6687398206641331,1
TCGA-AC-A62X-01A-11R-A29R-07,0.31766787120560874,0
TCGA-A7-A5ZW-01A-12R-A29R-07,0.8395551156548894,1
TCGA-BH-A28O-01A-11R-A22K-07,0.44001258963094425,1
TCGA-D8-A1XQ-01A-11R-A14M-07,0.5073654294281493,0
TCGA-E9-A248-01A-11R-A169-07,0.47521509061602024,1
TCGA-A8-A07E-01A-11R-A034-07,0.9106657533384124,1
TCGA-AC-A23E-01A-11R-A157-07,0.8301544620496069,1
TCGA-E9-A1N4-01A-11R-A14M-07,0.5669993628092719,1
TCGA-E2-A15H-01A-11R-A12D-07,0.8732649301495464,0
TCGA-E2-A1IJ-01A-11R-A144-07,0.8260823256149018,1
TCGA-D8-A1XR-01A-11R-A14M-07,0.4356597889702446,1
TCGA-A8-A075-01A-11R-A084-07,0.8672161137359361,1
TCGA-A8-A06U-01A-11R-A00Z-07,0.7777517249858121,0
TCGA-B6-A0X7-01A-11R-A10J-07,0.8372259285596888,1
TCGA-AQ-A04J-01A-02R-A034-07,0.6642644092022818,1
TCGA-A2-A0CQ-01A-21R-A034-07,0.8281510417038347,1
TCGA-A8-A07F-01A-11R-A00Z-07,0.7521030022184656,1
TCGA-A8-A082-01A-11R-A00Z-07,0.8007101700274001,1
TCGA-AN-A0XT-01A-11R-A109-07,0.6934633930706247,1
TCGA-AR-A24X-01A-11R-A169-07,0.9211241021482798,0
TCGA-A2-A04Y-01A-21R-A034-07,0.6427246052617387,1
TCGA-A2-A1G4-01A-11R-A13Q-07,0.8814335274274276,1
TCGA-B6-A0IE-01A-11R-A034-07,0.7841408500041323,1
TCGA-A8-A079-01A-21R-A00Z-07,0.7850587975347292,1
TCGA-E2-A15E-01A-11R-A12D-07,0.7380798809141219,1
TCGA-E9-A1R3-01A-31R-A14M-07,0.7267046066242138,1
TCGA-AR-A0TT-01A-31R-A084-07,0.856992708392906,0
TCGA-S3-AA0Z-01A-11R-A41B-07,0.5577041377741755,1
TCGA-BH-A0E1-01A-11R-A056-07,0.7131355586569588,1
TCGA-AC-A23G-01A-11R-A213-07,0.6857791958338472,1
TCGA-GM-A3XG-01A-31R-A24H-07,0.3583604081442004,1
TCGA-AR-A1AM-01A-41R-A22K-07,0.8427512585627817,0
TCGA-E9-A1N5-01A-11R-A14D-07,0.8905385680726321,1
TCGA-A2-A3XX-01A-21R-A239-07,0.39452638264760664,1
TCGA-BH-A0BQ-01A-21R-A115-07,0.876136878729195,1
TCGA-EW-A1P7-01A-21R-A144-07,0.6680896061985444,1
TCGA-BH-A5IZ-01A-11R-A27Q-07,0.5826986145784568,1
TCGA-D8-A1X7-01A-11R-A14M-07,0.8826644908032183,0
TCGA-BH-A0DP-01A-21R-A056-07,0.8676523767236732,1
TCGA-AC-A7VB-01A-11R-A352-07,0.33062618356362194,0
TCGA-A2-A0ST-01A-12R-A084-07,0.26893801890870944,1
TCGA-A2-A0ES-01A-11R-A115-07,0.5275838642751518,1
TCGA-BH-A0DT-01A-21R-A12D-07,0.8832054953891012,1
TCGA-AN-A0AR-01A-11R-A00Z-07,0.32062429321922875,1
TCGA-A2-A0YJ-01A-11R-A109-07,0.1754333269451186,0
TCGA-D8-A4Z1-01A-21R-A266-07,0.6581372595880437,0
TCGA-AO-A0JC-01A-11R-A056-07,0.584335064920209,1
TCGA-A2-A04Q-01A-21R-A034-07,0.5323797802920589,0
TCGA-GM-A2DF-01A-11R-A180-07,0.24844411234275848,1
TCGA-GM-A2DI-01A-31R-A18M-07,0.857151220892451,1
TCGA-LL-A5YO-01A-21R-A28M-07,0.6340597019868323,0
TCGA-EW-A3E8-01B-11R-A24H-07,0.7878042256671227,0
TCGA-BH-A0E9-01B-11R-A115-07,0.7235020379982787,1
TCGA-AR-A1AH-01A-11R-A12D-07,0.3995377347511139,1
TCGA-E2-A10A-01A-21R-A115-07,0.8942466374038335,1
TCGA-C8-A1HF-01A-11R-A137-07,0.8376206124299147,1
TCGA-A7-A13H-01A-11R-A22K-07,0.8210847844761971,1
TCGA-A7-A13F-01A-11R-A12P-07,0.6606394557323246,1
TCGA-D8-A1XV-01A-11R-A14M-07,0.9108763387926465,0
TCGA-E2-A574-01A-11R-A29R-07,0.2807301211348664,1
TCGA-GM-A5PV-01A-11R-A28M-07,0.6132675520037779,1
TCGA-EW-A1PB-01A-11R-A144-07,0.47000952444537086,0
TCGA-E2-A1IO-01A-11R-A144-07,0.8989252424329667,1
TCGA-B6-A0RH-01A-21R-A115-07,0.8169242763021147,1
TCGA-BH-A0B7-01A-12R-A115-07,0.744838278189156,1
TCGA-C8-A137-01A-11R-A115-07,0.6664729335329052,0
TCGA-LL-A8F5-01A-11R-A36F-07,0.38595178543036646,1
TCGA-AQ-A0Y5-01A-11R-A14M-07,0.8008371301771854,1
TCGA-D8-A13Z-01A-11R-A115-07,0.6721217671983284,0
TCGA-A2-A4RX-01A-11R-A266-07,0.4093751334754569,1
TCGA-AR-A24U-01A-11R-A169-07,0.7421509272535153,1
TCGA-E2-A105-01A-11R-A10J-07,0.44426911122601126,1
TCGA-C8-A1HN-01A-11R-A137-07,0.6181939909854705,1
TCGA-BH-A18S-01A-11R-A12D-07,0.5835029643645212,1
TCGA-E2-A14Q-01A-11R-A12D-07,0.7522393758449736,1
TCGA-A7-A0DA-01A-31R-A115-07,0.6447359758212536,1
TCGA-EW-A1P4-01A-21R-A144-07,0.5653699309164347,1
TCGA-A8-A081-01A-11R-A00Z-07,0.7168519258090823,1
TCGA-BH-A0E0-01A-11R-A056-07,0.5431179234541712,1
TCGA-OL-A66N-01A-12R-A31O-07,0.8374816728199542,0
TCGA-E2-A2P6-01A-11R-A19W-07,0.6637967568525684,0
TCGA-BH-A0DK-01A-21R-A056-07,0.7701982821288059,1
TCGA-E9-A5UO-01A-11R-A28M-07,0.27714875777225384,1
TCGA-D8-A1JC-01A-11R-A13Q-07,0.8451851790852097,1
TCGA-C8-A134-01A-11R-A115-07,0.4086887447916878,1
TCGA-A2-A3XT-01A-11R-A22U-07,0.5460362257753104,1
TCGA-AR-A256-01A-11R-A169-07,0.2740832504390257,1
TCGA-D8-A1JL-01A-11R-A13Q-07,0.5896921418100012,1
TCGA-E9-A24A-01A-11R-A169-07,0.4332678289343274,1
TCGA-A2-A3XZ-01A-42R-A239-07,0.8407337278403311,1
TCGA-BH-A0BF-01A-21R-A12P-07,0.9130554399595497,1
TCGA-D8-A27F-01A-11R-A16F-07,0.29750949107525737,1
TCGA-A2-A0CY-01A-12R-A034-07,0.4580155356968148,1
TCGA-D8-A27E-01A-11R-A16F-07,0.3164539646751017,0
TCGA-A2-A0EP-01A-52R-A22U-07,0.8284792468776341,1
TCGA-GI-A2C8-01A-11R-A16F-07,0.8859255739212095,1
TCGA-A8-A099-01A-11R-A00Z-07,0.8791534443767134,0
TCGA-A2-A04U-01A-11R-A115-07,0.4642111087436489,1
TCGA-BH-A0HP-01A-12R-A084-07,0.7831053739295981,1
TCGA-EW-A2FV-01A-11R-A17B-07,0.7340181794011508,1
TCGA-A2-A0CR-01A-11R-A22K-07,0.5723474394791209,1
TCGA-BH-A0DS-01A-11R-A056-07,0.9410121848385214,1
TCGA-D8-A1XC-01A-11R-A14D-07,0.7450962933105715,1
TCGA-E2-A14O-01A-31R-A115-07,0.5020852451972382,1
TCGA-A1-A0SF-01A-11R-A144-07,0.7814120823211195,1
TCGA-A8-A06X-01A-21R-A00Z-07,0.8035365787390921,1
TCGA-BH-A0HI-01A-11R-A084-07,0.7904479832059255,1
TCGA-E2-A14U-01A-11R-A22K-07,0.41138609361423994,1
TCGA-E2-A15A-01A-11R-A12D-07,0.780802793776592,0
TCGA-A2-A1G6-01A-11R-A13Q-07,0.422217154344126,1
TCGA-B6-A1KC-01B-11R-A157-07,0.16073197378300122,1
TCGA-OL-A5RZ-01A-11R-A28M-07,0.5521270102755411,1
TCGA-A8-A07I-01A-11R-A00Z-07,0.6876949471568751,0
TCGA-A2-A0T0-01A-22R-A084-07,0.5418721231843049,1
TCGA-BH-A42V-01A-11R-A24H-07,0.6351437539221828,1
TCGA-GM-A3XN-01A-12R-A22U-07,0.863332604939904,1
TCGA-D8-A3Z6-01A-11R-A239-07,0.7204110976233975,1
TCGA-B6-A0IQ-01A-11R-A034-07,0.3527756737447727,1
TCGA-A8-A095-01A-11R-A00Z-07,0.8994062960519796,1
TCGA-AO-A125-01A-11R-A10J-07,0.5496123792342367,1
TCGA-EW-A6SA-01A-21R-A32P-07,0.45376798314815914,0
TCGA-BH-A0DD-01A-31R-A12P-07,0.8886574593937729,1
TCGA-AO-A0J3-01A-11R-A034-07,0.6575172109228599,0
TCGA-A2-A3XS-01A-11R-A22U-07,0.5849709091956565,0
TCGA-AC-A8OR-01A-21R-A41B-07,0.8675612887016353,1
TCGA-BH-A0HK-01A-11R-A056-07,0.7668597088152657,1
TCGA-E2-A1IG-01A-11R-A144-07,0.4892193824813883,1
TCGA-AO-A12B-01A-11R-A10J-07,0.6264298896255637,1
TCGA-EW-A1J5-01A-11R-A13Q-07,0.758979442174151,1
TCGA-C8-A12Q-01A-11R-A115-07,0.8865606686131133,1
TCGA-A2-A0EQ-01A-11R-A034-07,0.7661534046437201,0
TCGA-GM-A3XL-01A-11R-A22U-07,0.5234599168287442,1
TCGA-BH-A1EU-01A-11R-A137-07,0.752124045730551,1
TCGA-BH-A0RX-01A-21R-A084-07,0.6407969051042405,1
TCGA-E9-A1RF-01A-11R-A157-07,0.6255479468948177,1
TCGA-AC-A2QI-01A-12R-A19W-07,0.7909341582485089,1
TCGA-A8-A090-01A-11R-A00Z-07,0.7457641837299869,0
TCGA-AR-A5QQ-01A-11R-A28M-07,0.4126502360664791,1
TCGA-XX-A899-01A-11R-A36F-07,0.853898764760424,1
TCGA-E2-A156-01A-11R-A12D-07,0.5221309342521716,1
TCGA-AN-A04C-01A-21R-A034-07,0.7128570563787369,0
TCGA-AN-A0AT-01A-11R-A034-07,0.47636416927743286,1
TCGA-UL-AAZ6-01A-11R-A41B-07,0.48891007071976894,1
TCGA-D8-A1X9-01A-12R-A157-07,0.8267390977411948,1
TCGA-E9-A22E-01A-11R-A157-07,0.9441200552619933,1
TCGA-BH-A1FB-01A-11R-A13Q-07,0.6861819539903965,1
TCGA-C8-A8HR-01A-11R-A36F-07,0.8838971841545201,1
TCGA-EW-A2FR-01A-11R-A21T-07,0.7376897629270099,1
TCGA-AN-A0AJ-01A-11R-A00Z-07,0.7580618289645022,1
TCGA-LD-A7W6-01A-81R-A352-07,0.7419416631947143,1
TCGA-BH-A0B6-01A-11R-A19W-07,0.8640540064102322,1
TCGA-AR-A252-01A-11R-A169-07,0.732335855080783,1
TCGA-AR-A254-01A-21R-A169-07,0.6729218294019594,1
TCGA-AO-A03P-01A-11R-A00Z-07,0.6397545903545343,1
TCGA-A8-A07O-01A-11R-A00Z-07,0.5210490335744391,0
TCGA-EW-A1PE-01A-11R-A144-07,0.7111003432055754,0
TCGA-AR-A2LL-01A-11R-A180-07,0.9602315834596725,1
TCGA-A7-A26H-01A-11R-A169-07,0.9138961954452334,1
TCGA-C8-A26Z-01A-11R-A16F-07,0.5761578096200399,1
TCGA-AO-A0J9-01A-11R-A034-07,0.920086140420537,1
TCGA-EW-A1PF-01A-11R-A144-07,0.8098947024245794,1
TCGA-A2-A25F-01A-11R-A169-07,0.5448261688040776,1
TCGA-D8-A73W-01A-22R-A352-07,0.9053988802954064,1
TCGA-AR-A2LJ-01A-12R-A19W-07,0.8443830913006946,0
TCGA-A8-A07C-01A-11R-A034-07,0.21759395025025705,1
TCGA-E9-A245-01A-22R-A16F-07,0.5613267997557521,0
TCGA-B6-A408-01A-12R-A24H-07,0.6752458873283671,0
TCGA-AR-A255-01A-11R-A169-07,0.8602389169943494,0
TCGA-E2-A1L6-01A-11R-A13Q-07,0.7206904791530374,0
TCGA-E9-A295-01A-11R-A16F-07,0.777207501148293,1
TCGA-BH-A1FE-01A-11R-A13Q-07,0.7723979687234648,0
TCGA-BH-A1FM-01A-11R-A13Q-07,0.5185448666802126,0
TCGA-OL-A5RU-01A-11R-A28M-07,0.770283350454295,1
TCGA-C8-A1HO-01A-11R-A13Q-07,0.5392538007864756,0
TCGA-GM-A2DO-01A-11R-A18M-07,0.7838763277336049,0
TCGA-AN-A0FZ-01A-11R-A034-07,0.5180806103576691,1
TCGA-D8-A1JN-01A-11R-A13Q-07,0.7198682706181666,1
TCGA-OL-A6VO-01A-12R-A33J-07,0.3467927563651443,0
TCGA-AN-A0FV-01A-11R-A00Z-07,0.6726203406628372,1
TCGA-D8-A1J9-01A-11R-A13Q-07,0.8553147919769832,1
TCGA-B6-A0IB-01A-11R-A034-07,0.6677723260539613,1
TCGA-A8-A06R-01A-11R-A00Z-07,0.693869944108237,0
TCGA-AR-A24H-01A-11R-A169-07,0.49096562905101143,1
TCGA-E2-A109-01A-11R-A10J-07,0.802285113883763,1
TCGA-AR-A5QN-01A-12R-A28M-07,0.9486382480215846,1
TCGA-A2-A0EX-01A-21R-A034-07,0.7718015869037028,1
TCGA-C8-A12N-01A-11R-A115-07,0.8430014835166378,1
TCGA-A2-A259-01A-11R-A16F-07,0.6515613266142862,1
TCGA-AO-A12A-01A-21R-A115-07,0.8489632634378899,0
TCGA-A7-A3RF-01A-11R-A22K-07,0.4807037824227837,1
TCGA-AN-A0FS-01A-11R-A034-07,0.7601370128824271,1
TCGA-C8-A26W-01A-11R-A16F-07,0.8828836838613565,1
TCGA-E9-A1RC-01A-11R-A157-07,0.7897817421534956,1
TCGA-E2-A1B0-01A-11R-A12P-07,0.49550131040625883,1
TCGA-AO-A126-01A-11R-A10J-07,0.820011992779568,1
TCGA-AC-A4ZE-01A-11R-A41B-07,0.4207046069004993,0
TCGA-E9-A229-01A-31R-A157-07,0.8393589817949599,1
TCGA-EW-A1P1-01A-31R-A14D-07,0.6311625307151626,0
TCGA-BH-AB28-01A-31R-A41B-07,0.912263080981085,1
TCGA-A8-A08P-01A-11R-A00Z-07,0.8250359349834758,0
TCGA-EW-A1IX-01A-12R-A144-07,0.7609987465761014,0
TCGA-LL-A73Z-01A-11R-A32P-07,0.8335095346890301,0
TCGA-E9-A1R7-01A-11R-A14M-07,0.6398052257588601,1
TCGA-BH-A1F2-01A-31R-A13Q-07,0.5790429530619782,0
TCGA-A8-A0A6-01A-12R-A056-07,0.8593759750812214,1
TCGA-A1-A0SE-01A-11R-A084-07,0.8098505282781441,1
TCGA-E9-A1NG-01A-21R-A14M-07,0.8395554916158218,1
TCGA-B6-A1KF-01A-11R-A13Q-07,0.23969126057521817,1
TCGA-BH-A0EE-01A-11R-A034-07,0.42115586800086724,1
TCGA-BH-A0BD-01A-11R-A034-07,0.8248500351771036,1
TCGA-OL-A5RY-01A-21R-A28M-07,0.84386455548778,1
TCGA-E9-A1RD-01A-11R-A157-07,0.7052717736069455,1
TCGA-AR-A24K-01A-11R-A169-07,0.7162888659525466,1
TCGA-BH-A0BP-01A-11R-A115-07,0.9032614318761477,1
TCGA-C8-A130-01A-31R-A115-07,0.872907867609614,1
TCGA-B6-A0RG-01A-11R-A056-07,0.7610618622317963,1
TCGA-E9-A1NA-01A-11R-A144-07,0.7838849785151509,1
TCGA-A8-A0A2-01A-11R-A034-07,0.8888591490607253,0
TCGA-E2-A14V-01A-11R-A12D-07,0.7543598153647304,0
TCGA-E2-A1LL-01A-11R-A144-07,0.43077242070988453,1
TCGA-AR-A24M-01A-11R-A169-07,0.6479431373733011,1
TCGA-A8-A0AB-01A-11R-A034-07,0.6898421225011269,1
TCGA-C8-A1HL-01A-11R-A137-07,0.4654871557606278,1
TCGA-OL-A66P-01A-11R-A31O-07,0.6088076701718056,0
TCGA-OL-A66K-01A-11R-A29R-07,0.6610210926927553,1
TCGA-BH-A0HF-01A-11R-A056-07,0.8010357689650611,1
TCGA-AN-A03X-01A-21R-A00Z-07,0.8422053706992665,1
TCGA-A2-A1FV-01A-11R-A13Q-07,0.3792112226524856,1
TCGA-E9-A3HO-01A-11R-A213-07,0.6127099641564919,1
TCGA-A2-A0YE-01A-11R-A109-07,0.43378530319900305,1
TCGA-A1-A0SP-01A-11R-A084-07,0.5677783055589296,1
TCGA-AO-A0J7-01A-11R-A034-07,0.6814002560512655,1
TCGA-C8-A3M7-01A-12R-A21T-07,0.8831240469531005,1
TCGA-A2-A0YG-01A-21R-A109-07,0.686260588889949,1
TCGA-E2-A14Y-01A-21R-A12D-07,0.3240775417839689,1
TCGA-EW-A424-01A-11R-A24H-07,0.8023816826595903,1
TCGA-D8-A141-01A-11R-A115-07,0.899234099666195,1
TCGA-C8-A1HJ-01A-11R-A13Q-07,0.32921904089133186,1
TCGA-C8-A12O-01A-11R-A115-07,0.8241893083315152,0
TCGA-LL-A442-01A-11R-A24H-07,0.3825770696502055,1
TCGA-C8-A12Z-01A-11R-A115-07,0.884005602368676,1
TCGA-EW-A1OX-01A-11R-A144-07,0.36103070635251006,0
TCGA-E9-A1RG-01A-11R-A14D-07,0.6355884306507122,1
TCGA-AQ-A1H2-01A-11R-A13Q-07,0.600379011046666,0
TCGA-AR-A24Q-01A-12R-A169-07,0.43365881676444223,1
TCGA-A8-A09K-01A-11R-A00Z-07,0.31466791904030017,1
TCGA-BH-A0W7-01A-11R-A115-07,0.8862259032974837,1
TCGA-BH-A0H0-01A-11R-A056-07,0.3275242559014839,0
TCGA-AO-A0JD-01A-11R-A056-07,0.6318549347181583,1
TCGA-A2-A4RW-01A-21R-A266-07,0.9150255978430897,1
TCGA-C8-A12U-01A-11R-A115-07,0.28160721558592433,1
TCGA-C8-A12V-01A-11R-A115-07,0.7186845343276475,1
TCGA-E9-A1NC-01A-21R-A26B-07,0.6590406350570847,1
TCGA-AO-A12G-01A-11R-A10J-07,0.6725259883382941,0
TCGA-S3-AA11-01A-31R-A41B-07,0.8150338631198462,1
TCGA-BH-A0HQ-01A-11R-A034-07,0.7706789166288125,1
TCGA-AO-A03L-01A-41R-A056-07,0.8320416476213538,1
TCGA-C8-A1HM-01A-12R-A137-07,0.6515744033197003,1
TCGA-D8-A146-01A-31R-A115-07,0.8282572299809012,0
TCGA-A2-A0EV-01A-11R-A034-07,0.8746584312417014,1
TCGA-E2-A154-01A-11R-A115-07,0.8504680483533757,1
TCGA-E2-A1LE-01A-12R-A19W-07,0.7391284919168541,1
TCGA-E9-A1R5-01A-11R-A14M-07,0.9255080570795744,1
TCGA-AC-A3EH-01A-22R-A22K-07,0.9176558541885818,1
TCGA-C8-A12Y-01A-11R-A12D-07,0.9348452888801508,1
TCGA-BH-A0E2-01A-11R-A056-07,0.8248751913246686,0
TCGA-D8-A1XG-01A-11R-A14D-07,0.8206249956970424,1
TCGA-OL-A5DA-01A-11R-A27Q-07,0.6903347287166038,1
TCGA-AC-A3HN-01A-11R-A213-07,0.8403856303681769,1
TCGA-B6-A0RP-01A-21R-A084-07,0.8176527315864093,1
TCGA-3C-AALI-01A-11R-A41B-07,0.5213724522208427,1
TCGA-D8-A1Y2-01A-11R-A157-07,0.8690953095395064,0
TCGA-S3-AA15-01A-11R-A41B-07,0.6657966447863732,1
TCGA-BH-A0W5-01A-11R-A109-07,0.8016866444003754,1
TCGA-A8-A097-01A-11R-A034-07,0.6130485189648903,1
TCGA-AO-A12D-01A-11R-A115-07,0.7083104077141275,1
TCGA-AN-A04A-01A-21R-A034-07,0.7827867486658489,1
TCGA-E2-A1B4-01A-11R-A12P-07,0.5786165472998412,1
TCGA-A8-A09R-01A-11R-A00Z-07,0.8208485887787219,1
TCGA-XX-A89A-01A-11R-A36F-07,0.8303907354986962,1
TCGA-AR-A24O-01A-11R-A169-07,0.6876797963096515,1
TCGA-E2-A1LG-01A-21R-A14M-07,0.7191064228944424,1
TCGA-AC-A8OS-01A-12R-A41B-07,0.8211988697646392,1
TCGA-HN-A2NL-01A-11R-A18M-07,0.19570476261761358,0
TCGA-E9-A1N6-01A-11R-A144-07,0.8777769401324363,0
TCGA-E2-A10C-01A-21R-A10J-07,0.8688728175302263,1
TCGA-BH-A0AU-01A-11R-A12P-07,0.8092292688636499,0
TCGA-A2-A0EW-01A-21R-A115-07,0.6503932337263408,1
TCGA-A8-A07B-01A-11R-A00Z-07,0.614409816796071,1
TCGA-E2-A15K-01A-11R-A12P-07,0.6297707409585974,1
TCGA-EW-A6S9-01A-22R-A33J-07,0.8048721615860686,0
TCGA-AC-A3W5-01A-11R-A22K-07,0.8748021259849947,1
TCGA-BH-A0AV-01A-31R-A115-07,0.44275371730733437,1
TCGA-A2-A0T7-01A-21R-A084-07,0.8324659420874972,0
TCGA-AO-A03V-01A-11R-A115-07,0.7925627353957363,1
TCGA-BH-A0DZ-01A-11R-A00Z-07,0.6550302620982111,1
TCGA-AN-A041-01A-11R-A034-07,0.7601935637540913,0
TCGA-B6-A0I5-01A-11R-A034-07,0.7548421629116593,1
TCGA-BH-A0BM-01A-11R-A056-07,0.5228936034749144,1
TCGA-BH-A0GZ-01A-11R-A056-07,0.8957229361856792,1
TCGA-LL-A5YN-01A-11R-A28M-07,0.5683502109157126,1
TCGA-B6-A0RM-01A-11R-A084-07,0.9069647394847496,0
TCGA-A2-A4S3-01A-21R-A266-07,0.8634634138946199,1
TCGA-BH-A201-01A-11R-A14M-07,0.8365192212164362,1
TCGA-A2-A0SV-01A-11R-A084-07,0.8026032079289508,0
TCGA-A8-A07L-01A-11R-A00Z-07,0.7849846646414103,1
TCGA-AR-A2LN-01A-21R-A18M-07,0.45584177928291414,0
TCGA-C8-A278-01A-11R-A169-07,0.7192922832088069,1
TCGA-A2-A0CM-01A-31R-A034-07,0.25321793395407705,1
TCGA-C8-A1HE-01A-11R-A13Q-07,0.8825559375321632,1
TCGA-LL-A7T0-01A-31R-A352-07,0.7448949433484865,0
TCGA-B6-A0WT-01A-11R-A109-07,0.9191674995599239,1
TCGA-OL-A5D6-01A-21R-A27Q-07,0.7713257009191158,1
TCGA-E2-A14S-01A-11R-A12D-07,0.808193277742828,0
TCGA-AQ-A1H3-01A-31R-A13Q-07,0.9034135779966818,1
TCGA-BH-A1F8-01A-11R-A13Q-07,0.5448993031530515,1
TCGA-A8-A0AD-01A-11R-A056-07,0.5268700934753308,1
TCGA-GM-A2DA-01A-11R-A18M-07,0.8223207188898268,1
TCGA-A2-A0T5-01A-21R-A084-07,0.8530923521252977,1
TCGA-A8-A09M-01A-11R-A00Z-07,0.7902379813758429,1
TCGA-B6-A0X1-01A-11R-A109-07,0.48089333760238856,0
TCGA-AN-A0XU-01A-11R-A109-07,0.5500035646750402,1
TCGA-BH-A1EV-01A-11R-A137-07,0.8212675538732828,1
TCGA-EW-A1OZ-01A-11R-A144-07,0.8019339178025754,1
TCGA-C8-A12X-01A-11R-A115-07,0.8330561167638322,1
TCGA-JL-A3YX-01A-11R-A22U-07,0.8104503289848365,1
TCGA-OL-A5D7-01A-11R-A27Q-07,0.44712608172707746,1
TCGA-E2-A1IK-01A-11R-A144-07,0.5304874059447884,0
TCGA-A2-A0CW-01A-21R-A115-07,0.5723475105843074,0
TCGA-A2-A0ET-01A-31R-A034-07,0.1698924216681781,1
TCGA-B6-A400-01A-11R-A239-07,0.3545733748940057,1
