sample_id,score,y_member
TCGA-E2-A158-01A-11R-A12D-07,0.3483428935612183,1
TCGA-AO-A1KO-01A-31R-A13Q-07,0.20188444961400914,1
TCGA-AR-A0TX-01A-11R-A084-07,0.565868050174725,0
TCGA-D8-A1XB-01A-11R-A14D-07,0.946176604232788,1
TCGA-B6-A0IG-01A-11R-A034-07,0.6478156847863145,1
TCGA-AC-A5EH-01A-11R-A28M-07,0.6137000351142008,1
TCGA-LL-A7SZ-01A-32R-A352-07,0.35320005469314614,1
TCGA-A7-A26J-01A-11R-A169-07,0.8383662341677868,1
TCGA-E9-A22H-01A-11R-A157-07,0.7033585837162307,1
TCGA-BH-A208-01A-11R-A157-07,0.4655157376884057,1
TCGA-BH-A6R9-01A-21R-A32P-07,0.2538024132082817,1
TCGA-OL-A5S0-01A-11R-A28M-07,0.5775583525338926,1
TCGA-A1-A0SD-01A-11R-A115-07,0.9365217832041488,1
TCGA-AO-A0JB-01A-11R-A32Y-07,0.35126986413588485,1
TCGA-E2-A1BD-01A-11R-A12P-07,0.8701168097628598,1
TCGA-AN-A0AS-01A-11R-A00Z-07,0.7967488439952009,1
TCGA-A7-A13G-01A-11R-A13Q-07,0.3385938752662952,1
TCGA-B6-A0RS-01A-11R-A084-07,0.49343112176214254,1
TCGA-A2-A4S0-01A-21R-A266-07,0.635741836816536,0
TCGA-BH-A1F5-01A-12R-A13Q-07,0.527974718062718,1
TCGA-A2-A0CX-01A-21R-A00Z-07,0.6837431648833887,1
TCGA-A7-A13D-01A-13R-A12P-07,0.6616482020369544,0
TCGA-AN-A03Y-01A-21R-A00Z-07,0.5062556203540063,1
TCGA-E9-A1ND-01A-11R-A144-07,0.6614370296633187,0
TCGA-EW-A1P5-01A-11R-A144-07,0.8083815777369753,1
TCGA-EW-A423-01A-11R-A24H-07,0.5532916226332624,1
TCGA-A7-A5ZV-01A-11R-A28M-07,0.3636080694271873,1
TCGA-C8-A8HP-01A-11R-A36F-07,0.46046143423403557,1
TCGA-AQ-A54O-01A-11R-A266-07,0.2671432260165967,1
TCGA-E9-A5FK-01A-11R-A27Q-07,0.6245821855461479,1
TCGA-D8-A142-01A-11R-A115-07,0.6819413333261105,1
TCGA-BH-A0BC-01A-22R-A084-07,0.886106903050036,1
TCGA-A2-A0EY-01A-11R-A034-07,0.6636349878005496,1
TCGA-D8-A1J8-01A-11R-A13Q-07,0.39581860504354544,1
TCGA-A8-A06Y-01A-21R-A00Z-07,0.7034825169161004,0
TCGA-EW-A1J1-01A-11R-A13Q-07,0.7273713538227455,1
TCGA-BH-A0C0-01A-21R-A056-07,0.643659655291404,0
TCGA-AC-A2FK-01A-12R-A180-07,0.37630070585743547,0
TCGA-A2-A3XV-01A-21R-A239-07,0.09012173032832126,0
TCGA-BH-A0HB-01A-11R-A056-07,0.7057954832365955,1
TCGA-AN-A0XL-01A-11R-A10J-07,0.9137226435775284,1
TCGA-E2-A10B-01A-11R-A10J-07,0.8912245586105704,1
TCGA-A2-A04X-01A-21R-A034-07,0.4723286334410755,1
TCGA-AR-A1AN-01A-11R-A12P-07,0.8957947353524311,1
TCGA-A2-A0EM-01A-11R-A034-07,0.8933272749265947,0
TCGA-B6-A0WS-01A-11R-A115-07,0.9200687838286066,1
TCGA-D8-A1XD-01A-11R-A14D-07,0.6419590984646222,1
TCGA-A8-A091-01A-11R-A00Z-07,0.697626362400153,1
TCGA-E9-A2JS-01A-11R-A180-07,0.5820898912292158,0
TCGA-A2-A1G1-01A-21R-A13Q-07,0.45081641080436285,1
TCGA-E9-A22B-01A-11R-A157-07,0.798962877798169,0
TCGA-D8-A27G-01A-11R-A16F-07,0.9216671195522451,1
TCGA-A7-A13E-01A-11R-A12P-07,0.5538352123277321,1
TCGA-BH-A0AY-01A-21R-A00Z-07,0.89330804333927,0
TCGA-E2-A1L7-01A-11R-A144-07,0.5782570886017697,1
TCGA-AN-A046-01A-21R-A034-07,0.8672756640076009,0
TCGA-AN-A0AL-01A-11R-A00Z-07,0.6301922370911653,0
TCGA-D8-A27K-01A-11R-A16F-07,0.8856022614821962,1
TCGA-BH-A0DO-01B-11R-A12D-07,0.8631538760332752,0
TCGA-A7-A4SB-01A-21R-A266-07,0.7087753730522683,0
TCGA-EW-A6SB-01A-12R-A32P-07,0.4951440508584544,1
TCGA-D8-A1JM-01A-11R-A13Q-07,0.3857374634910805,1
TCGA-OL-A66J-01A-11R-A29R-07,0.8342626934824158,1
TCGA-D8-A13Y-01A-11R-A115-07,0.2594816167378218,1
TCGA-AR-A24N-01A-11R-A169-07,0.6575529250661328,1
TCGA-BH-A0B1-01A-12R-A056-07,0.8082076466428556,1
TCGA-B6-A0RN-01A-12R-A084-07,0.8961357217976055,1
TCGA-A2-A0T1-01A-21R-A084-07,0.589684239464474,1
TCGA-AN-A0AM-01A-11R-A034-07,0.5328031679054261,1
TCGA-E2-A1LA-01A-11R-A144-07,0.777237005864104,0
TCGA-JL-A3YW-01A-12R-A239-07,0.41789079660862477,0
TCGA-BH-A0H3-01A-11R-A12P-07,0.8690753069957484,1
TCGA-E2-A1IF-01A-11R-A144-07,0.8592294732541351,1
TCGA-C8-A26X-01A-31R-A16F-07,0.49975957178051333,1
TCGA-A8-A09B-01A-11R-A00Z-07,0.9281381001847303,0
TCGA-A7-A26G-01A-21R-A169-07,0.5662506363234256,1
TCGA-AC-A2FE-01A-11R-A19W-07,0.9307878642549616,1
TCGA-A8-A08G-01A-11R-A00Z-07,0.7643908863336308,0
TCGA-AN-A0FJ-01A-11R-A00Z-07,0.4494403325056395,1
TCGA-B6-A0RV-01A-11R-A084-07,0.9286210444998207,1
TCGA-B6-A0WV-01A-11R-A109-07,0.7163241853502046,1
TCGA-A8-A07P-01A-11R-A00Z-07,0.7655597437634845,1
TCGA-A8-A08H-01A-21R-A00Z-07,0.4702396729279057,1
TCGA-AR-A0TW-01A-11R-A084-07,0.5608703359156127,1
TCGA-E2-A15F-01A-11R-A115-07,0.8388606899600192,1
TCGA-B6-A0WX-01A-11R-A109-07,0.7747464613976983,1
TCGA-D8-A1Y1-01A-21R-A14M-07,0.8178860466637157,1
TCGA-E2-A14Z-01A-11R-A115-07,0.8731948012391958,0
TCGA-A2-A25A-01A-12R-A16F-07,0.7532626482412844,0
TCGA-A2-A0CT-01A-31R-A056-07,0.6133783429235666,1
TCGA-HN-A2OB-01A-21R-A27Q-07,0.8770869760164494,0
TCGA-B6-A0RT-01A-21R-A084-07,0.7487391611340114,1
TCGA-AR-A24T-01A-11R-A169-07,0.8328595217868396,1
TCGA-E9-A1R0-01A-22R-A16F-07,0.9170211160320343,1
TCGA-E9-A5FL-01A-11R-A27Q-07,0.29537371861907297,1
TCGA-E2-A3DX-01A-21R-A213-07,0.8643308797655934,1
TCGA-E2-A14T-01A-11R-A115-07,0.6711317213490761,1
TCGA-A2-A4RY-01A-31R-A266-07,0.5745585120263524,1
TCGA-AR-A2LK-01A-11R-A180-07,0.7585321496506837,1
TCGA-BH-A42U-01A-12R-A24H-07,0.3904109781692977,1
TCGA-AO-A12C-01A-11R-A10J-07,0.858641335372476,0
TCGA-A2-A3XY-01A-11R-A239-07,0.7368036170851574,1
TCGA-D8-A73X-01A-11R-A32P-07,0.9287771779474456,1
TCGA-AR-A2LO-01A-31R-A18M-07,0.9157000402831057,1
TCGA-AO-A0JJ-01A-11R-A056-07,0.9052910059552067,0
TCGA-LD-A74U-01A-13R-A33J-07,0.9316045243238252,1
TCGA-AN-A0XN-01A-21R-A109-07,0.7510824347842716,1
TCGA-E2-A107-01A-11R-A10J-07,0.6942995875302332,1
TCGA-A7-A6VV-01A-22R-A33J-07,0.719880741200724,1
TCGA-AC-A5XS-01A-11R-A29R-07,0.7687495731590146,1
TCGA-BH-A0H6-01A-21R-A056-07,0.8820366551118938,1
TCGA-AC-A23C-01A-12R-A169-07,0.8083621852646752,1
TCGA-E9-A1NH-01A-11R-A14D-07,0.9343688959953158,1
TCGA-D8-A1XW-01A-11R-A14M-07,0.2983503217700964,1
TCGA-AO-A0JG-01A-31R-A084-07,0.7997156944293696,0
TCGA-BH-A18N-01A-11R-A12D-07,0.7243715452770945,1
TCGA-A1-A0SO-01A-22R-A084-07,0.2807228392068809,0
TCGA-BH-A0B5-01A-11R-A12P-07,0.9098253752761473,0
TCGA-A8-A09T-01A-11R-A00Z-07,0.8680512512826601,1
TCGA-BH-A0BR-01A-21R-A115-07,0.7804064866035889,1
TCGA-D8-A27W-01A-11R-A16F-07,0.6240645448953706,1
TCGA-BH-A0BW-01A-11R-A115-07,0.5378158195126761,1
TCGA-GM-A2DB-01A-31R-A18M-07,0.3171596504534675,0
TCGA-AC-A2QH-01A-11R-A18M-07,0.12767395865870665,1
TCGA-D8-A1JB-01A-11R-A13Q-07,0.8996426763128689,1
TCGA-BH-A1ES-01A-11R-A137-07,0.7524639826544932,1
TCGA-OL-A97C-01A-32R-A41B-07,0.472800464271521,1
TCGA-A2-A0YF-01A-21R-A109-07,0.7719972197587734,1
TCGA-D8-A1XS-01A-11R-A14M-07,0.7578100393652868,1
TCGA-D8-A140-01A-11R-A115-07,0.7999280896310828,1
TCGA-A8-A09Q-01A-11R-A00Z-07,0.7165737858249569,1
TCGA-B6-A0I1-01A-11R-A21T-07,0.3837437132745722,1
TCGA-AO-A0JE-01A-11R-A056-07,0.6528573853071485,1
TCGA-A2-A1FW-01A-11R-A13Q-07,0.3823827241810083,1
TCGA-D8-A1XY-01A-11R-A14M-07,0.8114917482005126,1
TCGA-A2-A04R-01A-41R-A109-07,0.6492517755442195,0
TCGA-A2-A1FX-01A-11R-A13Q-07,0.6623729402452482,1
TCGA-A8-A07W-01A-11R-A00Z-07,0.6949547185988582,1
TCGA-D8-A1XK-01A-21R-A14M-07,0.4394031499962633,1
TCGA-D8-A3Z5-01A-41R-A24H-07,0.7236852515073215,1
TCGA-LL-A5YM-01A-11R-A28M-07,0.18590287746268822,1
TCGA-B6-A0IJ-01A-11R-A034-07,0.6011634249709304,0
TCGA-A8-A06N-01A-11R-A00Z-07,0.2579883482176797,1
TCGA-GM-A2DM-01A-11R-A180-07,0.8101899850640296,1
TCGA-E2-A15D-01A-11R-A115-07,0.9066965440047404,1
TCGA-B6-A1KI-01A-11R-A14M-07,0.8476767636436419,1
TCGA-D8-A1JS-01A-11R-A13Q-07,0.4358826181432862,1
TCGA-PE-A5DD-01A-12R-A27Q-07,0.7965100207244232,1
TCGA-BH-A0BG-01A-11R-A115-07,0.7274937434322805,1
TCGA-LL-A6FQ-01A-11R-A31O-07,0.3253840790913607,0
TCGA-E2-A1IN-01A-11R-A13Q-07,0.9495201321161554,1
TCGA-A8-A06T-01A-11R-A00Z-07,0.7288010723762608,1
TCGA-B6-A402-01A-11R-A239-07,0.5313785658294198,1
TCGA-E2-A9RU-01A-11R-A41B-07,0.3401153627255527,1
TCGA-A2-A3XW-01A-11R-A239-07,0.22342174533592674,1
TCGA-B6-A0RU-01A-11R-A084-07,0.7282287713182353,0
TCGA-A8-A086-01A-11R-A00Z-07,0.869468005057627,1
TCGA-B6-A40C-01A-11R-A239-07,0.8038719066116355,1
TCGA-D8-A1JF-01A-11R-A13Q-07,0.28975567614703807,1
TCGA-A2-A0T6-01A-11R-A084-07,0.8478069028348515,1
TCGA-BH-A1FG-01A-11R-A13Q-07,0.6842304621809867,0
TCGA-GM-A3NY-01A-11R-A21T-07,0.6659778761554846,1
TCGA-AN-A0AK-01A-21R-A00Z-07,0.43241781592676515,1
TCGA-BH-A1FC-01A-11R-A13Q-07,0.5197876278400546,1
TCGA-E9-A227-01A-11R-A157-07,0.9348941432465072,1
TCGA-BH-A18P-01A-11R-A12D-07,0.5812315328790093,1
TCGA-E2-A15R-01A-11R-A115-07,0.4446764585592027,1
TCGA-BH-A0WA-01A-11R-A109-07,0.7431944312578737,0
TCGA-BH-A42T-01A-11R-A24H-07,0.531242894993627,1
TCGA-AC-A23H-01A-11R-A157-07,0.4620941454971135,1
TCGA-OL-A66I-01A-21R-A29R-07,0.6649088316788748,1
TCGA-S3-AA17-01A-11R-A41B-07,0.6073698638519943,1
TCGA-AR-A1AL-01A-21R-A12P-07,0.8585392588033299,0
TCGA-AC-A2B8-01A-11R-A17B-07,0.9133659984773662,1
TCGA-D8-A1XO-01A-11R-A14M-07,0.8629044614736728,1
TCGA-C8-A26Y-01A-11R-A16F-07,0.37469124302846274,1
TCGA-BH-A0DG-01A-21R-A12P-07,0.8953083147512126,1
TCGA-E9-A243-01A-21R-A169-07,0.5325669799915309,1
TCGA-A2-A04W-01A-31R-A115-07,0.4050238616642924,1
TCGA-A8-A09G-01A-21R-A00Z-07,0.4679111001374002,1
TCGA-BH-A0DI-01A-21R-A12P-07,0.8768573168282434,1
TCGA-E2-A152-01A-11R-A12D-07,0.6247276797605037,1
TCGA-AQ-A7U7-01A-22R-A352-07,0.8147141000792624,1
TCGA-BH-A0BZ-01A-31R-A12P-07,0.7087882657203767,1
TCGA-EW-A1OV-01A-11R-A144-07,0.4995932746945483,1
TCGA-A8-A0A7-01A-11R-A00Z-07,0.5752760370062614,1
TCGA-BH-A1EN-01A-11R-A13Q-07,0.34674298297564216,1
TCGA-E2-A1IE-01A-11R-A13Q-07,0.7740332342799656,1
TCGA-BH-A0HW-01A-11R-A034-07,0.4393543912341047,1
TCGA-BH-A0BJ-01A-11R-A056-07,0.937844644755067,1
TCGA-AO-A03N-01B-11R-A10J-07,0.4580589323349789,1
TCGA-EW-A1P3-01A-11R-A144-07,0.8799624286358398,1
TCGA-B6-A0I2-01A-11R-A034-07,0.5365159195198846,0
TCGA-EW-A1PD-01A-11R-A144-07,0.7980036908136325,1
TCGA-B6-A0IH-01A-11R-A115-07,0.7962495605083545,0
TCGA-E2-A15M-01A-11R-A12D-07,0.717110194358621,1
TCGA-BH-A0H9-01A-11R-A056-07,0.7965493869865029,0
TCGA-BH-A0HL-01A-11R-A10U-07,0.508455629584903,0
TCGA-A8-A07G-01A-11R-A034-07,0.8763283809583506,1
TCGA-E2-A1IL-01A-11R-A14D-07,0.8771305043019362,1
TCGA-AR-A0U4-01A-11R-A109-07,0.586554530812787,1
TCGA-D8-A147-01A-11R-A115-07,0.6570652143853757,1
TCGA-BH-A0HY-01A-11R-A056-07,0.5447041862798834,1
TCGA-D8-A1XT-01A-11R-A14M-07,0.500660636390621,0
TCGA-E2-A14W-01A-11R-A12D-07,0.5673464449532585,1
TCGA-E9-A1RB-01A-11R-A157-07,0.5653419114047155,1
TCGA-LL-A5YL-01A-12R-A29R-07,0.6073203607524246,0
TCGA-WT-AB41-01A-11R-A41B-07,0.3341825103586751,1
TCGA-A8-A09Z-01A-11R-A00Z-07,0.31658918471829073,0
TCGA-AN-A0FX-01A-11R-A034-07,0.7758911599273255,1
TCGA-B6-A409-01A-11R-A24H-07,0.5737914892822683,1
TCGA-EW-A1PG-01A-11R-A144-07,0.3727451609112614,1
TCGA-OL-A6VR-01A-32R-A33J-07,0.7282966756134861,1
TCGA-BH-A1FN-01A-11R-A13Q-07,0.5223134909819432,1
TCGA-AR-A2LR-01A-12R-A18M-07,0.5549898363726373,1
TCGA-A7-A5ZX-01A-12R-A29R-07,0.854602847889349,1
TCGA-LL-A73Y-01A-11R-A33J-07,0.6816878376098687,1
TCGA-A2-A25D-01A-12R-A16F-07,0.7967857808810842,0
TCGA-BH-A0C7-01B-11R-A115-07,0.6907791260255289,1
TCGA-E2-A570-01A-11R-A29R-07,0.894656365920635,1
TCGA-BH-A1FL-01A-11R-A13Q-07,0.8653295888049082,1
TCGA-A1-A0SG-01A-11R-A144-07,0.8795570991520482,1
TCGA-A8-A07U-01A-11R-A034-07,0.7301726974117404,0
TCGA-E2-A15L-01A-11R-A12D-07,0.8774847645165889,1
TCGA-E9-A1R4-01A-21R-A14D-07,0.686829215989758,0
TCGA-AR-A0TS-01A-11R-A115-07,0.7227515883679403,1
TCGA-E2-A10F-01A-11R-A10J-07,0.9591781014606079,1
TCGA-AO-A128-01A-11R-A10J-07,0.5458515646235041,1
TCGA-AR-A0U3-01A-11R-A109-07,0.687274746837129,1
TCGA-BH-A0DL-01A-11R-A115-07,0.5641033396105878,1
TCGA-A7-A0D9-01A-31R-A056-07,0.6752028940434681,1
TCGA-AN-A0FD-01A-11R-A034-07,0.8121259826852999,1
TCGA-A2-A0YK-01A-22R-A109-07,0.6252246701897016,1
TCGA-BH-A1FH-01A-12R-A13Q-07,0.7535754854398834,1
TCGA-C8-A12T-01A-11R-A115-07,0.5916203550401857,1
TCGA-B6-A2IU-01A-32R-A18M-07,0.811632523506413,1
TCGA-4H-AAAK-01A-12R-A41B-07,0.9365918318729904,1
TCGA-E2-A1IU-01A-11R-A14D-07,0.906808774674273,0
TCGA-3C-AALK-01A-11R-A41B-07,0.9260649465947414,1
TCGA-D8-A27M-01A-11R-A16F-07,0.6269619514827315,1
TCGA-E2-A56Z-01A-12R-A29R-07,0.5497995894867227,1
TCGA-AO-A1KQ-01A-11R-A13Q-07,0.6888689891950464,1
TCGA-AR-A2LE-01A-11R-A180-07,0.8123887863091719,1
TCGA-E2-A1BC-01A-11R-A12P-07,0.7827581844446765,1
TCGA-BH-A0E6-01A-11R-A034-07,0.5563133302440623,1
TCGA-AO-A0J2-01A-11R-A034-07,0.3479661080655188,1
TCGA-A7-A6VX-01A-12R-A33J-07,0.6677694574085647,0
TCGA-E2-A1LI-01A-12R-A157-07,0.6742901575645971,0
TCGA-AR-A1AT-01A-11R-A12P-07,0.6659675775460074,1
TCGA-A7-A426-01A-22R-A24H-07,0.8591511704532132,1
TCGA-A2-A25C-01A-11R-A169-07,0.6276212935713315,1
TCGA-B6-A0RL-01A-11R-A084-07,0.2099276501973262,1
TCGA-OK-A5Q2-01A-11R-A27Q-07,0.929986943975118,1
TCGA-E9-A244-01A-11R-A169-07,0.5546117656223004,1
TCGA-E9-A1R6-01A-11R-A14D-07,0.7611827879206534,1
TCGA-BH-A8G0-01A-11R-A352-07,0.8408936212578365,1
TCGA-EW-A1IZ-01A-11R-A13Q-07,0.7808817250248331,0
TCGA-AO-A0J5-01A-11R-A034-07,0.8592120831884712,1
TCGA-E2-A1AZ-01A-11R-A12P-07,0.6295952123512496,1
TCGA-B6-A0RE-01A-11R-A056-07,0.725921719832648,1
TCGA-A7-A4SE-01A-11R-A266-07,0.6875005470409142,0
TCGA-LL-A740-01A-21R-A32P-07,0.6541072671202693,1
TCGA-A8-A07R-01A-21R-A034-07,0.44142547861907044,0
TCGA-S3-AA10-01A-21R-A41B-07,0.6379237621567132,1
TCGA-A7-A4SF-01A-11R-A266-07,0.2874319105856242,0
TCGA-A7-A0CG-01A-12R-A056-07,0.8568830109933598,0
TCGA-E2-A1LS-01A-12R-A157-07,0.25720243269724,1
TCGA-AR-A24P-01A-11R-A169-07,0.8733800181914776,0
TCGA-E9-A54Y-01A-11R-A466-07,0.11012608211070121,1
TCGA-AO-A0JA-01A-11R-A056-07,0.8622970698617795,1
TCGA-A8-A08A-01A-11R-A32Y-07,0.8802733833182345,1
TCGA-AR-A24V-01A-21R-A169-07,0.8246395236688054,1
TCGA-A2-A0CO-01A-13R-A22K-07,0.7657227426722597,1
TCGA-E2-A15I-01A-21R-A137-07,0.7399128779064608,0
TCGA-A2-A0SU-01A-11R-A084-07,0.8189294371794009,0
TCGA-AC-A3OD-01A-11R-A21T-07,0.3877379190957674,1
TCGA-AC-A3YJ-01A-11R-A22U-07,0.5962813649959932,0
TCGA-AR-A0TZ-01A-12R-A084-07,0.6826186349993209,1
TCGA-A2-A0D3-01A-11R-A115-07,0.7415433418430173,1
TCGA-BH-A18L-01A-32R-A12D-07,0.4649113334746338,1
TCGA-EW-A2FW-01A-11R-A17B-07,0.6026282163256467,1
TCGA-A2-A0YL-01A-21R-A109-07,0.9148444181830451,1
TCGA-E9-A54X-01A-11R-A266-07,0.38133910192901405,1
TCGA-BH-A18F-01A-11R-A12D-07,0.9239038309607006,1
TCGA-W8-A86G-01A-21R-A36F-07,0.7820884219939951,1
TCGA-A8-A08T-01A-21R-A00Z-07,0.8627788858388469,1
TCGA-BH-A1EX-01A-11R-A13Q-07,0.8157451481069948,0
TCGA-A8-A08O-01A-21R-A056-07,0.9007636922836011,0
TCGA-AC-A6IX-01A-12R-A32P-07,0.9414322563793118,1
TCGA-C8-A27B-01A-11R-A169-07,0.49056094026382324,1
TCGA-PL-A8LZ-01A-31R-A36F-07,0.7497283382924544,1
TCGA-AR-A1AQ-01A-11R-A12P-07,0.7853632493491794,1
TCGA-BH-A1FU-01A-11R-A14D-07,0.5861012465291533,1
TCGA-A2-A0SY-01A-31R-A084-07,0.9320495861875921,1
TCGA-BH-A1EW-01A-11R-A137-07,0.7701808763365017,1
TCGA-GM-A3NW-01A-21R-A22K-07,0.7574296372402916,0
TCGA-BH-A0W4-01A-11R-A109-07,0.9389650131215601,1
TCGA-AR-A1AS-01A-11R-A12P-07,0.7804127134249038,0
TCGA-EW-A1J6-01A-11R-A13Q-07,0.41053034232083124,1
TCGA-AC-A6NO-01A-12R-A33J-07,0.8286710145963299,1
TCGA-A7-A0CE-01A-11R-A00Z-07,0.6312331996686033,0
TCGA-BH-A6R8-01A-21R-A33J-07,0.5939219476968884,1
TCGA-EW-A1OY-01A-11R-A144-07,0.7633148409264803,1
TCGA-BH-A0BS-01A-11R-A12P-07,0.7625514450414222,0
TCGA-A7-A6VY-01A-12R-A33J-07,0.6911407967783336,1
TCGA-A2-A0CK-01A-11R-A22K-07,0.8754403176455721,0
TCGA-AO-A12H-01A-11R-A115-07,0.7432008657604275,0
TCGA-C8-A12L-01A-11R-A115-07,0.4103012163508261,1
TCGA-A1-A0SQ-01A-21R-A144-07,0.630877012176431,1
TCGA-A7-A56D-01A-11R-A27Q-07,0.2320199417958419,1
TCGA-A8-A09I-01A-22R-A034-07,0.6380646341124269,1
TCGA-BH-A0DH-01A-11R-A084-07,0.7713489447956218,1
TCGA-B6-A0X0-01A-21R-A115-07,0.8401320383090181,1
TCGA-S3-AA12-01A-11R-A41B-07,0.584112454242922,1
TCGA-E2-A159-01A-11R-A115-07,0.7772244133548191,1
TCGA-D8-A27V-01A-12R-A17B-07,0.8095796016310757,1
TCGA-D8-A1JT-01A-31R-A13Q-07,0.3391699782080858,1
TCGA-C8-A138-01A-11R-A115-07,0.500160285486521,1
TCGA-AO-A0J6-01A-11R-A034-07,0.6185374619838344,1
TCGA-AR-A24R-01A-11R-A169-07,0.7314849460273151,1
TCGA-AR-A0TY-01A-12R-A115-07,0.4090221349033357,1
TCGA-E9-A1QZ-01A-21R-A169-07,0.8565017834780909,1
TCGA-AR-A24W-01A-11R-A169-07,0.7300680420145583,0
TCGA-LL-A5YP-01A-21R-A28M-07,0.759275183768339,1
TCGA-B6-A0WY-01A-11R-A109-07,0.9096508044104532,1
TCGA-GM-A2DC-01A-11R-A18M-07,0.503499428994567,1
TCGA-A2-A4S2-01A-12R-A266-07,0.8787750408917419,1
TCGA-A8-A09X-01A-11R-A00Z-07,0.4689623164983211,1
TCGA-OL-A5RV-01A-12R-A28M-07,0.9102360865935222,1
TCGA-E2-A14P-01A-31R-A12D-07,0.3446989684095981,1
TCGA-C8-A8HQ-01A-11R-A36F-07,0.7197246605107454,1
TCGA-AR-A0TP-01A-11R-A084-07,0.4781596031593393,1
TCGA-A8-A09A-01A-11R-A00Z-07,0.8277260829240243,1
TCGA-A8-A08L-01A-11R-A00Z-07,0.47238804430735637,1
TCGA-A8-A08F-01A-11R-A00Z-07,0.6592719560672436,1
TCGA-GI-A2C9-01A-11R-A21T-07,0.7459246133506875,1
TCGA-A2-A0SW-01A-11R-A084-07,0.6837320142845845,1
TCGA-LD-A7W5-01A-22R-A352-07,0.7495289009150703,0
TCGA-D8-A27R-01A-11R-A16F-07,0.7423749437924314,1
TCGA-AO-A0JM-01A-21R-A056-07,0.6737353522077626,1
TCGA-GM-A2D9-01A-11R-A18M-07,0.8454598022874424,1
TCGA-D8-A1XU-01A-11R-A14M-07,0.8616676069364084,1
TCGA-AO-A1KT-01A-11R-A13Q-07,0.7280300915983947,1
TCGA-C8-A12P-01A-11R-A115-07,0.430078668018581,1
TCGA-LL-A6FR-01A-12R-A31O-07,0.2978001705697954,0
TCGA-AR-A1AJ-01A-21R-A12P-07,0.7435853244133188,1
TCGA-A8-A09D-01A-11R-A00Z-07,0.7739383623169331,1
TCGA-S3-A6ZF-01A-32R-A32P-07,0.7770057004950591,0
TCGA-E2-A150-01A-11R-A12D-07,0.5865438964481305,1
TCGA-BH-A18U-01A-21R-A12D-07,0.6582194459950269,1
TCGA-BH-A0GY-01A-11R-A056-07,0.7361280502246736,1
TCGA-AQ-A54N-01A-11R-A266-07,0.2583028299957035,1
TCGA-C8-A273-01A-11R-A16F-07,0.7680202752625077,1
TCGA-S3-AA14-01A-11R-A41B-07,0.8781413191980156,1
TCGA-A7-A2KD-01A-31R-A21T-07,0.6998544555250505,1
TCGA-C8-A131-01A-11R-A115-07,0.6083487534283418,1
TCGA-E2-A576-01A-11R-A31O-07,0.40940358042731645,1
TCGA-A2-A0T4-01A-31R-A084-07,0.9324755549854109,1
TCGA-A2-A04V-01A-21R-A034-07,0.8793396896050122,0
TCGA-AR-A0U0-01A-11R-A109-07,0.5885038915457724,1
TCGA-BH-A0BO-01A-23R-A12D-07,0.657517216806945,1
TCGA-A2-A3KC-01A-11R-A213-07,0.9245441462591788,0
TCGA-BH-A18T-01A-11R-A12D-07,0.4587778919730622,0
TCGA-EW-A1J2-01A-21R-A13Q-07,0.8990802323734299,1
TCGA-A8-A084-01A-21R-A00Z-07,0.6317398623516896,1
TCGA-A8-A08X-01A-21R-A00Z-07,0.6243548507962748,1
TCGA-GM-A2DH-01A-11R-A180-07,0.48005214962301906,1
TCGA-D8-A27L-01A-11R-A16F-07,0.937390272537367,1
TCGA-A7-A3IZ-01A-11R-A213-07,0.6795527990146643,1
TCGA-AN-A04D-01A-21R-A034-07,0.33877953814224976,1
TCGA-5L-AAT0-01A-12R-A41B-07,0.9278554222498615,1
TCGA-AR-A1AU-01A-11R-A12P-07,0.8755753240342979,1
TCGA-AC-A6IV-01A-12R-A33J-07,0.8830852774656545,1
TCGA-E2-A15C-01A-31R-A12D-07,0.8811424265614394,1
TCGA-AO-A1KP-01A-11R-A13Q-07,0.3642942150203453,1
TCGA-E2-A15G-01A-11R-A12D-07,0.8489237747181295,1
TCGA-A2-A3KD-01A-12R-A213-07,0.8989051415967085,0
TCGA-D8-A1X5-01A-11R-A14D-07,0.5863795645283827,1
TCGA-AQ-A04L-01B-21R-A10J-07,0.5589075495035783,1
TCGA-A8-A096-01A-11R-A00Z-07,0.7333096833467471,1
TCGA-A2-A0YH-01A-11R-A109-07,0.767975355021809,1
TCGA-AN-A0FW-01A-11R-A034-07,0.7245649199396467,1
TCGA-D8-A27H-01A-11R-A16F-07,0.5331560533537953,0
TCGA-OL-A6VQ-01A-12R-A41B-07,0.8870795316686656,1
TCGA-A7-A4SA-01A-11R-A266-07,0.8455621717922891,0
TCGA-C8-A274-01A-11R-A16F-07,0.6387157756713608,1
TCGA-E2-A15J-01A-11R-A12P-07,0.8056817962149438,1
TCGA-BH-A0B3-01A-11R-A056-07,0.8052743026950009,1
TCGA-E2-A153-01A-12R-A12D-07,0.9394903070485786,1
TCGA-WT-AB44-01A-11R-A41B-07,0.45642001025047846,1
TCGA-B6-A0RQ-01A-11R-A115-07,0.5067864083182414,1
TCGA-A2-A0YM-01A-11R-A109-07,0.5405855538202404,1
TCGA-C8-A1HI-01A-11R-A137-07,0.7948473213470227,1
TCGA-AC-A3TM-01A-11R-A22K-07,0.46974697004502103,1
TCGA-A7-A0CD-01A-11R-A00Z-07,0.733490391401387,0
TCGA-D8-A145-01A-11R-A115-07,0.9296118657349479,1
TCGA-BH-A0EB-01A-11R-A034-07,0.9133547374162385,1
TCGA-AR-A0TV-01A-21R-A084-07,0.46941647982963636,1
TCGA-E2-A15P-01A-11R-A115-07,0.8857377252316865,1
TCGA-A2-A04T-01A-21R-A034-07,0.6279465122047907,1
TCGA-E9-A2JT-01A-22R-A18M-07,0.6758986980142734,1
TCGA-OL-A5RW-01A-11R-A28M-07,0.35273675903744645,0
TCGA-PL-A8LV-01A-21R-A41B-07,0.5798632077178238,1
TCGA-BH-A18M-01A-11R-A12D-07,0.9533408309317285,1
TCGA-D8-A27N-01A-11R-A16F-07,0.6797989978134306,1
TCGA-C8-A3M8-01A-11R-A213-07,0.703478967965038,1
TCGA-B6-A0WW-01A-11R-A109-07,0.7020869338041898,1
TCGA-E9-A3X8-01A-31R-A22U-07,0.3624960205105087,1
TCGA-C8-A133-01A-32R-A12D-07,0.4429931302070951,0
TCGA-D8-A1X6-01A-11R-A14M-07,0.5009028600361027,1
TCGA-A2-A04P-01A-31R-A034-07,0.49245653256941696,1
TCGA-E9-A1N3-01A-12R-A157-07,0.6958339230865161,1
TCGA-AN-A0XP-01A-11R-A109-07,0.8688825988355,1
TCGA-E2-A1LK-01A-21R-A14D-07,0.40667589091240064,0
TCGA-C8-A132-01A-31R-A115-07,0.8586799527006207,1
TCGA-PE-A5DE-01A-11R-A27Q-07,0.8846691431325459,1
TCGA-EW-A6SC-01A-12R-A32P-07,0.8929357609128333,1
TCGA-BH-A0EI-01A-11R-A115-07,0.8697744528621242,1
TCGA-A8-A08I-01A-11R-A00Z-07,0.5446498795248037,0
TCGA-AO-A124-01A-11R-A10J-07,0.509389255377539,0
TCGA-AN-A0XR-01A-11R-A109-07,0.5659215631878219,1
TCGA-BH-A204-01A-11R-A157-07,0.29787792474972286,0
TCGA-AN-A0FF-01A-11R-A034-07,0.8055371748843405,1
TCGA-A2-A0T3-01A-21R-A115-07,0.5893680333056197,1
TCGA-B6-A0RI-01A-11R-A056-07,0.9065104273560793,1
TCGA-AO-A03R-01A-21R-A034-07,0.39735448716983857,1
TCGA-E9-A1RA-01A-11R-A14D-07,0.9259302046040921,1
TCGA-AN-A0XV-01A-11R-A109-07,0.9076042712294555,1
TCGA-E9-A1RI-01A-11R-A169-07,0.8874249714115761,1
TCGA-A8-A07J-01A-11R-A00Z-07,0.8454709537686166,0
TCGA-AC-A6IW-01A-12R-A33J-07,0.5351362134922529,1
TCGA-3C-AALJ-01A-31R-A41B-07,0.5303855800600186,1
TCGA-AN-A0XS-01A-22R-A109-07,0.9105197221686687,1
TCGA-E9-A226-01A-21R-A157-07,0.4965064238315445,1
TCGA-C8-A12K-01A-21R-A115-07,0.6772325444594992,0
TCGA-BH-A202-01A-11R-A14M-07,0.588575325934879,0
TCGA-OL-A66H-01A-11R-A29R-07,0.7933386022064786,1
TCGA-E9-A1N9-01A-11R-A14D-07,0.5517770284626744,0
TCGA-A2-A0T2-01A-11R-A084-07,0.5473912760901726,1
TCGA-BH-A18H-01A-11R-A12D-07,0.8166282586795146,1
TCGA-UU-A93S-01A-21R-A41B-07,0.1794998531523022,1
TCGA-B6-A0RO-01A-22R-A084-07,0.6399629452626024,1
TCGA-E2-A10E-01A-21R-A10J-07,0.863904909187961,1
TCGA-A7-A4SC-01A-12R-A266-07,0.833166970266113,1
TCGA-B6-A0WZ-01A-11R-A109-07,0.8101430622107576,1
TCGA-A7-A6VW-01A-21R-A33J-07,0.4580782614467355,1
TCGA-E2-A1B5-01A-21R-A12P-07,0.7825071467338444,1
TCGA-A8-A092-01A-11R-A00Z-07,0.7293579618975174,1
TCGA-C8-A1HK-01A-21R-A13Q-07,0.3342518956100563,1
TCGA-BH-A0W3-01A-11R-A109-07,0.6007581679860606,1
TCGA-A7-A0CH-01A-21R-A00Z-07,0.9283546205789858,1
TCGA-AR-A1AX-01A-11R-A12P-07,0.8706299308835375,1
TCGA-EW-A1P0-01A-11R-A144-07,0.5456588669623755,1
TCGA-E9-A1NI-01A-11R-A14D-07,0.8374752112899939,1
TCGA-AO-A12E-01A-11R-A10J-07,0.8968498078497178,1
TCGA-D8-A1XJ-01A-11R-A14M-07,0.48062626001997283,1
TCGA-B6-A0I6-01A-11R-A034-07,0.6663944120115585,1
TCGA-E9-A1RH-01A-21R-A169-07,0.22363526324644473,1
TCGA-BH-A18Q-01A-12R-A12D-07,0.6991109727910894,1
TCGA-AO-A0JI-01A-21R-A056-07,0.5658816985271372,1
TCGA-A2-A0CL-01A-11R-A115-07,0.5394626527782933,1
TCGA-E2-A155-01A-11R-A12D-07,0.4157453900409041,1
TCGA-B6-A0I8-01A-11R-A034-07,0.6729987083272505,0
TCGA-E2-A14X-01A-11R-A115-07,0.7072286433257055,0
TCGA-AC-A3YI-01A-21R-A239-07,0.5155355548301679,1
TCGA-AR-A1AI-01A-11R-A12P-07,0.513975263792023,1
TCGA-D8-A1JK-01A-11R-A13Q-07,0.5851978577595326,1
TCGA-BH-A0C3-01A-21R-A12P-07,0.6536359464196451,1
TCGA-A8-A09C-01A-11R-A00Z-07,0.7699213745361784,1
TCGA-LL-A50Y-01A-11R-A266-07,0.5934189215931811,1
TCGA-BH-A0B0-01A-21R-A115-07,0.8948851983181608,0
TCGA-OL-A66L-01A-12R-A31O-07,0.41456303007786005,1
TCGA-BH-A0AW-01A-11R-A056-07,0.6095763216572087,1
TCGA-D8-A1X8-01A-11R-A14M-07,0.9139322649499674,1
TCGA-D8-A1JE-01A-11R-A13Q-07,0.5304989350410512,1
TCGA-BH-A1EO-01A-11R-A137-07,0.7797029095578046,1
TCGA-BH-A0HU-01A-11R-A034-07,0.6177549751779245,1
TCGA-BH-A0H7-01A-13R-A056-07,0.7657987523820591,1
TCGA-E9-A22D-01A-11R-A157-07,0.6358423117569334,1
TCGA-3C-AAAU-01A-11R-A41B-07,0.6036166455300123,1
TCGA-BH-A1FJ-01A-11R-A13Q-07,0.5937516448150169,1
TCGA-A8-A06P-01A-11R-A00Z-07,0.9321111679083247,1
TCGA-A2-A25B-01A-11R-A169-07,0.5829009687888492,1
TCGA-AC-A2BM-01A-11R-A21T-07,0.6272763363079288,1
TCGA-E9-A6HE-01A-11R-A31O-07,0.5556249466075932,1
TCGA-AO-A03O-01A-11R-A00Z-07,0.5419767408559865,1
TCGA-A2-A0EU-01A-22R-A056-07,0.8068964312271908,1
TCGA-A8-A06O-01A-11R-A00Z-07,0.7789147593211908,1
TCGA-BH-A0BT-01A-11R-A12P-07,0.7243153751657667,1
TCGA-A2-A0YT-01A-11R-A109-07,0.6501102033859901,1
TCGA-E2-A14R-01A-11R-A115-07,0.584244227474262,1
TCGA-B6-A0IC-01A-11R-A034-07,0.6136556305701665,0
TCGA-AC-A5XU-01A-11R-A28M-07,0.7074221061426361,1
TCGA-AR-A250-01A-31R-A169-07,0.7036441957914696,0
TCGA-D8-A1XZ-01A-11R-A14M-07,0.6163574238560968,1
TCGA-B6-A0I9-01A-11R-A034-07,0.4250693675777271,1
TCGA-B6-A0IA-01A-11R-A034-07,0.3779728260759767,1
TCGA-E2-A14N-01A-31R-A137-07,0.4633559507235148,0
TCGA-PL-A8LY-01A-11R-A41B-07,0.528547527468913,1
TCGA-LL-A441-01A-11R-A24H-07,0.4794667731511441,1
TCGA-A8-A08S-01A-11R-A034-07,0.6345870986852724,0
TCGA-A8-A09V-01A-11R-A034-07,0.7435111166807913,1
TCGA-BH-A209-01A-11R-A157-07,0.5491871461346741,1
TCGA-GM-A5PX-01A-12R-A28M-07,0.8093841513136827,1
TCGA-A8-A085-01A-11R-A00Z-07,0.4627370103302914,1
TCGA-A2-A25E-01A-11R-A169-07,0.7171622558134271,0
TCGA-D8-A1JG-01B-11R-A13Q-07,0.4064780003242916,1
TCGA-AC-A2FO-01A-11R-A180-07,0.9288772294362801,1
TCGA-B6-A3ZX-01A-11R-A239-07,0.6973654903915529,1
TCGA-AN-A0FT-01A-11R-A034-07,0.6577906899768139,1
TCGA-AQ-A04H-01B-11R-A10J-07,0.5665021125484371,1
TCGA-AR-A1AR-01A-31R-A137-07,0.5034942841489832,1
TCGA-A2-A0CS-01A-11R-A115-07,0.8654547370275718,1
TCGA-A2-A1FZ-01A-51R-A14D-07,0.9129884925105477,1
TCGA-AC-A8OQ-01A-11R-A41B-07,0.698245437500435,1
TCGA-AR-A0TR-01A-11R-A084-07,0.515423157466101,1
TCGA-C8-A12M-01A-11R-A115-07,0.3404664342830173,1
TCGA-A1-A0SM-01A-11R-A084-07,0.7514258251095343,1
TCGA-BH-A1ET-01A-11R-A137-07,0.833304175014166,1
TCGA-A8-A0A1-01A-11R-A00Z-07,0.9089752045810775,1
TCGA-C8-A1HG-01A-11R-A137-07,0.4924775954114863,1
TCGA-E9-A1NF-01A-11R-A14D-07,0.5983992533341466,1
TCGA-A2-A0D4-01A-11R-A00Z-07,0.5484698798091864,1
TCGA-BH-A2L8-01A-11R-A18M-07,0.8954583978365099,1
TCGA-A8-A093-01A-11R-A00Z-07,0.8506980504582996,1
TCGA-D8-A1Y3-01A-11R-A157-07,0.2600362878713353,1
TCGA-AR-A1AY-01A-21R-A12P-07,0.5457764420037231,1
TCGA-AO-A12F-01A-11R-A115-07,0.5896339608057141,1
TCGA-AN-A0FL-01A-11R-A034-07,0.3084502587110974,1
TCGA-AR-A0TQ-01A-11R-A084-07,0.6449242495482173,1
TCGA-A2-A0CP-01A-11R-A034-07,0.8673071315449432,0
TCGA-AO-A129-01A-21R-A10J-07,0.8007350270034191,1
TCGA-D8-A1JH-01A-11R-A13Q-07,0.9277653483507418,1
TCGA-BH-A18K-01A-11R-A12D-07,0.9265699399760061,1
TCGA-B6-A0IM-01A-11R-A034-07,0.7577993160041864,1
TCGA-AO-A0J4-01A-11R-A034-07,0.7766061956886234,0
TCGA-AR-A1AW-01A-21R-A12P-07,0.521891980073404,1
TCGA-AC-A62Y-01A-11R-A29R-07,0.8044508186782928,0
TCGA-A1-A0SH-01A-11R-A084-07,0.8360454696489626,1
TCGA-A8-A08C-01A-11R-A00Z-07,0.762128977608275,1
TCGA-A2-A3XU-01A-12R-A22U-07,0.20988545782992382,1
TCGA-E2-A1LB-01A-11R-A144-07,0.3475453477299434,1
TCGA-D8-A1JJ-01A-31R-A14M-07,0.7525109182301878,1
TCGA-AN-A049-01A-21R-A00Z-07,0.8229835688955592,1
TCGA-A1-A0SN-01A-11R-A144-07,0.6524986723473568,0
TCGA-EW-A1IW-01A-11R-A13Q-07,0.8731258449152154,1
TCGA-LQ-A4E4-01A-11R-A266-07,0.6607919833268068,1
TCGA-E9-A5UP-01A-11R-A28M-07,0.4221902115814653,0
TCGA-EW-A1IY-01A-11R-A13Q-07,0.39569350838103284,1
TCGA-AN-A0XW-01A-11R-A109-07,0.8535182819082778,1
TCGA-AR-A24S-01A-11R-A169-07,0.6529977392941647,1
TCGA-AR-A2LM-01A-11R-A180-07,0.8235122446423397,1
TCGA-E9-A1NE-01A-21R-A14M-07,0.8479364163556115,1
TCGA-LL-A9Q3-01A-11R-A41B-07,0.4938293793424966,1
TCGA-AC-A8OP-01A-11R-A36F-07,0.8370808720229787,1
TCGA-E2-A572-01A-13R-A31O-07,0.17455554532893086,1
TCGA-B6-A0IP-01A-11R-A034-07,0.9502503685687236,1
TCGA-C8-A135-01A-11R-A115-07,0.5464182244716542,0
TCGA-D8-A1XL-01A-11R-A14M-07,0.6322555844781121,0
TCGA-EW-A1PC-01B-11R-A21T-07,0.415424763451168,0
TCGA-AO-A03M-01B-11R-A10J-07,0.7151510210649268,0
TCGA-AN-A0FN-01A-11R-A034-07,0.7874929327400123,1
TCGA-A7-A4SD-01A-11R-A266-07,0.7378267415427755,1
TCGA-BH-A0HN-01A-11R-A10U-07,0.4987421647570109,1
TCGA-S3-A6ZH-01A-22R-A32P-07,0.5871920450509291,0
TCGA-AC-A3QP-01A-11R-A22U-07,0.7763876013507799,0
TCGA-5L-AAT1-01A-12R-A41B-07,0.8430783056373574,1
TCGA-AN-A0FY-01A-11R-A034-07,0.6052573082380679,0
TCGA-BH-A0BA-01A-11R-A056-07,0.8655509756595535,1
TCGA-A2-A0CU-01A-12R-A034-07,0.8329978751984207,1
TCGA-D8-A143-01A-11R-A115-07,0.4994637471392549,1
TCGA-BH-A0DE-01A-11R-A115-07,0.895732430138921,1
TCGA-A2-A0EO-01A-11R-A034-07,0.9272955976614349,1
TCGA-AO-A0JF-01A-11R-A056-07,0.9026282291952105,1
TCGA-A8-A09E-01A-11R-A00Z-07,0.5488445384992164,1
TCGA-BH-A0AZ-01A-21R-A12P-07,0.9009617147675858,1
TCGA-GM-A2DN-01A-11R-A180-07,0.9310267038204171,1
TCGA-E2-A15T-01A-11R-A115-07,0.5597031604833635,1
TCGA-BH-A1F6-01A-11R-A13Q-07,0.768397222025121,0
TCGA-BH-A0DX-01A-11R-A115-07,0.8985289233305968,1
TCGA-EW-A3U0-01A-11R-A22K-07,0.6679899327180678,0
TCGA-BH-A0DV-01A-21R-A12P-07,0.8353941058384604,1
TCGA-AC-A3TN-01A-11R-A22K-07,0.6136534970854761,1
TCGA-A1-A0SK-01A-12R-A084-07,0.19538911012826465,1
TCGA-B6-A0X5-01A-21R-A109-07,0.25880869270866497,1
TCGA-A2-A0YC-01A-11R-A109-07,0.9137665871111104,0
TCGA-A2-A0CZ-01A-11R-A034-07,0.6548519028040589,0
TCGA-C8-A27A-01A-11R-A169-07,0.3487018599637002,1
TCGA-AR-A1AP-01A-11R-A12P-07,0.8574527354528017,1
TCGA-BH-A0B4-01A-11R-A00Z-07,0.8418623302003655,0
TCGA-BH-A0BV-01A-11R-A00Z-07,0.865617788439376,1
TCGA-AN-A0XO-01A-11R-A109-07,0.9141936944170327,0
TCGA-AC-A2QJ-01A-12R-A19W-07,0.11642734117890453,1
TCGA-GM-A2DD-01A-11R-A180-07,0.47107379810347,0
TCGA-AR-A1AV-01A-21R-A12P-07,0.8096754523728437,1
TCGA-D8-A1XF-01A-11R-A14D-07,0.31629360080485136,1
TCGA-LL-A6FP-01A-11R-A31O-07,0.2801515014880953,1
TCGA-D8-A1XA-01A-11R-A14D-07,0.7071508798348072,1
TCGA-C8-A26V-01A-11R-A16F-07,0.689417282100805,1
TCGA-PE-A5DC-01A-12R-A27Q-07,0.7235629699817243,0
TCGA-E2-A1LH-01A-11R-A14D-07,0.6058769724370977,1
TCGA-BH-A0B9-01A-11R-A056-07,0.5901566031888761,1
TCGA-E9-A1N8-01A-11R-A144-07,0.4468382999072168,1
TCGA-AC-A62V-01A-11R-A31O-07,0.2230376136874602,1
TCGA-EW-A1PH-01A-11R-A14M-07,0.6943697156445814,1
TCGA-AR-A5QP-01A-11R-A28M-07,0.9315870285176909,1
TCGA-BH-A5J0-01A-11R-A27Q-07,0.6770081740143348,1
TCGA-A1-A0SB-01A-11R-A144-07,0.24213603371848363,1
TCGA-B6-A0IK-01A-12R-A056-07,0.5918888913333699,1
TCGA-A8-A06Q-01A-11R-A034-07,0.3623630163244381,0
TCGA-AR-A2LH-01A-31R-A18M-07,0.7166195238631405,1
TCGA-AR-A24Z-01A-11R-A169-07,0.5462072804177687,1
TCGA-Z7-A8R5-01A-42R-A41B-07,0.7202802365762537,1
TCGA-A8-A0A9-01A-11R-A00Z-07,0.8682524441417568,0
TCGA-D8-A1JA-01A-11R-A13Q-07,0.21210206537681223,1
TCGA-AN-A0FK-01A-11R-A034-07,0.7296235722018747,1
TCGA-GM-A2DL-01A-11R-A18M-07,0.8707903444209948,1
TCGA-EW-A1P6-01A-11R-A144-07,0.8169249468170252,1
TCGA-BH-A0EA-01A-11R-A115-07,0.8668152905048576,1
TCGA-BH-A8FY-01A-11R-A36F-07,0.6219706453120274,1
TCGA-E2-A1L9-01A-11R-A13Q-07,0.9019752082580873,1
TCGA-E9-A1R2-01A-11R-A14D-07,0.8247037816410535,1
TCGA-AC-A2FM-01A-11R-A19W-07,0.6209077317755101,1
TCGA-E2-A108-01A-13R-A10J-07,0.6716012328656944,1
TCGA-OL-A66O-01A-11R-A31O-07,0.43313858014874124,0
TCGA-C8-A275-01A-21R-A16F-07,0.4760386987052772,1
TCGA-B6-A0IO-01A-11R-A034-07,0.7911393347317197,1
TCGA-BH-A0HO-01A-11R-A034-07,0.8439815766865243,1
TCGA-EW-A1P8-01A-11R-A144-07,0.6950761890212105,1
TCGA-A2-A0D0-01A-11R-A00Z-07,0.4241124069421281,1
TCGA-A2-A0SX-01A-12R-A084-07,0.7621196712379488,1
TCGA-D8-A27I-01A-11R-A16F-07,0.9422478806168121,0
TCGA-EW-A2FS-01A-11R-A17B-07,0.7502902305357121,0
TCGA-Z7-A8R6-01A-11R-A41B-07,0.6816001899846094,0
TCGA-E2-A15O-01A-11R-A115-07,0.6844057035163278,1
TCGA-V7-A7HQ-01A-11R-A33J-07,0.2934710177798532,1
TCGA-C8-A12W-01A-11R-A115-07,0.7327209994530393,1
TCGA-A7-A3IY-01A-21R-A21T-07,0.8379660100440673,1
TCGA-A8-A08B-01A-11R-A00Z-07,0.4451051610205134,1
TCGA-5T-A9QA-01A-11R-A41B-07,0.3167500024318096,1
TCGA-E2-A106-01A-11R-A10J-07,0.6469783028707582,1
TCGA-E2-A1B6-01A-31R-A12P-07,0.6581022075881566,1
TCGA-AC-A2FF-01A-11R-A17B-07,0.8905069730799327,0
TCGA-EW-A1PA-01A-11R-A144-07,0.7832030831291863,1
TCGA-D8-A27T-01A-11R-A16F-07,0.9548439434949809,1
TCGA-LD-A66U-01A-11R-A31O-07,0.6644046450550265,1
TCGA-A8-A07Z-01A-11R-A00Z-07,0.6754419732641758,1
TCGA-AR-A1AO-01A-11R-A12P-07,0.6413197065057199,1
TCGA-E2-A573-01A-11R-A29R-07,0.7424267725838909,1
TCGA-AC-A2FB-01A-11R-A17B-07,0.8718483599145135,1
TCGA-AN-A0G0-01A-11R-A034-07,0.49455397004148627,1
TCGA-BH-A0H5-01A-21R-A115-07,0.8786109874341318,1
TCGA-A8-A07S-01A-11R-A034-07,0.6891513158187014,1
TCGA-E9-A3QA-01A-61R-A22K-07,0.6440894183228115,1
TCGA-A1-A0SI-01A-11R-A144-07,0.7276628937960486,0
TCGA-A8-A09W-01A-11R-A00Z-07,0.5409816828506663,1
TCGA-BH-A1F0-01A-11R-A137-07,0.6655720255498198,1
TCGA-A2-A0D2-01A-21R-A034-07,0.625656325876136,1
TCGA-OL-A5D8-01A-11R-A27Q-07,0.6956789091259493,1
TCGA-BH-A18G-01A-11R-A12D-07,0.6277875787150596,1
TCGA-A2-A0YI-01A-31R-A10J-07,0.8491385369553301,1
TCGA-A8-A0A4-01A-11R-A00Z-07,0.8853490583791538,1
TCGA-A7-A425-01A-11R-A24H-07,0.7539719237261576,1
TCGA-E9-A22A-01A-11R-A157-07,0.6467477042214901,1
TCGA-A8-A08J-01A-11R-A00Z-07,0.5949676066344808,1
TCGA-A2-A3Y0-01A-11R-A239-07,0.4662754760760202,0
TCGA-AC-A2BK-01A-11R-A21T-07,0.287228108100724,1
TCGA-B6-A0IN-01A-11R-A034-07,0.5118292009807497,0
TCGA-D8-A1JD-01A-11R-A13Q-07,0.8239241580286037,0
TCGA-GM-A2DK-01A-21R-A180-07,0.7701280057850675,1
TCGA-OL-A5RX-01A-11R-A28M-07,0.8986736440704928,1
TCGA-A8-A08Z-01A-21R-A00Z-07,0.8707420211494626,1
TCGA-A2-A0YD-01A-11R-A109-07,0.8954013930761703,1
TCGA-A7-A3J1-01A-11R-A213-07,0.8765407631705098,1
TCGA-BH-A1FD-01A-11R-A13Q-07,0.6527209543839483,1
TCGA-A2-A0D1-01A-11R-A034-07,0.20706959275616105,0
TCGA-BH-A0BL-01A-11R-A115-07,0.8458864280663813,1
TCGA-E2-A1IH-01A-11R-A13Q-07,0.8090302219216103,1
TCGA-AR-A0TU-01A-31R-A109-07,0.407996718993943,1
TCGA-AC-A2FG-01A-11R-A17B-07,0.9271245329190796,1
TCGA-GM-A4E0-01A-12R-A266-07,0.6516213994731997,0
TCGA-AC-A3W7-01A-11R-A22K-07,0.8876511722497914,1
TCGA-A8-A083-01A-21R-A00Z-07,0.6812598897939379,1
TCGA-A2-A0EN-01A-13R-A084-07,0.8886582189198501,1
TCGA-D8-A1Y0-01A-11R-A14M-07,0.825014726113013,0
TCGA-AR-A1AK-01A-21R-A12P-07,0.8978935721148472,1
TCGA-AC-A7VC-01A-11R-A352-07,0.27975258305805817,1
TCGA-A7-A0CJ-01A-21R-A00Z-07,0.48743285437025247,1
TCGA-AO-A03U-01B-21R-A10J-07,0.35582860272100786,1
TCGA-E2-A2P5-01A-11R-A19W-07,0.7213859837368266,1
TCGA-E2-A15S-01A-11R-A115-07,0.423825939609548,1
TCGA-A1-A0SJ-01A-11R-A084-07,0.7375705140847516,0
TCGA-A2-A04N-01A-11R-A115-07,0.9579085576794958,1
TCGA-B6-A401-01A-11R-A239-07,0.8081758501866919,0
TCGA-D8-A1JU-01A-11R-A13Q-07,0.8187727634162132,1
TCGA-B6-A40B-01A-11R-A239-07,0.7914403216561042,1
TCGA-LD-A9QF-01A-32R-A41B-07,0.5654693451963879,0
TCGA-AO-A03T-01A-21R-A034-07,0.3568678031000241,0
TCGA-E9-A3Q9-01A-11R-A21T-07,0.7412377159238619,0
TCGA-D8-A1JP-01A-11R-A13Q-07,0.8601220564229868,1
TCGA-BH-A18I-01A-11R-A12D-07,0.9280891244498507,1
TCGA-BH-A28Q-01A-11R-A16F-07,0.9184675898582351,1
TCGA-EW-A1OW-01A-21R-A144-07,0.8072132385261539,1
TCGA-BH-A18R-01A-11R-A12D-07,0.4551392618967049,1
TCGA-AO-A0J8-01A-21R-A034-07,0.9276624362453633,0
TCGA-AC-A3BB-01A-21R-A19W-07,0.9054091070167447,0
TCGA-E9-A247-01A-11R-A169-07,0.6751334498853511,1
TCGA-D8-A73U-01A-11R-A33J-07,0.7399500392982731,0
TCGA-BH-A18V-01A-11R-A12D-07,0.5268273760875322,1
TCGA-BH-A0C1-01B-11R-A12D-07,0.8645742740849692,0
TCGA-AC-A3W6-01A-12R-A22K-07,0.8628440202299902,1
TCGA-BH-A1FR-01A-11R-A13Q-07,0.8476738924590631,1
TCGA-A2-A1G0-01A-11R-A13Q-07,0.8608521215853382,0
TCGA-BH-A0DQ-01A-11R-A084-07,0.9390441990047689,1
TCGA-A2-A0ER-01A-21R-A034-07,0.7177909832074527,1
TCGA-D8-A27P-01A-11R-A16F-07,0.9126195231196479,1
TCGA-B6-A1KN-01A-11R-A13Q-07,0.6475059246955592,1
TCGA-E9-A228-01A-31R-A157-07,0.5167981916303529,1
TCGA-BH-A0B2-01A-11R-A10J-07,0.9249488272689932,1
TCGA-B6-A0X4-01A-11R-A109-07,0.6208109278172039,0
TCGA-BH-A1EY-01A-11R-A13Q-07,0.7918531549249798,1
TCGA-BH-A0HX-01A-21R-A056-07,0.8503719734985792,1
TCGA-A8-A094-01A-11R-A00Z-07,0.5237013843066163,1
TCGA-AO-A1KR-01A-12R-A144-07,0.3350261057735757,0
TCGA-A2-A0CV-01A-31R-A115-07,0.8251079644091421,1
TCGA-A8-A076-01A-21R-A00Z-07,0.7931260732421758,1
TCGA-E9-A1RE-01A-11R-A157-07,0.5286791436971148,1
TCGA-S3-A6ZG-01A-22R-A32P-07,0.8284318146617419,1
TCGA-A8-A06Z-01A-11R-A00Z-07,0.48118160176007685,1
TCGA-BH-A8FZ-01A-11R-A352-07,0.49394858229567873,1
TCGA-LL-A440-01A-11R-A24H-07,0.7752538124088411,1
TCGA-E9-A249-01A-11R-A169-07,0.6222067453865991,1
TCGA-PL-A8LX-01A-11R-A41B-07,0.5114494592133273,1
TCGA-E2-A1L8-01A-11R-A13Q-07,0.7936642512944316,1
TCGA-EW-A6SD-01A-12R-A33J-07,0.5481869026680505,1
TCGA-AO-A0JL-01A-11R-A056-07,0.4287415161208894,1
TCGA-MS-A51U-01A-31R-A266-07,0.9172196971554504,1
TCGA-BH-A0E7-01A-11R-A034-07,0.7651326578601629,1
TCGA-E9-A22G-01A-11R-A157-07,0.42894536781374587,1
TCGA-A8-A08R-01A-11R-A034-07,0.6410094853810804,1
TCGA-A2-A4S1-01A-21R-A266-07,0.21093709599518454,1
TCGA-E2-A1II-01A-11R-A144-07,0.4962708822035349,1
TCGA-A7-A3J0-01A-11R-A213-07,0.7363597038465306,0
TCGA-BH-A0B8-01A-21R-A056-07,0.7536427043159479,0
TCGA-AR-A24L-01A-11R-A169-07,0.7814286044476533,1
TCGA-EW-A1J3-01A-11R-A13Q-07,0.6706789738367867,1
TCGA-AR-A5QM-01A-11R-A27Q-07,0.8982435796580596,1
TCGA-AO-A1KS-01A-11R-A13Q-07,0.3712970950674509,1
TCGA-D8-A1JI-01A-11R-A13Q-07,0.36639654535045046,1
TCGA-A8-A09N-01A-11R-A00Z-07,0.6680458850081735,1
TCGA-BH-A203-01A-12R-A169-07,0.517782942563291,1
TCGA-AR-A2LQ-01A-22R-A18M-07,0.5722067021063126,1
TCGA-AR-A251-01A-12R-A169-07,0.44925500626100884,1
TCGA-BH-A18J-01A-11R-A12D-07,0.855847403073173,1
TCGA-D8-A1XM-01A-21R-A14M-07,0.9155124525450284,1
TCGA-BH-A0HA-01A-11R-A12P-07,0.8710921192003084,1
TCGA-AR-A0U2-01A-11R-A109-07,0.37871256668277115,1
TCGA-E2-A1B1-01A-21R-A12P-07,0.695369858935905,1
TCGA-AC-A62X-01A-11R-A29R-07,0.3857376611401461,0
TCGA-A7-A5ZW-01A-12R-A29R-07,0.9455137445005369,1
TCGA-BH-A28O-01A-11R-A22K-07,0.4531957824894619,1
TCGA-D8-A1XQ-01A-11R-A14M-07,0.647276078187682,0
TCGA-E9-A248-01A-11R-A169-07,0.36581163804078515,1
TCGA-A8-A07E-01A-11R-A034-07,0.8539863814353981,1
TCGA-AC-A23E-01A-11R-A157-07,0.8643062411244736,1
TCGA-E9-A1N4-01A-11R-A14M-07,0.7687180271157816,1
TCGA-E2-A15H-01A-11R-A12D-07,0.7987705115495403,0
TCGA-E2-A1IJ-01A-11R-A144-07,0.9426654697447915,1
TCGA-D8-A1XR-01A-11R-A14M-07,0.629030623651326,1
TCGA-A8-A075-01A-11R-A084-07,0.7673879294591885,1
TCGA-A8-A06U-01A-11R-A00Z-07,0.6942676776938653,0
TCGA-B6-A0X7-01A-11R-A10J-07,0.9231167667014214,1
TCGA-AQ-A04J-01A-02R-A034-07,0.827996211028167,1
TCGA-A2-A0CQ-01A-21R-A034-07,0.725653669685884,1
TCGA-A8-A07F-01A-11R-A00Z-07,0.8202331138443681,1
TCGA-A8-A082-01A-11R-A00Z-07,0.6209167961426426,1
TCGA-AN-A0XT-01A-11R-A109-07,0.7158295956297667,1
TCGA-AR-A24X-01A-11R-A169-07,0.8626320395883122,0
TCGA-A2-A04Y-01A-21R-A034-07,0.6624347517277324,1
TCGA-A2-A1G4-01A-11R-A13Q-07,0.5527017246476242,1
TCGA-B6-A0IE-01A-11R-A034-07,0.5443854864855733,1
TCGA-A8-A079-01A-21R-A00Z-07,0.5194549406207483,1
TCGA-E2-A15E-01A-11R-A12D-07,0.9330319319602841,1
TCGA-E9-A1R3-01A-31R-A14M-07,0.7101065002895641,1
TCGA-AR-A0TT-01A-31R-A084-07,0.5962912869257897,0
TCGA-S3-AA0Z-01A-11R-A41B-07,0.46069654406508553,1
TCGA-BH-A0E1-01A-11R-A056-07,0.8633895990312335,1
TCGA-AC-A23G-01A-11R-A213-07,0.8511753001279468,1
TCGA-GM-A3XG-01A-31R-A24H-07,0.6899993798540195,1
TCGA-AR-A1AM-01A-41R-A22K-07,0.9224533540210293,0
TCGA-E9-A1N5-01A-11R-A14D-07,0.9169981257632718,1
TCGA-A2-A3XX-01A-21R-A239-07,0.6199015470347468,1
TCGA-BH-A0BQ-01A-21R-A115-07,0.9246188684082387,1
TCGA-EW-A1P7-01A-21R-A144-07,0.48191775985575697,1
TCGA-BH-A5IZ-01A-11R-A27Q-07,0.5570521362607014,1
TCGA-D8-A1X7-01A-11R-A14M-07,0.5400547626063755,0
TCGA-BH-A0DP-01A-21R-A056-07,0.9415604202729344,1
TCGA-AC-A7VB-01A-11R-A352-07,0.38864100130390505,0
TCGA-A2-A0ST-01A-12R-A084-07,0.7565668895381469,1
TCGA-A2-A0ES-01A-11R-A115-07,0.831844718204258,1
TCGA-BH-A0DT-01A-21R-A12D-07,0.9524581108969862,1
TCGA-AN-A0AR-01A-11R-A00Z-07,0.4116558758628121,1
TCGA-A2-A0YJ-01A-11R-A109-07,0.39521028038652267,0
TCGA-D8-A4Z1-01A-21R-A266-07,0.8719534306217037,0
TCGA-AO-A0JC-01A-11R-A056-07,0.4792991451143949,1
TCGA-A2-A04Q-01A-21R-A034-07,0.7635358518563509,0
TCGA-GM-A2DF-01A-11R-A180-07,0.6649284381953954,1
TCGA-GM-A2DI-01A-31R-A18M-07,0.8675290880929705,1
TCGA-LL-A5YO-01A-21R-A28M-07,0.4229296501983732,0
TCGA-EW-A3E8-01B-11R-A24H-07,0.8854333741279441,0
TCGA-BH-A0E9-01B-11R-A115-07,0.8897492988527581,1
TCGA-AR-A1AH-01A-11R-A12D-07,0.4037519087898737,1
TCGA-E2-A10A-01A-21R-A115-07,0.845233581682529,1
TCGA-C8-A1HF-01A-11R-A137-07,0.521463423581846,1
TCGA-A7-A13H-01A-11R-A22K-07,0.8931523992511085,1
TCGA-A7-A13F-01A-11R-A12P-07,0.5250632114720508,1
TCGA-D8-A1XV-01A-11R-A14M-07,0.6627851976388489,0
TCGA-E2-A574-01A-11R-A29R-07,0.28145118344007647,1
TCGA-GM-A5PV-01A-11R-A28M-07,0.8240066777345472,1
TCGA-EW-A1PB-01A-11R-A144-07,0.45700872279038,0
TCGA-E2-A1IO-01A-11R-A144-07,0.868505522809742,1
TCGA-B6-A0RH-01A-21R-A115-07,0.5464537620990744,1
TCGA-BH-A0B7-01A-12R-A115-07,0.6497982398735984,1
TCGA-C8-A137-01A-11R-A115-07,0.4407185691343083,0
TCGA-LL-A8F5-01A-11R-A36F-07,0.4738402787773248,1
TCGA-AQ-A0Y5-01A-11R-A14M-07,0.7029832565371036,1
TCGA-D8-A13Z-01A-11R-A115-07,0.4013762488047422,0
TCGA-A2-A4RX-01A-11R-A266-07,0.6842881779335295,1
TCGA-AR-A24U-01A-11R-A169-07,0.5532817580361702,1
TCGA-E2-A105-01A-11R-A10J-07,0.6096994438435845,1
TCGA-C8-A1HN-01A-11R-A137-07,0.6173144645553589,1
TCGA-BH-A18S-01A-11R-A12D-07,0.7267038393613465,1
TCGA-E2-A14Q-01A-11R-A12D-07,0.90966036535503,1
TCGA-A7-A0DA-01A-31R-A115-07,0.7144619582246889,1
TCGA-EW-A1P4-01A-21R-A144-07,0.5286813240830335,1
TCGA-A8-A081-01A-11R-A00Z-07,0.5313018776890489,1
TCGA-BH-A0E0-01A-11R-A056-07,0.44563537716344015,1
TCGA-OL-A66N-01A-12R-A31O-07,0.5745210224195128,0
TCGA-E2-A2P6-01A-11R-A19W-07,0.7026919787563707,0
TCGA-BH-A0DK-01A-21R-A056-07,0.8698952500891661,1
TCGA-E9-A5UO-01A-11R-A28M-07,0.3031272505708638,1
TCGA-D8-A1JC-01A-11R-A13Q-07,0.7784567026714478,1
TCGA-C8-A134-01A-11R-A115-07,0.6603272019772296,1
TCGA-A2-A3XT-01A-11R-A22U-07,0.5556642885505348,1
TCGA-AR-A256-01A-11R-A169-07,0.4997412952249294,1
TCGA-D8-A1JL-01A-11R-A13Q-07,0.6875482270221507,1
TCGA-E9-A24A-01A-11R-A169-07,0.8427716449520836,1
TCGA-A2-A3XZ-01A-42R-A239-07,0.5393929206166762,1
TCGA-BH-A0BF-01A-21R-A12P-07,0.7418564680493153,1
TCGA-D8-A27F-01A-11R-A16F-07,0.5307637093468636,1
TCGA-A2-A0CY-01A-12R-A034-07,0.25715713576963134,1
TCGA-D8-A27E-01A-11R-A16F-07,0.7564673275070768,0
TCGA-A2-A0EP-01A-52R-A22U-07,0.7033004764417937,1
TCGA-GI-A2C8-01A-11R-A16F-07,0.7059428449226811,1
TCGA-A8-A099-01A-11R-A00Z-07,0.7014017199208209,0
TCGA-A2-A04U-01A-11R-A115-07,0.3214527013343362,1
TCGA-BH-A0HP-01A-12R-A084-07,0.9277360700834655,1
TCGA-EW-A2FV-01A-11R-A17B-07,0.7781054800027059,1
TCGA-A2-A0CR-01A-11R-A22K-07,0.5181706979901327,1
TCGA-BH-A0DS-01A-11R-A056-07,0.8870681230571877,1
TCGA-D8-A1XC-01A-11R-A14D-07,0.6515674152823564,1
TCGA-E2-A14O-01A-31R-A115-07,0.4109925013680102,1
TCGA-A1-A0SF-01A-11R-A144-07,0.9105281973033056,1
TCGA-A8-A06X-01A-21R-A00Z-07,0.5935544329641973,1
TCGA-BH-A0HI-01A-11R-A084-07,0.9365396647527684,1
TCGA-E2-A14U-01A-11R-A22K-07,0.7421762142520064,1
TCGA-E2-A15A-01A-11R-A12D-07,0.8494097334235573,0
TCGA-A2-A1G6-01A-11R-A13Q-07,0.34766286633902754,1
TCGA-B6-A1KC-01B-11R-A157-07,0.32064338238587287,1
TCGA-OL-A5RZ-01A-11R-A28M-07,0.21579208134091982,1
TCGA-A8-A07I-01A-11R-A00Z-07,0.5541507023475075,0
TCGA-A2-A0T0-01A-22R-A084-07,0.6733143937427699,1
TCGA-BH-A42V-01A-11R-A24H-07,0.8858623425477354,1
TCGA-GM-A3XN-01A-12R-A22U-07,0.882340990114837,1
TCGA-D8-A3Z6-01A-11R-A239-07,0.8947729486195423,1
TCGA-B6-A0IQ-01A-11R-A034-07,0.47160381470235563,1
TCGA-A8-A095-01A-11R-A00Z-07,0.8282008156295574,1
TCGA-AO-A125-01A-11R-A10J-07,0.5657424563003214,1
TCGA-EW-A6SA-01A-21R-A32P-07,0.3246260526734395,0
TCGA-BH-A0DD-01A-31R-A12P-07,0.6691792563469964,1
TCGA-AO-A0J3-01A-11R-A034-07,0.34257027208572793,0
TCGA-A2-A3XS-01A-11R-A22U-07,0.7555389090162614,0
TCGA-AC-A8OR-01A-21R-A41B-07,0.7371185246219676,1
TCGA-BH-A0HK-01A-11R-A056-07,0.7816203206289483,1
TCGA-E2-A1IG-01A-11R-A144-07,0.8669761292937694,1
TCGA-AO-A12B-01A-11R-A10J-07,0.6007640974234428,1
TCGA-EW-A1J5-01A-11R-A13Q-07,0.8583336211077993,1
TCGA-C8-A12Q-01A-11R-A115-07,0.6480405009481054,1
TCGA-A2-A0EQ-01A-11R-A034-07,0.5086455165439687,0
TCGA-GM-A3XL-01A-11R-A22U-07,0.474644679539741,1
TCGA-BH-A1EU-01A-11R-A137-07,0.7027879925349622,1
TCGA-BH-A0RX-01A-21R-A084-07,0.7200961627544029,1
TCGA-E9-A1RF-01A-11R-A157-07,0.8381807841465183,1
TCGA-AC-A2QI-01A-12R-A19W-07,0.9127652525971562,1
TCGA-A8-A090-01A-11R-A00Z-07,0.8357910578051705,0
TCGA-AR-A5QQ-01A-11R-A28M-07,0.3773651218544935,1
TCGA-XX-A899-01A-11R-A36F-07,0.901817097513501,1
TCGA-E2-A156-01A-11R-A12D-07,0.7712048345035182,1
TCGA-AN-A04C-01A-21R-A034-07,0.3380129905016525,0
TCGA-AN-A0AT-01A-11R-A034-07,0.6020867154757508,1
TCGA-UL-AAZ6-01A-11R-A41B-07,0.532835149390764,1
TCGA-D8-A1X9-01A-12R-A157-07,0.7917307292973171,1
TCGA-E9-A22E-01A-11R-A157-07,0.5278566208871679,1
TCGA-BH-A1FB-01A-11R-A13Q-07,0.8635852534986327,1
TCGA-C8-A8HR-01A-11R-A36F-07,0.7777548369045534,1
TCGA-EW-A2FR-01A-11R-A21T-07,0.6379033154366808,1
TCGA-AN-A0AJ-01A-11R-A00Z-07,0.617048086130305,1
TCGA-LD-A7W6-01A-81R-A352-07,0.9257696635241622,1
TCGA-BH-A0B6-01A-11R-A19W-07,0.7863811886885984,1
TCGA-AR-A252-01A-11R-A169-07,0.6740339593935034,1
TCGA-AR-A254-01A-21R-A169-07,0.5692869225048977,1
TCGA-AO-A03P-01A-11R-A00Z-07,0.5254205845808224,1
TCGA-A8-A07O-01A-11R-A00Z-07,0.47944972590343843,0
TCGA-EW-A1PE-01A-11R-A144-07,0.8952245197480958,0
TCGA-AR-A2LL-01A-11R-A180-07,0.6980040601056223,1
TCGA-A7-A26H-01A-11R-A169-07,0.8674879395991348,1
TCGA-C8-A26Z-01A-11R-A16F-07,0.7401370123059542,1
TCGA-AO-A0J9-01A-11R-A034-07,0.7971983081889124,1
TCGA-EW-A1PF-01A-11R-A144-07,0.9052976087965781,1
TCGA-A2-A25F-01A-11R-A169-07,0.5555677211337665,1
TCGA-D8-A73W-01A-22R-A352-07,0.8446796971524738,1
TCGA-AR-A2LJ-01A-12R-A19W-07,0.6754811490671591,0
TCGA-A8-A07C-01A-11R-A034-07,0.34148270651778184,1
TCGA-E9-A245-01A-22R-A16F-07,0.7420005701720209,0
TCGA-B6-A408-01A-12R-A24H-07,0.8192526074878063,0
TCGA-AR-A255-01A-11R-A169-07,0.8914355367889025,0
TCGA-E2-A1L6-01A-11R-A13Q-07,0.9418095382257238,0
TCGA-E9-A295-01A-11R-A16F-07,0.8893650010422894,1
TCGA-BH-A1FE-01A-11R-A13Q-07,0.7597776672168887,0
TCGA-BH-A1FM-01A-11R-A13Q-07,0.28127100200517247,0
TCGA-OL-A5RU-01A-11R-A28M-07,0.8682536696004679,1
TCGA-C8-A1HO-01A-11R-A13Q-07,0.6104118307737737,0
TCGA-GM-A2DO-01A-11R-A18M-07,0.4304047006471663,0
TCGA-AN-A0FZ-01A-11R-A034-07,0.6865212188767269,1
TCGA-D8-A1JN-01A-11R-A13Q-07,0.5656919177124303,1
TCGA-OL-A6VO-01A-12R-A33J-07,0.5418408726871264,0
TCGA-AN-A0FV-01A-11R-A00Z-07,0.44333359307232567,1
TCGA-D8-A1J9-01A-11R-A13Q-07,0.5972124961108066,1
TCGA-B6-A0IB-01A-11R-A034-07,0.5347608146660969,1
TCGA-A8-A06R-01A-11R-A00Z-07,0.6345843838814348,0
TCGA-AR-A24H-01A-11R-A169-07,0.535477879732905,1
TCGA-E2-A109-01A-11R-A10J-07,0.637599176511431,1
TCGA-AR-A5QN-01A-12R-A28M-07,0.9025451174584574,1
TCGA-A2-A0EX-01A-21R-A034-07,0.9071354958210283,1
TCGA-C8-A12N-01A-11R-A115-07,0.9370203767432125,1
TCGA-A2-A259-01A-11R-A16F-07,0.8451926560018593,1
TCGA-AO-A12A-01A-21R-A115-07,0.9489449639305372,0
TCGA-A7-A3RF-01A-11R-A22K-07,0.45340248899950336,1
TCGA-AN-A0FS-01A-11R-A034-07,0.9322197742899749,1
TCGA-C8-A26W-01A-11R-A16F-07,0.7667614867542212,1
TCGA-E9-A1RC-01A-11R-A157-07,0.702436415365501,1
TCGA-E2-A1B0-01A-11R-A12P-07,0.4712625643342463,1
TCGA-AO-A126-01A-11R-A10J-07,0.8172941576010792,1
TCGA-AC-A4ZE-01A-11R-A41B-07,0.7458477376902027,0
TCGA-E9-A229-01A-31R-A157-07,0.9093463126607629,1
TCGA-EW-A1P1-01A-31R-A14D-07,0.5584145700009305,0
TCGA-BH-AB28-01A-31R-A41B-07,0.8749201172527706,1
TCGA-A8-A08P-01A-11R-A00Z-07,0.8242308189678637,0
TCGA-EW-A1IX-01A-12R-A144-07,0.8901087735802143,0
TCGA-LL-A73Z-01A-11R-A32P-07,0.729732196014234,0
TCGA-E9-A1R7-01A-11R-A14M-07,0.3446710613564144,1
TCGA-BH-A1F2-01A-31R-A13Q-07,0.387888215527458,0
TCGA-A8-A0A6-01A-12R-A056-07,0.9139799481100299,1
TCGA-A1-A0SE-01A-11R-A084-07,0.947600106866214,1
TCGA-E9-A1NG-01A-21R-A14M-07,0.840673717927619,1
TCGA-B6-A1KF-01A-11R-A13Q-07,0.397230452665378,1
TCGA-BH-A0EE-01A-11R-A034-07,0.1897767510894257,1
TCGA-BH-A0BD-01A-11R-A034-07,0.7256975160434351,1
TCGA-OL-A5RY-01A-21R-A28M-07,0.5336604686912241,1
TCGA-E9-A1RD-01A-11R-A157-07,0.8867458357147169,1
TCGA-AR-A24K-01A-11R-A169-07,0.5306539446383682,1
TCGA-BH-A0BP-01A-11R-A115-07,0.8633749359714116,1
TCGA-C8-A130-01A-31R-A115-07,0.7236399639854381,1
TCGA-B6-A0RG-01A-11R-A056-07,0.7585035941445396,1
TCGA-E9-A1NA-01A-11R-A144-07,0.5980861781539654,1
TCGA-A8-A0A2-01A-11R-A034-07,0.8627364922994786,0
TCGA-E2-A14V-01A-11R-A12D-07,0.5498555186829487,0
TCGA-E2-A1LL-01A-11R-A144-07,0.337196673001009,1
TCGA-AR-A24M-01A-11R-A169-07,0.7796869054273466,1
TCGA-A8-A0AB-01A-11R-A034-07,0.7023138453905801,1
TCGA-C8-A1HL-01A-11R-A137-07,0.6580567891360881,1
TCGA-OL-A66P-01A-11R-A31O-07,0.20671635878954414,0
TCGA-OL-A66K-01A-11R-A29R-07,0.83893119337531,1
TCGA-BH-A0HF-01A-11R-A056-07,0.9223478803146293,1
TCGA-AN-A03X-01A-21R-A00Z-07,0.8132985467398054,1
TCGA-A2-A1FV-01A-11R-A13Q-07,0.5018211557400657,1
TCGA-E9-A3HO-01A-11R-A213-07,0.48354347818918797,1
TCGA-A2-A0YE-01A-11R-A109-07,0.4985251280395725,1
TCGA-A1-A0SP-01A-11R-A084-07,0.673949914818003,1
TCGA-AO-A0J7-01A-11R-A034-07,0.6044155943342686,1
TCGA-C8-A3M7-01A-12R-A21T-07,0.8370082657200079,1
TCGA-A2-A0YG-01A-21R-A109-07,0.5681884350233973,1
TCGA-E2-A14Y-01A-21R-A12D-07,0.38708527504956325,1
TCGA-EW-A424-01A-11R-A24H-07,0.8353437455884765,1
TCGA-D8-A141-01A-11R-A115-07,0.9055796164392578,1
TCGA-C8-A1HJ-01A-11R-A13Q-07,0.33876987447286816,1
TCGA-C8-A12O-01A-11R-A115-07,0.8255582853404391,0
TCGA-LL-A442-01A-11R-A24H-07,0.6266776214060408,1
TCGA-C8-A12Z-01A-11R-A115-07,0.44720525996695315,1
TCGA-EW-A1OX-01A-11R-A144-07,0.35933185750182195,0
TCGA-E9-A1RG-01A-11R-A14D-07,0.41686308675751854,1
TCGA-AQ-A1H2-01A-11R-A13Q-07,0.6424109189124128,0
TCGA-AR-A24Q-01A-12R-A169-07,0.6959954760990686,1
TCGA-A8-A09K-01A-11R-A00Z-07,0.5601022330910905,1
TCGA-BH-A0W7-01A-11R-A115-07,0.9248299188646345,1
TCGA-BH-A0H0-01A-11R-A056-07,0.3990983106258156,0
TCGA-AO-A0JD-01A-11R-A056-07,0.5004516569922725,1
TCGA-A2-A4RW-01A-21R-A266-07,0.8548361584849336,1
TCGA-C8-A12U-01A-11R-A115-07,0.4185691520065435,1
TCGA-C8-A12V-01A-11R-A115-07,0.7178037288504588,1
TCGA-E9-A1NC-01A-21R-A26B-07,0.6805195290453355,1
TCGA-AO-A12G-01A-11R-A10J-07,0.8447115441674171,0
TCGA-S3-AA11-01A-31R-A41B-07,0.87208631496623,1
TCGA-BH-A0HQ-01A-11R-A034-07,0.9530479932768684,1
TCGA-AO-A03L-01A-41R-A056-07,0.8028372011027174,1
TCGA-C8-A1HM-01A-12R-A137-07,0.5264997551747266,1
TCGA-D8-A146-01A-31R-A115-07,0.9459515986099974,0
TCGA-A2-A0EV-01A-11R-A034-07,0.9130531315021071,1
TCGA-E2-A154-01A-11R-A115-07,0.8822757515172266,1
TCGA-E2-A1LE-01A-12R-A19W-07,0.5451762864629549,1
TCGA-E9-A1R5-01A-11R-A14M-07,0.79794415445676,1
TCGA-AC-A3EH-01A-22R-A22K-07,0.7845264604543712,1
TCGA-C8-A12Y-01A-11R-A12D-07,0.7518925465137957,1
TCGA-BH-A0E2-01A-11R-A056-07,0.803667975902305,0
TCGA-D8-A1XG-01A-11R-A14D-07,0.7728002635365002,1
TCGA-OL-A5DA-01A-11R-A27Q-07,0.8196929212086782,1
TCGA-AC-A3HN-01A-11R-A213-07,0.9589391719273369,1
TCGA-B6-A0RP-01A-21R-A084-07,0.9144542921268,1
TCGA-3C-AALI-01A-11R-A41B-07,0.4093569485569973,1
TCGA-D8-A1Y2-01A-11R-A157-07,0.6963976864959467,0
TCGA-S3-AA15-01A-11R-A41B-07,0.7188091149599019,1
TCGA-BH-A0W5-01A-11R-A109-07,0.9322962337521312,1
TCGA-A8-A097-01A-11R-A034-07,0.7616377794567717,1
TCGA-AO-A12D-01A-11R-A115-07,0.6174287107501315,1
TCGA-AN-A04A-01A-21R-A034-07,0.8241318433079934,1
TCGA-E2-A1B4-01A-11R-A12P-07,0.7220491320632896,1
TCGA-A8-A09R-01A-11R-A00Z-07,0.68860618632468,1
TCGA-XX-A89A-01A-11R-A36F-07,0.8621083115461455,1
TCGA-AR-A24O-01A-11R-A169-07,0.8496604944263163,1
TCGA-E2-A1LG-01A-21R-A14M-07,0.3212213852920105,1
TCGA-AC-A8OS-01A-12R-A41B-07,0.8565596484236767,1
TCGA-HN-A2NL-01A-11R-A18M-07,0.3620073629188292,0
TCGA-E9-A1N6-01A-11R-A144-07,0.720383960004256,0
TCGA-E2-A10C-01A-21R-A10J-07,0.5326924345450442,1
TCGA-BH-A0AU-01A-11R-A12P-07,0.7630579960003664,0
TCGA-A2-A0EW-01A-21R-A115-07,0.8854000074459352,1
TCGA-A8-A07B-01A-11R-A00Z-07,0.5966095140396691,1
TCGA-E2-A15K-01A-11R-A12P-07,0.7586515876480973,1
TCGA-EW-A6S9-01A-22R-A33J-07,0.7930499326433287,0
TCGA-AC-A3W5-01A-11R-A22K-07,0.6780672504817176,1
TCGA-BH-A0AV-01A-31R-A115-07,0.6288552776744273,1
TCGA-A2-A0T7-01A-21R-A084-07,0.8910129281941571,0
TCGA-AO-A03V-01A-11R-A115-07,0.7251886289571335,1
TCGA-BH-A0DZ-01A-11R-A00Z-07,0.6239681363991805,1
TCGA-AN-A041-01A-11R-A034-07,0.7922215607209533,0
TCGA-B6-A0I5-01A-11R-A034-07,0.700228172345427,1
TCGA-BH-A0BM-01A-11R-A056-07,0.7988692201856608,1
TCGA-BH-A0GZ-01A-11R-A056-07,0.8789755589226603,1
TCGA-LL-A5YN-01A-11R-A28M-07,0.5649721189271487,1
TCGA-B6-A0RM-01A-11R-A084-07,0.6842518793299133,0
TCGA-A2-A4S3-01A-21R-A266-07,0.5946730980518089,1
TCGA-BH-A201-01A-11R-A14M-07,0.8572702692314383,1
TCGA-A2-A0SV-01A-11R-A084-07,0.6576050263611829,0
TCGA-A8-A07L-01A-11R-A00Z-07,0.6399596304235885,1
TCGA-AR-A2LN-01A-21R-A18M-07,0.7510796870003585,0
TCGA-C8-A278-01A-11R-A169-07,0.5902746301745965,1
TCGA-A2-A0CM-01A-31R-A034-07,0.7330286175013322,1
TCGA-C8-A1HE-01A-11R-A13Q-07,0.881253201557343,1
TCGA-LL-A7T0-01A-31R-A352-07,0.5919205063123784,0
TCGA-B6-A0WT-01A-11R-A109-07,0.8886489700062163,1
TCGA-OL-A5D6-01A-21R-A27Q-07,0.4593365459325509,1
TCGA-E2-A14S-01A-11R-A12D-07,0.6183260681663106,0
TCGA-AQ-A1H3-01A-31R-A13Q-07,0.917969815100101,1
TCGA-BH-A1F8-01A-11R-A13Q-07,0.3916385492349107,1
TCGA-A8-A0AD-01A-11R-A056-07,0.8348340605544671,1
TCGA-GM-A2DA-01A-11R-A18M-07,0.7910797896905567,1
TCGA-A2-A0T5-01A-21R-A084-07,0.8958311458050496,1
TCGA-A8-A09M-01A-11R-A00Z-07,0.7106402104526198,1
TCGA-B6-A0X1-01A-11R-A109-07,0.46337441589700756,0
TCGA-AN-A0XU-01A-11R-A109-07,0.6509997923183246,1
TCGA-BH-A1EV-01A-11R-A137-07,0.5139911592380236,1
TCGA-EW-A1OZ-01A-11R-A144-07,0.5197056271451939,1
TCGA-C8-A12X-01A-11R-A115-07,0.6533299284359693,1
TCGA-JL-A3YX-01A-11R-A22U-07,0.7742586591433565,1
TCGA-OL-A5D7-01A-11R-A27Q-07,0.3181280396144595,1
TCGA-E2-A1IK-01A-11R-A144-07,0.8120651287059263,0
TCGA-A2-A0CW-01A-21R-A115-07,0.49808932025231106,0
TCGA-A2-A0ET-01A-31R-A034-07,0.5574695207626659,1
TCGA-B6-A400-01A-11R-A239-07,0.707565359438332,1
